0.0449671980767941 0.0909359321719276 0.113102327126205 0.107682251401532 0.0787215098500357 0.0660388414658801 0.0664233299215109 0.0765916325157467 0.0793012006209313 0.0856967004438689 0.0884784618734509 0.0826642538693818 0.0909992966933806 0.100724312377617 0.0788074555108701
0.0711343458953886 0.108535560665608 0.146891813226133 0.12348411966002 0.0455472517279315 0.0353384748283949 0.0380040669594562 0.0386647486523728 0.0395626185842031 0.0324144955059115 0.0245985424345764 0.0193250418644535 0.0172150826428627 0.0118657732117904 0.0107283351020849
0.0257801428365035 0.0389877806242772 0.0721709652664713 0.0635649724100996 0.0190721379174615 0.0149201548069513 0.0143906161508305 0.0154885472242634 0.0163547047322671 0.0137999348111329 0.0102635187159649 0.00749077617011225 0.00696791646002038 0.0047477172161955 0.0044597479216915
0.0409321296181184 0.0630488201610889 0.116407879234155 0.0975185071169117 0.0322206172711941 0.0231270678279582 0.0233458799609965 0.0237807022390162 0.0258564400577515 0.0221631005106991 0.0167349907664605 0.0122233302128739 0.0109365874170706 0.00748443115649138 0.007221983718295
0.0531605512176016 0.0893638565341796 0.131364443535035 0.102273590957504 0.0339250297692318 0.0258715445449231 0.0285195173036645 0.0292218701416503 0.0304049484170209 0.0249425776458461 0.0180866577613836 0.0135981678637116 0.0130357186486314 0.00879781761477012 0.00815365575304725
0.0348966062007036 0.0495915068868641 0.0733508860092188 0.0623173927395705 0.0225091563981328 0.0171549117782272 0.0180701828518805 0.0187149476889125 0.0193978657728324 0.0159932084157698 0.0126112453325971 0.009418832792296 0.0087688044517335 0.006146502652132 0.0056584979507605
0.0464994773648535 0.0691891584520105 0.0981431178974158 0.0739793729377341 0.0263988518586879 0.0209753945531484 0.0226583613495502 0.0243906103398048 0.0261840962058697 0.0194019591992177 0.0154477288221137 0.0116315443612331 0.0107486168864017 0.0074822444469295 0.00673137159884875
0.0665277751884843 0.0994956957513759 0.11511033564113 0.116838898322181 0.0384607436616176 0.0301398455440745 0.0331712980624609 0.0334885506860481 0.0348843173670133 0.0269301499125724 0.0212883237427899 0.0163482172521839 0.0153021838559539 0.0102143341948961 0.0094612087097545
0.0672766821997946 0.104769017740887 0.122743595393353 0.117427091075138 0.040663258382252 0.0318191503995668 0.0350535301864372 0.0344951642568457 0.0350073099693291 0.0286983820723338 0.0216038956870608 0.0171152368201311 0.0159588637947794 0.0106893529158017 0.00945340613253087
0.0405647334561431 0.0609427229296452 0.0995578961979184 0.0774978613963583 0.0244101423089589 0.0197434734200414 0.0203058050521651 0.0217965824737775 0.0216230349257286 0.0186782486577099 0.0135352181625041 0.0104057139668834 0.0094343041550775 0.00646261169257488 0.00602636247537887
0.0272707374414577 0.0376732669384929 0.0650955423229021 0.0671522443402415 0.021942103264963 0.0156717994778779 0.0156154629946136 0.0158077645780566 0.01725891188032 0.0145637272932336 0.0108210232238368 0.008312211835397 0.00733416608480075 0.00505951559904013 0.004950067188664
0.0718667705761988 0.106324683629538 0.146565949200957 0.132076053319102 0.0426408940495202 0.0332195080488286 0.0364173917371074 0.0373994814465401 0.037884815931569 0.0309402626038966 0.0238602351826342 0.018936990121231 0.0166094600158871 0.0118035523750814 0.0106186365829231
0.0422748262053557 0.0625269412085788 0.0941020220167741 0.0974133967303965 0.0324283473666165 0.0231568324415207 0.0240413089643526 0.0236910650473956 0.0252727946845686 0.0215891267361674 0.0159626644290173 0.0124578406117741 0.0109057473482447 0.00767576161577488 0.00709472393785463
0.0624193315062421 0.0874778595123504 0.121652217319772 0.11124958184069 0.0379192793706479 0.0298814703742014 0.0321815864155717 0.0334176665991496 0.0329436253478003 0.0275742371656034 0.0212148768663937 0.0162319931113566 0.0148875874323119 0.0101905534526615 0.00933034618546625
0.059989414056772 0.0907785322544521 0.11775532266937 0.1069966278712 0.0359442355795251 0.0286806119284416 0.0303242168924198 0.0308562613731446 0.0310968987290499 0.0252402916084225 0.0200406528955106 0.0148896690093632 0.0140761234793139 0.009589866985391 0.00874392667231037
0.0599902237422211 0.0818333024558645 0.10202183130395 0.0955396372030959 0.0307072968438141 0.0253464079468236 0.0292909682090724 0.0292965806330843 0.0278651132193349 0.0223447176839475 0.0177212083801961 0.0137795661774602 0.0129547493360624 0.00897590999729925 0.00786078144604787
0.04032436039454 0.0547015626102582 0.0620101484161614 0.0763812371766779 0.0230049034174054 0.0187163027671026 0.0197781209587956 0.0201524810999913 0.0199499532284576 0.0164055867571724 0.0129486267141111 0.00994345089093713 0.00923125743797512 0.0063206931421395 0.005584569515933
0.0667887358968308 0.0873245632935074 0.118952853624104 0.11049371992543 0.036164451383368 0.0289348643573876 0.0311081293524266 0.0317532876682562 0.0318767273620668 0.0259232466485802 0.0198973989510821 0.0151438542707178 0.0140460010298677 0.00958241409612863 0.00864776788614413
0.0406821412062053 0.0593011527785389 0.101862716983475 0.072995129754449 0.0253461100752311 0.0195927606153174 0.0209172144571871 0.0219896634472559 0.022479638883419 0.018895352182902 0.0140651890069066 0.0104692703719635 0.00974878357843525 0.00666616290155013 0.00625123241368813
0.0627217354928147 0.0971259168856716 0.121204284971228 0.101232005107761 0.0363368320734186 0.0300129738134895 0.0324521572295844 0.0338820269828194 0.0343310302523136 0.027084042729587 0.0214964907168154 0.01616310312751 0.0151011824550951 0.0100391091167333 0.00921303346597637
0.0530944631018285 0.0770993537117516 0.134728717003011 0.10043814435501 0.0319871795706494 0.0251840257232495 0.0274361576248853 0.0277555793446969 0.029821866255312 0.0238827547914701 0.0182100260336721 0.0133144565051935 0.0125027035993983 0.00858937070821062 0.00831102991424263
0.0719166879299019 0.10069268084315 0.129505924922881 0.0989583126580464 0.0371425166584939 0.0300178729845497 0.0330246111053716 0.034019807756447 0.0334746743118061 0.0260817883153321 0.0210604575286902 0.0165993701606644 0.0154233913633729 0.0102637500847181 0.00916416901189713
0.0500268010549009 0.0822111708454732 0.107139024747649 0.118827603976455 0.0336105851603874 0.0260323111902006 0.0268032617258599 0.0277144160139314 0.0270868023798904 0.0228168777966794 0.0181608664903657 0.0142626833244601 0.0125109022442066 0.00848891746133787 0.00769130312538175
0.0533597403463398 0.0771683633573174 0.128094854719379 0.0945737574461379 0.0303877886547235 0.0235498646458988 0.0258544701577375 0.0267942197096435 0.0278483114137178 0.0226691894194321 0.0174376038153428 0.0133085847245422 0.0123668230694175 0.00837170332117363 0.007739661224606
0.0616335661695829 0.0981956857841691 0.149809765035847 0.11764067136304 0.0379053208712736 0.0299199898255955 0.0321594312853109 0.0343470396195364 0.0354402900181421 0.0282653208873145 0.0217577244538339 0.016585716289844 0.0150320024423171 0.0102590912692537 0.00969641914292687
0.0462864740151823 0.0684801940296151 0.111372721654758 0.0839322745523818 0.0283290846998941 0.0214680960431273 0.0236600152029395 0.0240321318809764 0.024479921345534 0.0209665494935252 0.0155737226877853 0.0120595552476178 0.0110601276873121 0.0075554165514335 0.0068384014347045
0.0820340724586494 0.119332117660438 0.158320423926547 0.113780686663637 0.0400057123036774 0.0336389969946569 0.0384452684180496 0.0392439873584994 0.0381379431292633 0.0310657646716105 0.0238078556631801 0.0181577261159579 0.0177613932429233 0.0121593946487309 0.0107180965297729
0.0436512136824725 0.0626609180587494 0.0772791149437959 0.0754631579854082 0.0257113636197101 0.0204247466563852 0.0217840860013538 0.021677693377906 0.021381620531518 0.0190231847446331 0.0143016147919636 0.0112948697597412 0.00991656234072837 0.00656594955370425 0.00629537165950312
0.0710103116054648 0.0985811062967417 0.138673150724819 0.123577344413592 0.0406430477553709 0.0321263465787595 0.0341706493252861 0.0357745789345064 0.0346929874549551 0.0286523833653361 0.0224153949664673 0.0175313112935948 0.0158951345946585 0.0106583946869724 0.00970229473874175
0.0539602054062341 0.0816171254832036 0.123126275098105 0.100666831705814 0.0338546407294379 0.0254886037651641 0.0286659087984705 0.0285535404445003 0.0288519085761563 0.0239731589863793 0.0190097767883889 0.0143078980166384 0.0128838739947202 0.00865659911516488 0.00813365413242875
0.0486691704847138 0.0730378420276037 0.148001775736581 0.11832554924515 0.0361464295943522 0.0258573113567021 0.0260930791406055 0.0283622087527904 0.0299591548788675 0.0256451083304815 0.0183017163569199 0.0133198049383929 0.0124566947804711 0.00835098291843562 0.00816649481672838
0.0518602469547639 0.0738196677285356 0.110355585288804 0.086265060850345 0.0293597208551069 0.0228581273691531 0.0250019785539299 0.0256819223196751 0.025202803395269 0.021529874867712 0.0163130545487335 0.0125311339933944 0.0115509789392154 0.00779635518503788 0.00717693873641512
0.0322092047593615 0.0506005286999079 0.0797225182170499 0.0614127478197604 0.0217763919552197 0.0162658010919941 0.0178540424115629 0.0179682802637544 0.0181629029319648 0.0156306078448087 0.0118152502767494 0.00879486219373538 0.00800480621932138 0.00556612943891938 0.00527469987133025
0.0336597908658306 0.0528445205243275 0.0732152297745815 0.0723267783514819 0.0236337379420941 0.018191379460574 0.0185924051149592 0.0180724475257257 0.0198665871697101 0.0161875040644715 0.0128045496396717 0.0095401658009375 0.0086110512770555 0.005909360669667 0.00542563256146613
0.0363403880887987 0.0537695742466861 0.0997676934459436 0.0848404570384761 0.0271093945452043 0.0195477456204594 0.0195049859404648 0.0203168063239346 0.0219730915065969 0.0187614945795586 0.0137405177792304 0.0106428065717263 0.00955819558049863 0.00638274771077075 0.006252476447433
0.0625862569240704 0.0925463969233264 0.124070918880121 0.106482709306523 0.0310806244853454 0.0257631176634849 0.0298183136224481 0.0304566573564329 0.0288074621734044 0.0244939550661035 0.0182221484294689 0.0141325500150505 0.0133016478405711 0.00899931669190563 0.00793407455316037
0.046118598737753 0.0716735658925629 0.11973667974554 0.0808313854749493 0.0293217691755889 0.0224578201853999 0.0233580057533983 0.0242817829870205 0.0260316297299138 0.0210797688237959 0.0159971537737111 0.0119960398883564 0.011195716455011 0.00763389801677737 0.00689717214013075
0.0538075515992119 0.0797370443695791 0.128067138696532 0.141008682984334 0.0357756248555054 0.0278608327947671 0.0282342595443496 0.0287979312721119 0.0301792387541512 0.0256634961142927 0.0184371563979795 0.0141336418065784 0.0133215366459753 0.00872599524254325 0.00822308599324413
0.0383796166935884 0.06409979731705 0.0824486962527766 0.0641505171598448 0.0225579646170362 0.0180017206363575 0.0198038900215743 0.0200521266314069 0.0216443091208593 0.0166825702448459 0.0131738397574966 0.0100033681414452 0.00924513639192175 0.006365425570503 0.00569835849189288
0.0556332406894006 0.0985957955679725 0.120857386856168 0.11160356870426 0.032739751635147 0.0277817788354293 0.0287697887963639 0.0303423446110643 0.0310305905713174 0.0245271756444884 0.0192083024275636 0.0143959130821 0.0136627643965911 0.009081602979838 0.0084444467077165
0.0506017584390516 0.0829020106067948 0.108593259976298 0.0918149133362026 0.0310680221110212 0.0254597366838371 0.0267495706844525 0.0272847446728581 0.0272451351390922 0.024476766830389 0.0172679047754181 0.0140058738614415 0.0124273275942421 0.00865300433847587 0.007955561046751
0.0387670721947906 0.057138682273402 0.0948181639203321 0.0872472029689156 0.0289330487059086 0.0208480190310159 0.0214945453423514 0.0228149152924741 0.0248228948521505 0.020819490035795 0.0151387303180684 0.011577822280692 0.0101276923151758 0.00749971625057987 0.0066058800952105
0.0541112134195389 0.0837656660373271 0.166235770330194 0.106648443658844 0.0360391749530712 0.0285792414383028 0.0289062696395491 0.0295359011705251 0.030804277078262 0.02656363670928 0.0196049679229235 0.015019885955524 0.0134709421742299 0.009081610936643 0.008458611462403
0.0505240636017793 0.0785631456969475 0.129442332784367 0.0869726302910639 0.0307935655871827 0.0233973164081841 0.025909005108496 0.0269682256761825 0.0273055622693676 0.0229738009940774 0.0170244460104455 0.0124960534744603 0.0120619677010779 0.00804947929006112 0.00769599677341062
0.0457910471359709 0.0696322976789407 0.10864132022514 0.093328618114295 0.0311334005011203 0.0237919826131581 0.0248361585399294 0.0257689508661416 0.026778230864685 0.0222713924084623 0.01673084407911 0.0125928794175554 0.0115973979664585 0.00788619337503 0.00729485954831163
0.0673267291623758 0.0958416675740259 0.148969162423179 0.109886810796713 0.0380953962510291 0.0303999143138282 0.034270181639168 0.0342471136200813 0.0350583397281579 0.029440074483508 0.0215172517350423 0.0167906144183009 0.0152705278159216 0.0106669943261761 0.00974941423025787
0.0399008870106521 0.057321898641273 0.0956849025898967 0.0688256726228743 0.0241447898505271 0.0186279212630705 0.0204857273418294 0.0205265648959818 0.021322915170169 0.018216578699669 0.013138631185167 0.0104322067844661 0.00936334623124125 0.00664933131424863 0.00593444602485413
0.050410283878604 0.077622883435426 0.100849905765419 0.11262053125592 0.0325250957055006 0.0247566635662215 0.0256787461004099 0.0271014402301549 0.0283894769799904 0.0235403383075968 0.0178442620001598 0.0136747599112639 0.0119893821572925 0.00814372877708038 0.00750485189264775
0.061725618833631 0.088432366493572 0.1410545426346 0.140270047407891 0.0413992033754228 0.0308395735008528 0.0314124144050461 0.0321036983643654 0.0354695709369741 0.028958618542383 0.0213769660411297 0.0158389368859331 0.0144999141514977 0.00994571912020613 0.00942426079204675
0.0573569546181771 0.0880886962776807 0.115781510334343 0.110954721592278 0.0339792641400079 0.0267579988116445 0.029606143752451 0.0302301875122099 0.0327953596683619 0.0249541839731944 0.0191892175181104 0.0146776440190997 0.013496833507221 0.00924560169432237 0.00843601278590275
0.0601403924530221 0.0969489774364256 0.120561058326797 0.105943045377327 0.0328272673151629 0.0258481229847718 0.030606623440778 0.0305300432989823 0.0291533422147919 0.023615641066733 0.0184323074710178 0.0144698825366381 0.0134258111974846 0.00903256342983962 0.00813227491934438
0.0404408426965024 0.0654476847744391 0.0899068910678356 0.0601814141527671 0.0206243329522634 0.0167462171406996 0.019612368646892 0.0196821156632275 0.0206292477008344 0.0155239621784982 0.012513292928981 0.00959316959932925 0.00894597715060937 0.005971996781091 0.00558156783201262
0.0619411616094074 0.0966056396591298 0.148702197865381 0.132674609625932 0.0374877097084299 0.0281568594333701 0.0309688951306489 0.0328681578337209 0.0341166808295645 0.0273902510552395 0.0208515825580899 0.0157510590764675 0.0143962808384867 0.0102037479634216 0.00916858605350063
0.0566718522110896 0.0912731753374093 0.125265266245914 0.115408399144276 0.0380561554633466 0.0294741512370085 0.0314308691894336 0.0316931320392474 0.0333378505474551 0.0268286665413056 0.0206473915553516 0.0158011912311241 0.0142458514402112 0.0098244361893265 0.00905857255510037
0.0379886492236897 0.0531014406137161 0.0769061166321784 0.0734172012832694 0.02334301886739 0.0184586724513885 0.019114172994839 0.0196498704056261 0.0208719939577327 0.0165579021131889 0.0131583100966109 0.00951597678993213 0.00893743998965738 0.00605328637047963 0.00563112839806875
0.0436488652800391 0.0673921973498096 0.101542133001429 0.0828722025524708 0.0274801337423534 0.0221099397926178 0.0228323918945507 0.0239729553361919 0.0247752216724582 0.0207009284352641 0.0152071174415413 0.0114254580407465 0.0106438931619326 0.0072702199933675 0.00685635357369762
0.0421267965727345 0.0603858410298309 0.0912604173275254 0.0734285648096859 0.0219728241238487 0.0182051587090709 0.0203326852739525 0.0210257109791131 0.02140140062167 0.0171996305211704 0.0129829530704449 0.0102529957127356 0.00930859553853887 0.00651628944652538 0.00572638665268863
0.0710308438317382 0.115237475420216 0.166502296987554 0.14639291659725 0.0454715159740184 0.0365621897213344 0.0388732195460219 0.0402373296778079 0.040922251132637 0.0328454594124754 0.0259094576347327 0.0201629932223246 0.0176337475269591 0.0124807833226426 0.011142504277819
0.0421236982573236 0.0604531026831536 0.0941590856175047 0.0887254199843814 0.029700700689244 0.0217645483737633 0.0228579779635306 0.0237336633070333 0.0256716854267889 0.0220925602320711 0.0157058766438734 0.0120904770652218 0.0110288443871768 0.00746629526230337 0.00721967068182537
0.0590284014066412 0.0801459516399762 0.0941001022577291 0.0961458074299179 0.0329269072555871 0.0267725715201222 0.0278367153828466 0.0286547688267972 0.0292521441580226 0.0237263295919785 0.0184191088362941 0.0145147455704304 0.0130031771553059 0.0089699481127645 0.00797855891514213
0.0630539926702842 0.0858328261826059 0.120742221131017 0.101206106397464 0.0350008566941889 0.027855659217874 0.0302355025017701 0.0311570360643522 0.0328005464911019 0.0257761469064871 0.0200189901576539 0.0151215340471254 0.0144368449874938 0.00978088412956 0.00879051109979988
0.0711912087859555 0.0937200877111164 0.126544670847675 0.115493587790543 0.0373709973294009 0.0309220085379407 0.0340844402084915 0.0347312579355155 0.0341559827402444 0.0275250483153086 0.0213196298908697 0.0169615162752094 0.015632956638095 0.0107601291253341 0.00956170297909737
0.0579276226817011 0.0865246400610847 0.12841800997406 0.103530018771309 0.0355192413377248 0.0273765614258829 0.03029079960512 0.0303418966686353 0.0311159417079186 0.0269867819772159 0.0196105191575049 0.014938424664217 0.0140600313422282 0.00922466066835525 0.00889896635828537
0.0531902984997367 0.0799481466088594 0.100075467921681 0.101354132748675 0.0307420391096578 0.0241383649563419 0.0261366705710027 0.0276151309140596 0.0268045781963255 0.0221946784309489 0.0167362260937567 0.0134873748323889 0.0119843795337404 0.00850414988713238 0.0073346035872915
0.0519138972020359 0.0782564523424732 0.102458205133861 0.0952082222613255 0.033515798367837 0.0252553237767045 0.0267061792881759 0.0273426183708524 0.0286338954824717 0.0230963308461686 0.0174245822605585 0.0136638807332731 0.0122300849834904 0.00863297869969475 0.007629143646725
0.0461908843167161 0.0786214092907784 0.0955264290032271 0.0792837530958805 0.0274988600584652 0.02164446396694 0.0242727972109616 0.0243698251301573 0.0251693432236795 0.0204521633214928 0.0159503836594375 0.0118299899621742 0.0111478769592946 0.00746824452280887 0.00689898747550725
0.0566159513920786 0.0798200120837994 0.0964685538811131 0.0794541107523598 0.0281309443705376 0.0242886115954093 0.0269830103037337 0.0267134909170869 0.0261353480622681 0.0208316533825023 0.0164917202396967 0.0131575985559207 0.0123292746875504 0.00837174777258762 0.007346008261503
0.0398747659153632 0.0586376296362505 0.0979616248410689 0.0823097310206393 0.0283970650060042 0.0211398384571233 0.0225102471242868 0.0227448029293005 0.0235070470724334 0.0204374260148126 0.0150268032718285 0.0114830000768504 0.0105632839761536 0.00689585408736937 0.006567540240571
0.0626579667460734 0.0909839422214228 0.141915717681125 0.103958956478591 0.035269561293277 0.0267858900414574 0.0295779859458214 0.030889041334242 0.0324464533460256 0.025670057550077 0.0185530329822711 0.0147003309577609 0.013768417705307 0.00928015503867713 0.00852792646932113
0.0591559446945243 0.0966244829896959 0.114132676629278 0.108553945929603 0.0360863217791129 0.0287093450708536 0.0307119683211099 0.0320628494892701 0.0322290047357731 0.0255077064565291 0.020939289810682 0.0152670033116857 0.0142718332658177 0.00973420545043425 0.00872880784821825
0.0569230756394144 0.0855013753022384 0.112444606215023 0.0861212473005246 0.0287458328543336 0.0242355865322319 0.02676504076284 0.0290155558966802 0.0291516572091724 0.0217724369142224 0.0172591061156099 0.0135226871289914 0.0128310479261171 0.00855637536077712 0.00785855101427337
0.0572994035629659 0.0802337189106325 0.0965508281823736 0.0808994731610889 0.0299382251982909 0.0249089657184811 0.0270364748342624 0.0275476262672485 0.0272842922695201 0.0225870974371718 0.0169230905357661 0.0138274192347401 0.0124227434308285 0.00850566780918512 0.007498817077392
0.0728846646500265 0.109885283883272 0.124318193968669 0.116630207971038 0.0398892434284482 0.0323623467186943 0.0356504220862304 0.0363745072545425 0.0365311432321961 0.0301103147910282 0.0227784987535581 0.0175897867535974 0.0166134379299331 0.0110841271105251 0.0099148096030975
0.0797411347928416 0.113389861184073 0.141706506552869 0.124651634085354 0.0432034480093134 0.0342827838052174 0.0364522013968421 0.038581581757997 0.0378788856170222 0.0313459466234655 0.024259229274029 0.0190316703178117 0.0170072641709922 0.0118008365111371 0.0106713821402326
0.0649769873969214 0.0956107618280388 0.14253727110603 0.120916903468145 0.0390310627650834 0.0296265684838987 0.0318887666068734 0.0336429026826419 0.0351848156892754 0.0278167950903125 0.0214836838425248 0.0157311495707211 0.0148569137466469 0.0101226303980578 0.00927609050750412
0.0863320028568424 0.132535347556714 0.17916637441864 0.130505512762415 0.0432739611211383 0.0364476176013247 0.0414777582542886 0.0417919544911812 0.0424646308732678 0.0322095662094046 0.0251036021219815 0.0194986533606273 0.0189072147759245 0.0127221625661784 0.0116057357746548
0.0546216450210653 0.0647371886181222 0.0892948037554856 0.0775895480085219 0.0287250317038394 0.0227323423672893 0.024821590750001 0.0246983751206701 0.0246662054025249 0.0200131799224205 0.015697801931803 0.0120529196061125 0.0113785241778863 0.00787689373249325 0.00686128123161112
0.0492521383277557 0.0682756481269897 0.146206160356584 0.0865020590065879 0.029070194986654 0.0223614413623976 0.0243522830393676 0.0246659565919003 0.0272774757884587 0.0214502552985281 0.0160391641287766 0.0119340104477694 0.0113180261331957 0.00785838614212437 0.00706954438354425
0.0648060430092865 0.0935108325624082 0.122528623281834 0.102531645377718 0.038026845797576 0.0293943397420656 0.0329380766850716 0.0326729736789707 0.0319786187448215 0.0265876318487593 0.0210116427819678 0.0161807641709047 0.0147782183278261 0.0103195593530997 0.0092252799243985
0.0496917473160204 0.0685382368834481 0.0963812805378503 0.0731163842557274 0.0259018947208921 0.0216995998960797 0.0239714547229688 0.0253170515965995 0.0244555823105621 0.0188622215986845 0.015231942410869 0.0110660496937948 0.0109879119353489 0.00760678516137563 0.00662814534412487
0.045503595312783 0.0654845525857464 0.114001519670636 0.106820384268831 0.031699320141977 0.0231099347028353 0.0247288199376194 0.0246919500325715 0.0262366210689195 0.022849184361002 0.0162576040453145 0.0124372153832652 0.0109554574140426 0.00769805229835913 0.00714793008643737
0.0323493948547737 0.0483389703923087 0.0942253964860317 0.0693401957972424 0.0231109019332959 0.0172556224598241 0.0171749175320038 0.0183701587117954 0.0190251714427854 0.0163584397291796 0.0127380109321219 0.00922067734248263 0.00836947345427175 0.005637520262258 0.00536469614049712
0.0574177323442588 0.0861042059133656 0.104490015032205 0.0997743292504365 0.0344257830440766 0.0265754047365514 0.0290006849895525 0.02952368576614 0.0287966947125263 0.0239055074925507 0.0183103168331441 0.0144365538169605 0.0135694422594474 0.0092073908860605 0.0080308330179115
0.0497384847040526 0.0698087114908161 0.112121788041604 0.0836913955627426 0.0276509650474691 0.0222769637945374 0.0247705610910059 0.0257146464472213 0.0255077651699256 0.0211119723918595 0.0156850146390125 0.0121416145575925 0.0113041923253646 0.007981169748695 0.0069466891757545
0.0444321130236104 0.0680264608695045 0.0880047203665086 0.0941217904160645 0.0282176724817046 0.0215761906341506 0.0233930712269241 0.024186427182985 0.0245065910786219 0.0197291632247201 0.0155505081294659 0.0120954346896275 0.0108858031123198 0.00757676914655325 0.0067262620540895
0.0621812519964951 0.0961157210890575 0.125928313325292 0.127898169141264 0.036263627446905 0.0281659083292596 0.0315988468840871 0.0324536432371485 0.0322344406972339 0.0267622500020189 0.0204980306610058 0.0157763572626821 0.0143802351674656 0.00977722797246075 0.0087689931386955
0.0545648674340595 0.076071586488714 0.129200015426604 0.12542964303342 0.0372503443586953 0.0262982792821219 0.0276396249978335 0.0292134952499872 0.0310197133695379 0.0255713079153593 0.0197526859494305 0.0148270003841959 0.0128497484526121 0.0090003540630195 0.0083898666587325
0.0508976634043856 0.0697358262342933 0.135515947236265 0.139973534969757 0.0339642660074041 0.024914305864255 0.0256709254499814 0.0262912535499751 0.0276068272321135 0.0242662548648791 0.0180778410048581 0.0135109746588934 0.0116577535235722 0.00840945776055388 0.00770603319211288
0.0472314823736785 0.0751850292479349 0.120117678298404 0.102695439924054 0.028700893320822 0.0214483583550217 0.0254933088553248 0.0255540005484827 0.0255306369217346 0.0208836758860949 0.015458995192189 0.0115844653481031 0.0111414670721908 0.00758000373632025 0.0072597522675275
0.0917805275561536 0.140342430738052 0.166313799917381 0.133665504764804 0.04397689134847 0.0381508379422366 0.0433072750295639 0.043103630626991 0.0428355442000383 0.034951698175057 0.026564415184763 0.0213431587789174 0.0193212453448499 0.0134921007631136 0.0117028711121571
0.0868798604615115 0.125454788663358 0.178391526396013 0.138616192693892 0.0440345346834193 0.0359181246865802 0.04016124460943 0.0407112032125165 0.0401699923874047 0.0323199927530535 0.0253560201997064 0.0189620852214544 0.0177154688048758 0.0128594283041725 0.0111377995497679
0.0686063233110409 0.0982647183280257 0.125178053688962 0.10956850221934 0.0365319691557844 0.0299291264105736 0.031912121337745 0.0326046860065656 0.0338536509163593 0.0258932443479104 0.0202709279318281 0.0166080022926721 0.0151893002309481 0.0101983396902207 0.00881483239832388
0.0189072003292234 0.0255933804475461 0.0432467995126034 0.0412976054505617 0.0127988369201189 0.00995849110664825 0.0101037724932157 0.0103523235166246 0.0106020610409323 0.00891369464179738 0.00700603377177175 0.00545520845160513 0.00491395973096 0.00340042499585025 0.00315021707902
0.0526199977292515 0.0752205285894472 0.105886375734335 0.0934934023425389 0.0305387864483684 0.0242216078613633 0.0261191959033555 0.0274117482240171 0.0277487608406911 0.0217128134909449 0.0169173878945005 0.0132981153413511 0.0119111413468329 0.008037813133722 0.00738573759215913
0.0546877645261074 0.0779659039540439 0.12357110197283 0.113326785732183 0.0354243020537441 0.0266353159141877 0.027879100015598 0.0288476868842817 0.0298570550815866 0.0249376256281661 0.0183939361041124 0.0139737474788811 0.0128469992790545 0.00900959084532288 0.00838255367078937
0.0541824392519055 0.0757353479212951 0.131605260286882 0.095555976478588 0.031233084957651 0.0248007656151056 0.0262896114769995 0.0268300998243386 0.0279799328605564 0.022579860608193 0.0174139735315935 0.0124105547661711 0.0120699263450566 0.00862437662806975 0.0077517246169065
0.0323854872932081 0.0493580607219419 0.0644629536678661 0.05847888482684 0.0197381443350689 0.0160618363335929 0.0171548196482756 0.0181621750621546 0.0170957646340924 0.0144979424795485 0.0113190704717755 0.00891000638466388 0.00812715176711325 0.0054696720660425 0.00495200934641987
0.0329823970918423 0.0441726045908431 0.0791632457582476 0.06050023135474 0.0214371543730073 0.0157309350484339 0.0163948992890926 0.0176738658186315 0.0176192104372954 0.0147968500724712 0.0112354651600152 0.00868606652374762 0.00759214490685225 0.005415922711842 0.00495294801990525
0.0695900337470598 0.0967812585152504 0.126967520077674 0.102131397604554 0.037219595456747 0.029818217903577 0.0331832268534202 0.033647014203544 0.0343049966990165 0.0269718385961937 0.0210997946191131 0.0162372025813185 0.0153669808898384 0.0102457179374884 0.0092556822293895
0.0480428028342384 0.0784038413385002 0.102239735324743 0.102755282481927 0.0314697170300252 0.0243943065749175 0.0259338820142492 0.0264608125507105 0.0276444151517159 0.0228347204228344 0.0169544451532211 0.012631144155781 0.0118973969793083 0.0080089117353225 0.00749406053560588
0.0587884067060441 0.0917893540178601 0.136542830641041 0.0964397125013959 0.0318427819817085 0.0262595359696165 0.0289309954779395 0.0304240044251507 0.0298517183847611 0.0243723555896219 0.0187846145888026 0.0145473270121931 0.0132177979341864 0.0089882530111165 0.00827526616059262
0.0722855903428035 0.11542172213444 0.123920224605112 0.109094473384701 0.0377366072562561 0.0311620372322616 0.0348607132792553 0.0367628474000418 0.0358538632911877 0.0284110867835025 0.0217881331657917 0.0170017339809444 0.0159173828149499 0.0107637250673933 0.00956240058294463
0.0628606136633681 0.0839940535364449 0.130888179161089 0.103724172832961 0.0305784448578821 0.0248035475851696 0.0272140665757599 0.0288266922840355 0.0286695262301191 0.0229394917659855 0.0173129499778701 0.0132439192764194 0.0127578005139051 0.00890008141415012 0.007767491233023
0.0472433970557064 0.080306315635366 0.11476120849078 0.104742556153464 0.0322179671890666 0.0238034990580151 0.0250537794845865 0.0269282572895793 0.0269717933042409 0.0225634908666854 0.0172274578889495 0.0129540707447761 0.0119130171038444 0.00790861907611675 0.00765433214720225
0.0592814023416251 0.0830499701135737 0.100786238231698 0.114436215412816 0.0324568173495437 0.0271034265215791 0.0287407425243507 0.0300579515088029 0.0295763927595093 0.0237570106022476 0.0189502926519293 0.0150978460885926 0.0135531025485341 0.00923842704816312 0.0082383113714025
0.038979487840169 0.0650544920715373 0.0872382131071326 0.0661239131165876 0.0232322582252819 0.0185851999289255 0.0202992903327446 0.0205697798185084 0.020955857315045 0.017236619479046 0.0131566751881089 0.0103351473808905 0.00908508707499537 0.00629341382115513 0.005811406371797
0.0657883680946261 0.0958689097908494 0.142391217672068 0.121851250729155 0.0388464215300215 0.0308745392306879 0.0339029006694981 0.0346132598409152 0.0347427633284525 0.029026511556096 0.0216357910466624 0.0170532911323944 0.0149524833760134 0.010502951597033 0.00963984803305738
0.0599346018977875 0.087723154356228 0.143555983952099 0.0969928372276204 0.0325795080771104 0.0273349637820706 0.0298342293498427 0.0308312243869289 0.0324105043254301 0.0253331803914988 0.0190335108292615 0.0143616151780517 0.0135346961323645 0.00960306753984488 0.00851965996819925
0.0201023728907855 0.030744151104149 0.0591656244924174 0.0576265843187324 0.0183843592592027 0.0129778191833643 0.0118307117695068 0.0121930776775517 0.013865940203052 0.0120819301461869 0.00876427847783912 0.00683648914639587 0.0057293570413315 0.00381002826033938 0.00386477819763175
0.0701324178320717 0.103528950454035 0.143178114173994 0.114788734406429 0.0399694917257142 0.0321690788077196 0.0342257424096086 0.036270249374714 0.034733040681486 0.0289357444931507 0.0228707046046044 0.0169820712627464 0.0159413752356551 0.0109014037861391 0.00998349142701238
0.0779038135435414 0.111532136503866 0.145189997685035 0.116605558623559 0.0396857195524657 0.0335176221295225 0.0371335606535259 0.0376387549007016 0.0372229169251195 0.0298655527342376 0.0235033019727429 0.0180264670911449 0.0167488198685001 0.0114986914654905 0.0102215890853172
0.0635936536056863 0.0888986916319645 0.122257443431267 0.127029756412157 0.0361977635106392 0.0280817919051489 0.0312034861179994 0.032252001289441 0.0326017053169707 0.0268794377053519 0.0199605345358515 0.0151855552699827 0.0145503597320257 0.0100233275508392 0.00919587608586012
0.0871479987760354 0.137403495359369 0.162946772546543 0.123833328277537 0.0476261615045309 0.0380894638034964 0.0431575371810364 0.0434039763993343 0.0434928608195951 0.0340567053827344 0.026855052082403 0.0215136173614464 0.0194880124612281 0.0133617276665091 0.0118891120815314
0.0475637153895323 0.0695016736530693 0.120207125961622 0.0901122104338321 0.0320803432711941 0.023254027814933 0.0247890616108784 0.0258685990907777 0.0282300770852888 0.0228045560231433 0.0171463039809233 0.0130307905077559 0.0117748484102161 0.00814639352838462 0.00762284768563
0.066667885485207 0.0952701860727266 0.145757679978928 0.117913255239492 0.0371021070075582 0.0298511398791755 0.0330135984187772 0.0331579473683479 0.033033006436388 0.0270554237228305 0.0215614973961307 0.0162638009404844 0.0151163326371089 0.010198638578195 0.00912192473982675
0.0384563756025258 0.0587906290485957 0.0939969038958125 0.0706966481184475 0.0234692448436702 0.0192738674460116 0.019716160927935 0.020745148539715 0.0208504226664914 0.0177331543703052 0.0134083923564739 0.0104492709760131 0.009432551655914 0.00650984996246837 0.00602966845109813
0.0720695992642985 0.114640858463105 0.132821471824788 0.114879522175549 0.0361646525770615 0.0315637740855043 0.034333313402972 0.0344036177193853 0.0339093772355519 0.0274729001538628 0.0215432170852166 0.0167045913273762 0.0154558552750461 0.0104534990476834 0.00940216729768287
0.0498686481624013 0.0770922211180235 0.110028027853878 0.10426969036679 0.0322688912934205 0.0249078361838697 0.0254905836605161 0.0264170793100661 0.0263703973812257 0.0223576011638525 0.0171893244543747 0.0128049428199357 0.011814100287357 0.00811967190391025 0.00745884825052213
0.069258936820342 0.0991264022778697 0.136585724864325 0.150951595430729 0.0428542527862035 0.0327500162101036 0.0353879154697809 0.0353443752796219 0.0361342253039134 0.0303825907187304 0.0229848026393754 0.0175410928948735 0.016044358270159 0.011671620163031 0.0099742339328065
0.0630882823001335 0.0874217363458522 0.126666734025655 0.0914118757330346 0.0334027693011016 0.0276646207928054 0.0311778231756346 0.0315211759067509 0.0327810462875209 0.0247264593077729 0.0193170820042677 0.0151471860676303 0.0144562396616482 0.00953612770899275 0.00870116192035825
0.0595096626442295 0.0900917405701791 0.147313089630883 0.123208473738001 0.0375312300262274 0.028387350301448 0.0280887576146144 0.03055637479504 0.0318787411902458 0.0269500246708724 0.0199075998283549 0.0150702720164469 0.0136284322913249 0.00924076813400962 0.00852945957753075
0.0374440705335743 0.0558177923465109 0.0837586030028366 0.0631050935861723 0.0203981912718944 0.0171882123291376 0.0196273276667756 0.0195159754922339 0.0193950777228219 0.0159049053427054 0.0123012558871376 0.009101685958263 0.0086802265081835 0.00603456436355063 0.00537296996719075
0.0627840980471833 0.0932120503238409 0.119115503910902 0.112772781082715 0.0386065318976859 0.0296093870100003 0.0325047807704976 0.0331095009024686 0.033226094886422 0.0277718903800421 0.0209170172014379 0.0156359068731984 0.0145007743319811 0.0100353393607965 0.00912401180318862
0.0389554319391446 0.0587646163395404 0.0845910146576224 0.0741576538799676 0.0261408841234824 0.020955440800645 0.021323590076559 0.0213907544628534 0.0216850319711186 0.0183771705706636 0.0136545539344859 0.0107777139198171 0.00998669178923062 0.00678062000275938 0.00604288361550938
0.0711986832946925 0.101199234181283 0.126042150338496 0.105804812847041 0.0389909488260759 0.0318853724040881 0.0340631690185004 0.0357120159711719 0.0352484695446982 0.0288966855232479 0.022086594009756 0.0169099123136363 0.0163495521461096 0.0110898961449085 0.0100675327308594
0.0529395775574289 0.07932728539771 0.119236469714613 0.108949519090754 0.034109766473889 0.0262163681918755 0.0278573471102919 0.0290266089722789 0.0299415052813171 0.0249582131230029 0.0189133575481929 0.0140976244730204 0.0129010100222053 0.00874684862131237 0.0082445557630365
0.0525236251384906 0.0849426787671016 0.113204101613567 0.0876901618594385 0.0294703820568827 0.0246803362176029 0.0259158264045254 0.0278066725003832 0.0272379228903154 0.0220079835877126 0.0176454424886823 0.0128242786446542 0.0120888626822601 0.0079594829786985 0.00763070802235775
0.0186819232719089 0.0273558082826045 0.0472885009129936 0.0503055500081629 0.0173738017073726 0.0119704786037334 0.0114327306642923 0.0110536277370178 0.0124526516238267 0.0117641120999603 0.00818553850944212 0.00627508874190937 0.00542294223278475 0.00361686302381213 0.00365842835784075
0.0535907757450161 0.0834346602522673 0.105153618131823 0.0774318352155491 0.0292058007539591 0.0245184498989868 0.0273487243890559 0.0279595855226187 0.0272590602799516 0.0226917633091939 0.0174644303611874 0.0135884994676302 0.0128269739859055 0.00875552932036287 0.00756108302158375
0.0392752371844262 0.0603758026279409 0.0852772525630411 0.0855181044269932 0.0234416361898516 0.0185534210450964 0.0205127011738401 0.021257085703505 0.0210882566864194 0.0181277686434744 0.0129137383389643 0.00983907220021487 0.009299230610342 0.00630411850029813 0.00588895271028662
0.0578024439743011 0.0826566548691271 0.121878967888005 0.10189872308856 0.0332744161589741 0.0267763435028214 0.0298117984091537 0.0304957390203077 0.0302670955849696 0.0233754445964591 0.0183819298004124 0.0140540067874499 0.0134602923564061 0.00937912230092875 0.00836368213719675
0.0640351538002164 0.0972765139914019 0.11506799493608 0.100659698238796 0.0348916948666036 0.0287442850337796 0.0327386819719973 0.032496324107029 0.0315501063343361 0.0262918469363645 0.0202496132364195 0.015342669561114 0.0145233932842593 0.00991195141651812 0.00911550629696087
0.0451358709267929 0.0681455153363676 0.092028667787597 0.0854900177229393 0.027452590384633 0.0219979947997096 0.0232912549399729 0.0240471595100736 0.0245193693531774 0.0194140097263191 0.0155231321502623 0.011465588210771 0.0109927134979041 0.007234581950965 0.00650906349700638
0.0634352227459297 0.099392505134401 0.1230569183376 0.123310708927333 0.0371956391618866 0.0307661471789378 0.0327005861349729 0.0329929367399469 0.0338001904642014 0.0281185608408829 0.0216248533705045 0.0165473294431801 0.0150253399760965 0.0101069642201422 0.00940706024685325
0.0787924647320984 0.116060691716626 0.161085429797106 0.11929406945762 0.0390496312068015 0.032664829058725 0.0369735676820681 0.039025681489759 0.0383503419321166 0.0292658747691302 0.0229142875535175 0.0177205398384514 0.0172412208852077 0.0112783435603088 0.0103484897844196
0.0466026603218081 0.0652196739505584 0.0975067287650079 0.087763471383565 0.0258440723764161 0.020486287005272 0.0222157026683586 0.0227394368053691 0.0234409678283749 0.0197237139283981 0.0148573866277106 0.0115171476025949 0.0102338431450997 0.00712299869112887 0.00653523737191575
0.0671834849491825 0.101396018733654 0.144454292303926 0.15827303399524 0.0433157429773392 0.0318021699044926 0.0333448097876382 0.0342249612762882 0.0353023340433101 0.0292332999436003 0.0233928629385009 0.0175553818390063 0.0153472844253235 0.0106513956183051 0.00964323559823062
0.0537446935056784 0.084997333805286 0.0948641504403519 0.0805786770877311 0.0282467240997729 0.0237714073555329 0.0261622005714407 0.0262124385457789 0.0268410346175421 0.0216359369419075 0.0165021756318471 0.0129619171736407 0.0118774484418025 0.008168209127322 0.00732072425689712
0.0617802272234736 0.096515554700743 0.106572332970855 0.0994866285343621 0.0296754537567805 0.0250276967913354 0.0288109021009402 0.0293249377906275 0.028703797357601 0.0229797378231653 0.0181975876631951 0.0139764614049477 0.0130351099008404 0.009154966073663 0.00789146431173425
0.0660137138451114 0.0968939991422892 0.121255045405943 0.110838946313947 0.0368685081866819 0.0300043875917981 0.0333696343817357 0.0342087018904597 0.033385987629727 0.027356885746237 0.021228485646466 0.0156978741728598 0.015027033571411 0.010345741537368 0.00926728812693012
0.0304044670688387 0.0439853501538014 0.054174323286286 0.0623401374931974 0.0192193844563334 0.0149706840967151 0.0159278072363069 0.0155230145713763 0.0160372172390042 0.0132189053635966 0.01018882039141 0.007652716702857 0.00707449916263238 0.00489484069555512 0.00441041212556125
0.0324333260584738 0.0513370361570022 0.0740202373672219 0.0805050440448327 0.0259236895379353 0.0178476087169188 0.0191812222213434 0.0187186529787732 0.0202564637838451 0.0176522165082099 0.0131643986934192 0.010076882105941 0.00843680004988463 0.005764910414283 0.00576907204830487
0.0571886522284872 0.09034699241369 0.134936985775703 0.104748845145614 0.0340659071699922 0.02683982617619 0.0290407197552715 0.032030175095628 0.0307543394319176 0.0252342519285536 0.0194499402279092 0.0150984056429984 0.0133847953283609 0.009233952767868 0.0084067463306585
0.0316142637350259 0.0479797622600734 0.0885840130394343 0.0741100629814944 0.022605518147326 0.0166253294022846 0.0173789862044904 0.0184042536080871 0.0198656761869215 0.0166442149004161 0.011839572103332 0.00923386503296075 0.00811937592700075 0.00575923647340787 0.005459025039322
0.0493055671183321 0.0685497565024361 0.0874000562170295 0.0831801080310314 0.0259147556477156 0.021690953411309 0.0243741634486621 0.0243344200260644 0.023726552270108 0.0193235705558237 0.0152508410867809 0.0118752909711805 0.0111133355510829 0.0074895541027285 0.00663951555248075
0.0492891536917991 0.0801832257033177 0.103659027222479 0.0887773498029979 0.0309412704580474 0.0244021337694279 0.0247707709864995 0.0261152481602214 0.026054207027223 0.0216307685472947 0.0165318099810589 0.0127602471454327 0.0119129920053414 0.00799736726406237 0.00739614802402688
0.0713227540872077 0.111518559024402 0.142161576041973 0.129240320940869 0.0413371394413244 0.0314924411083885 0.0348435470140033 0.0359183818718642 0.0370366484677518 0.0289707501623599 0.0222509423536607 0.0170774927923349 0.0158285767682282 0.011063591545674 0.00988818414392525
0.0512822162850064 0.0778770495694675 0.116167833728557 0.111867716085257 0.0337814664663382 0.024876459711954 0.026008962025806 0.0269517947564849 0.0289008211360496 0.0233012812989726 0.0180229745246257 0.0133196828642864 0.0118698353573211 0.00857858298440813 0.00782739096298375
0.0527724507908936 0.0768123581362294 0.122707681982859 0.0949452591500384 0.0317075057553984 0.0251292308946649 0.0270009879230484 0.0282684462600654 0.0281912058826995 0.0236892945126954 0.0184405355394924 0.0140381129714684 0.0127033208021482 0.00887600312358863 0.00790193176094175
0.0633717877067335 0.0930543136517896 0.138930311288784 0.111330351789196 0.0401243634720014 0.0316997936897729 0.0331225514621236 0.0329518629894835 0.032587393292787 0.027426974152708 0.0209157089920852 0.0166468739053096 0.0145731732486654 0.0102757612000751 0.009256215798936
0.035193294604497 0.0538996525055008 0.0980456058604891 0.0740296100946646 0.0252781933271497 0.0190750793327119 0.0199866941686215 0.0208057540408825 0.0226161993733711 0.0178877101280232 0.013138916117615 0.0102788430075977 0.00932435759898113 0.006338098539886 0.005915610694511
0.0514886826629647 0.0734912330021961 0.103666400544434 0.084782709394537 0.0267786400653739 0.0229977822844928 0.0258251394073055 0.0247725220317256 0.026262814674441 0.0210509118967894 0.0159778582354819 0.0122248614482753 0.0114333997648111 0.0078452228012695 0.0070550816074515
0.0363505646103712 0.0543995611077488 0.0874838147948176 0.0929561695008264 0.0246981769476614 0.0181298060313342 0.019914292717148 0.020523577725764 0.0214628467597586 0.0175333021424649 0.0136739809048501 0.00986862973846025 0.0091202292767425 0.006475362366654 0.00602312755419375
0.0568154475367395 0.0858619588999521 0.103535978649521 0.0916798348156491 0.0301962667899288 0.0246291790512617 0.0268240818476631 0.027319434381 0.028250883554483 0.0224195739547077 0.0170285374719076 0.0133682832499318 0.0127558500644754 0.008760868909332 0.0078614661703175
0.0286191508796291 0.0403293184640815 0.0684831366386011 0.10010568331246 0.0234001649022711 0.0166981510326251 0.0159580859633354 0.0161161132208564 0.017674611784528 0.0159975298733196 0.0115720685913921 0.00879044140761212 0.00763131951041 0.005328897350666 0.004944982742192
0.0595980885132255 0.077136198611759 0.111429104922204 0.11176819999543 0.0333183080036775 0.026056524402254 0.0280772514717546 0.0289020091356373 0.0281427166964629 0.02391858851629 0.0182992294410665 0.0140351403730438 0.013097655735598 0.0088442953742995 0.0081599931693985
0.0497550503094341 0.0738580806622564 0.102254170638972 0.0840796015687509 0.0264725443302086 0.0224222033413953 0.0244985219844234 0.0253735011312499 0.0253309424507169 0.0200357044417088 0.0152452168457218 0.0122306814028762 0.0113268746667169 0.00766496450419175 0.00701945504012075
0.0549533884345604 0.079870346832925 0.120575925390593 0.106060080999405 0.036568232950128 0.0270879551689836 0.0287632765222756 0.0301236836012245 0.0307099623014039 0.0262048514475959 0.0194548888718914 0.0143068663223926 0.0131071700879996 0.00904362392704725 0.0085398195270705
0.0661390933131499 0.103405683916282 0.123119981167083 0.0988652227950828 0.0363992735876475 0.0309729199515758 0.0328527688216906 0.0345305177212455 0.0335513312189286 0.027292722151974 0.0210066731693869 0.0170937318234109 0.0152687454382269 0.0103471793343191 0.00925401030386813
0.0591002618801371 0.0941186136412407 0.119409194643089 0.106625433907787 0.0350775766851033 0.0294393383424894 0.0319992157692079 0.0310349743707326 0.0311737867341501 0.0258393867242605 0.0203458155628941 0.0151553297024545 0.0146313518093154 0.00987485828920637 0.00899560265088425
0.0402406071862166 0.0613509192971245 0.103048626320382 0.0737097746807414 0.0259387586242532 0.0208618255335945 0.0215715026416919 0.0226397882735614 0.0227915518546401 0.0186728363456631 0.0142097992499775 0.0106861114369851 0.0101316867418039 0.00698609101101687 0.00636447659187325
0.0554134730311587 0.0796801272247212 0.118282723751976 0.0960429772835316 0.0322477058988037 0.02563094840279 0.0293284661159236 0.0297175449633284 0.0283593351023473 0.0243470949855667 0.0181567475807956 0.0132913442856686 0.0125919501713085 0.00882466350790687 0.00792698932434237
0.0443358022243304 0.0680578817058724 0.101233352474127 0.107131619922373 0.0293277986444856 0.023240907327976 0.0233563294672999 0.0239126642239023 0.0248437780296425 0.0209453897613844 0.0158129744612044 0.0122094444905589 0.0113872916850535 0.00757671715418925 0.007019926715127
0.0492914869381816 0.0799840052507941 0.126305904325238 0.0987169553060283 0.0313781363990935 0.024599238077981 0.0262186495135945 0.0275414917475839 0.0285108187563225 0.0238597897740411 0.0180601900935776 0.0135112535015195 0.012322722486057 0.00874384886960287 0.007777973693145
0.0356907763772944 0.0538029463212281 0.0800603514461454 0.0762228596992879 0.0253120710625816 0.0182640178042021 0.0191955063317715 0.0198945740621786 0.0207553718668823 0.0178773458052232 0.0130487634506074 0.00995560224541175 0.00898042798712975 0.00606950353015562 0.00585153534966287
0.0284950360358115 0.040120210216549 0.0641739657223294 0.0553381854831827 0.0178141922800419 0.0140149781939573 0.015175227309333 0.0154884310008221 0.0166846297322215 0.0134310554288944 0.0101178333567939 0.00778096370693175 0.00691230337051963 0.004902468441153 0.00451290429949138
0.0645754420543533 0.100087657434929 0.150406210085599 0.102630363465109 0.0375982455068825 0.0292313370459511 0.0328473260044845 0.0329177558102645 0.0336082846019976 0.0275471092855448 0.0201866881719475 0.0159886535351999 0.014499394068997 0.0102539459158935 0.00931684459707263
0.0313957790410562 0.0469710968275159 0.0865412745190066 0.0738330053468191 0.0225104480209097 0.0175441962851239 0.0175485205602386 0.0182548966866261 0.0195813326778993 0.016716100146341 0.012377317721328 0.00952406033602112 0.00815624163995762 0.00581511187038375 0.00537949680985512
0.0550199505430681 0.084029829534778 0.125134233264813 0.0958693235907073 0.03350838936267 0.0260303783271435 0.0273389253251641 0.0282933851250685 0.0294154916930684 0.0240290837670273 0.0184837571818624 0.0134922348321225 0.0128286977179628 0.0090488749238895 0.00807675288237437
0.0486722437207142 0.0687886416879996 0.0966131895824149 0.0796388951361609 0.0272711745175508 0.0218531082170549 0.0245713924180694 0.0250890609076363 0.0254297442224059 0.0207744477614936 0.0158196631478082 0.0122209641197031 0.0112147000386971 0.0078718328598135 0.00691737496879325
0.056265965636359 0.0777278940411111 0.114289003600967 0.0948641854120995 0.0305428859736679 0.0246529162314428 0.0272439878865556 0.0283576898682719 0.0272824772183296 0.0217741303239246 0.017710453570736 0.013351232689357 0.0124611205740385 0.008645776715048 0.00769099658548388
0.0709943223408956 0.104541520857384 0.147742769162151 0.124995792181473 0.0432065005636322 0.0322392684196281 0.0360525743969881 0.0358981002980755 0.0358488395349011 0.0297776140935975 0.0229822913089279 0.0176835476167667 0.0163282055267546 0.010908603200171 0.0100970290562014
0.0758220386567697 0.110452477525216 0.13597684031354 0.104099347404284 0.035637647776845 0.0312540241287094 0.0343506304641594 0.0346966002294755 0.034188234117435 0.0274191102497149 0.021203670812783 0.0169116693813136 0.0157327490608467 0.0110005425988986 0.00933719117778288
0.043224341734401 0.0665152556940235 0.0848475114697673 0.077138054461937 0.0266803000387426 0.0212432059917879 0.023188441813145 0.0240711921587086 0.0246719900432751 0.0191578967891245 0.0156348832414395 0.0114432456466735 0.0105787999610671 0.00736289482187137 0.00658854213120725
0.0535899563663736 0.0788484313315644 0.13500485931118 0.106315447862639 0.0320982332503855 0.0241624010205433 0.026092518163475 0.0270653812886956 0.0283221883311116 0.0231040462311972 0.0181895747669569 0.0131116529237154 0.0125812464570715 0.008503172439804 0.0078245887482565
0.0493206014525091 0.0745052731353706 0.125003277818474 0.0957678315397966 0.0314528546951732 0.0242713158494054 0.0249557331043496 0.0263195046321389 0.0260902703409233 0.022006652205425 0.0169882221075018 0.0128719720428809 0.0116646901517756 0.00790973597463038 0.00719866783772137
0.0608840015599266 0.0932105995695754 0.11975461527879 0.100250361160405 0.0340168966776324 0.0279752193239182 0.0306506365247774 0.0315509374947736 0.031749533480211 0.0267044963831643 0.0197445906885911 0.0156804679355926 0.0137625947556245 0.00948882298731275 0.00866217377184625
0.0455480321272801 0.069534808637522 0.111908311478852 0.0899197746188683 0.0302711944119377 0.0236081948284605 0.0251015606872926 0.0254661088150387 0.026272686627221 0.0215561076880279 0.0167030645276471 0.0123456258680749 0.0116494001771003 0.00792180873371388 0.00734339660207775
0.0537408852341581 0.0815729512523497 0.114189545434879 0.101961923981333 0.0302628033075281 0.0250698732298286 0.026972046606478 0.0277515349034292 0.0277520445928715 0.0222379180665243 0.017345632911447 0.0130081727965881 0.0125528237256527 0.0085812227664785 0.00785363175047712
0.069577624151516 0.0974915283903201 0.114719185755964 0.101887109192194 0.0345858705943295 0.0289463937682446 0.0325556284955929 0.0338789318462467 0.0321277302979046 0.0262722967175022 0.020810499627023 0.0158124458484286 0.0148210531946109 0.0100296072737905 0.00913005050785713
0.0302560205693424 0.0513807723943371 0.0791012180550405 0.0686407616701484 0.022659050571153 0.0166884256897744 0.017274089397056 0.0176970395112757 0.0186401581293241 0.0158386744822554 0.0120066206457466 0.008918385748093 0.0082660643142635 0.00573601552193513 0.0051982592213215
0.0535867852622621 0.0701576122840593 0.0985356425543606 0.0882078696231295 0.0312844527642797 0.0237994370931999 0.0251615871821905 0.0256263771844738 0.026019345429535 0.0224169470619496 0.0170759380420799 0.0132165347476696 0.0116445682781252 0.00815266955529038 0.007431042482063
0.0511654847597703 0.0747214748148946 0.122129957361441 0.100369932807187 0.0332308558356041 0.0247833016665374 0.026136116196188 0.0263240941403941 0.0273320754242432 0.0225179735501966 0.0175363912076154 0.0128843875903379 0.0120107385468709 0.00821047047177475 0.00764204207162288
0.0684681445516322 0.101848061522986 0.13677038380743 0.109140004752751 0.0363762713469023 0.0299988352150644 0.0329147080593871 0.0334103079620555 0.0340507642484954 0.0280519413760511 0.0212675654046135 0.015850552247298 0.0146175073419526 0.0101496527533764 0.00939963206819238
0.0626299554088059 0.0949427698842086 0.113500294228772 0.0902409073485766 0.0323835095542431 0.0270912454135992 0.0300556262002542 0.031485752317187 0.0306586648603049 0.0238581935702061 0.019273704340822 0.0148518542352111 0.0140556060992158 0.0097874176019115 0.00816882394868538
0.0303682296647527 0.0441457344743619 0.0640717959379229 0.0584746398883191 0.0201494469270675 0.0168221096520677 0.0165538808862482 0.016569180615181 0.0172355263219696 0.0140425546229469 0.0110105187344756 0.00828678801344688 0.0078818175519835 0.00531969331907288 0.00486520165084287
0.0636074773008548 0.0948109353226276 0.146978101674355 0.104865950431507 0.0381637254136383 0.030488810074961 0.0334718834999018 0.032861297705002 0.0336866842370066 0.0274847364856587 0.0209383712516304 0.0163706289953381 0.014939661305382 0.0103414310859401 0.00916264324034088
0.0345873475608701 0.0520413142703777 0.0771901228842164 0.0721311975652479 0.0227242541171361 0.0176883277084901 0.0177425710774031 0.0187198768167864 0.0199529274343303 0.0164126496975535 0.0120967235157575 0.0092798123784375 0.00856027231613275 0.00586012074435838 0.005363600785195
0.0617608438818596 0.0858878429574337 0.120569290977869 0.118474875637189 0.0351087870264646 0.0271858936882771 0.0294472514482319 0.0302986008766756 0.0306412295331093 0.025826150401588 0.0193436941915626 0.014695670282037 0.0140428525634365 0.00953648498424937 0.0085004412998045
0.0522081675842472 0.0875143101016325 0.102124745453001 0.0966417508426348 0.0322316420122363 0.0253784787609455 0.0270046369773966 0.0270608370615481 0.0280334093913346 0.0229586935991624 0.0174956382499154 0.0134106748826028 0.0126178860126644 0.00854671410516463 0.00786390139819313
0.0474548113482109 0.0710501434961131 0.103491852352195 0.0862887604114641 0.0307252773023171 0.023616340767565 0.0246366050276975 0.0255903113614911 0.0273336377591319 0.0218634854983946 0.0167770566205662 0.0123356554447895 0.0114253141644801 0.007751870721572 0.00745545582909575
0.064632815296403 0.0910708597632209 0.126740747745001 0.120988527930118 0.0365294338616134 0.02981900934274 0.0325705259820646 0.0331912991164899 0.0336963745847424 0.0269596813448322 0.0206231338014996 0.0159263342567628 0.0148706724589842 0.0103428716535551 0.00941432391988812
0.0675911495771831 0.0937003154835661 0.161822951223121 0.103985091088027 0.0357332594711368 0.0284151132123238 0.0317577567527899 0.0328154961478603 0.0328266675211386 0.0259063404866386 0.0200901778341614 0.0158378420057595 0.0144786405979928 0.00969922872333063 0.00888922969406162
0.0677651560845243 0.11271391338565 0.146864139983691 0.113237002039937 0.034816741125809 0.0297157075269195 0.0328863421480774 0.0335781056430806 0.0326984244313223 0.0267625678518675 0.0205438566287337 0.016228903549183 0.0149789557833744 0.00997582694022113 0.00888274146820313
0.0341681791118732 0.049392069585854 0.0740795263547251 0.0679974222857879 0.0242002870197249 0.0179038819961369 0.017656901329049 0.0181389942561006 0.0190922761244951 0.0158651917042179 0.0125452319371927 0.00920990612101263 0.00847181644527988 0.005694013417727 0.00534777923772763
0.0415385836134747 0.0567994199545473 0.0789359563810605 0.0714578412056819 0.023337496453916 0.0190964935665041 0.020345106502891 0.0212918920468003 0.0214000467693225 0.0167972529084678 0.0134422797823141 0.0103157891888071 0.00951047715202925 0.0065822907625105 0.005993105911416
0.0638202746708701 0.104073296996229 0.150756744202657 0.118837695565109 0.0376079275525405 0.0291891391382604 0.0315105174545683 0.0344064451268518 0.0347203654736061 0.028859888493352 0.0208441906186929 0.0155764902862284 0.0148405117741445 0.010265753433768 0.00929060716034175
0.0623095233725646 0.0914108657461584 0.121972291284438 0.110758199920386 0.0326584401601319 0.0268028701525966 0.0297707284942572 0.0302798918208325 0.0308240881145137 0.02431622819518 0.0188197503147276 0.0139018862835682 0.0135983680647631 0.00971689167713375 0.00847601179383275
0.062700578602323 0.094420282586958 0.193935448560317 0.13028949984708 0.0419622505445989 0.0324306438946229 0.034234309209009 0.0361738287029951 0.0401592857096669 0.03132259708553 0.0234106652713563 0.017205574421992 0.0154112481772 0.0106074486890593 0.0102122405587032
0.050506494372713 0.0730253842985202 0.0939282230644141 0.0965469241181789 0.0299158702491008 0.0243482967348428 0.026094267831541 0.0264576362083244 0.025995413722257 0.0216091106275447 0.016803503284624 0.0125555859921303 0.011819488600031 0.0080528453331065 0.007269168837082
0.0547870531507567 0.0745063433967167 0.101348609401562 0.0976703360939859 0.0335369923797666 0.0258245274429871 0.0272939882142257 0.0278228118296454 0.0294394135601063 0.0238579949347329 0.0181982612698066 0.0137312960870121 0.0129447694910961 0.00860265441360888 0.008125120439598
0.0623536574754856 0.0958590451195803 0.129817660934994 0.102513638748115 0.0382962147355623 0.0300065226448505 0.033129277139778 0.0331490895221875 0.0334080387983446 0.0269199968026242 0.0212739989284525 0.0159390693524616 0.0149000190711875 0.010425748763052 0.0093195137814635
0.0652975455195347 0.0949868081658184 0.127869998572892 0.135166978671495 0.0407359597075649 0.0321024196439591 0.0332480937455266 0.0341532200016709 0.036033845337687 0.0299595599611795 0.0215934086586561 0.0164390999249894 0.015200631978931 0.0103087831617958 0.00954874628466263
0.0462730196559824 0.0679704888636866 0.0808943693834144 0.0719467702457164 0.0252399059723707 0.0198041409168405 0.0224092270888742 0.0231376550590602 0.0224327023311627 0.018095308450381 0.0140250216160785 0.0110974871149325 0.0101969899474857 0.00704110937053325 0.00630175521117975
0.0328697249176974 0.0470457184780503 0.095975494396011 0.0697455729170416 0.0224714320462496 0.0169781781661824 0.017809501597147 0.0184584533770348 0.0199899494924876 0.0165781040718119 0.0121416597301085 0.0093122501790225 0.0081998418185995 0.00563833461295637 0.00551298402708625
0.0398912896808293 0.060425336108937 0.109291928952983 0.107951370674498 0.0302466054473724 0.0213907883475594 0.022083470076062 0.0230992644585231 0.0242995928542511 0.020210091752095 0.0153590932825566 0.0119658752212111 0.0102627445609075 0.00711620016453975 0.00681038471239113
0.0716882504548359 0.101271962802261 0.125766229996801 0.109173739779788 0.0407455650470376 0.0318188798979315 0.0353906467280505 0.0349883320194545 0.0352231908807256 0.0299341452616724 0.0229609464786782 0.016972530255549 0.0158891651589513 0.0106203975397238 0.00963677951653013
0.0189198125662836 0.027268861942602 0.0453450467909169 0.0456679329525824 0.0157650999745049 0.0106622296742292 0.0111143450309074 0.0111693099228404 0.0121975996833262 0.0102994524682395 0.00774889342242725 0.00589084307589938 0.00515696000723762 0.00357962299740387 0.00343897644873763
0.075384464176118 0.101433125913737 0.139279416592961 0.114147699755797 0.0412639856008374 0.0333082769870736 0.0370165380284707 0.0367234649393064 0.0373764442151348 0.029647351956049 0.0231149310920927 0.01809940330357 0.0169516282424115 0.0113467294437004 0.0102384950968076
0.0464905425024841 0.0758769071351611 0.103395885475511 0.0797901607511196 0.0285713360754676 0.0231073230644239 0.0250991109656625 0.0260623587132556 0.0260034714392579 0.0209702337648183 0.0165505713758384 0.0123924301981654 0.0115967029407037 0.00791351098072875 0.0072325082919445
0.0490583338177445 0.0702488496249604 0.0918230658192342 0.0775537212092624 0.029161127724029 0.0234848628349806 0.02409586277036 0.0256901976300979 0.0251031026055921 0.0214030508248094 0.0160254963040011 0.0121357724820077 0.0112543991594909 0.007956363571788 0.00706728701446625
0.0491565338257159 0.0750341853772466 0.100278136111906 0.0870794868277999 0.0286018444540703 0.0227680500374549 0.0241160718465926 0.0256604835794809 0.0255803957035384 0.0207996090385459 0.0156830655999349 0.0119280644827365 0.0114292628874596 0.00762477808913913 0.00690791294493838
0.0371219005994583 0.0636371206717649 0.135400469493096 0.100803068666118 0.0280144299690504 0.0203722086615954 0.0211569915161765 0.0220737188377091 0.02451260629517 0.0212437870761947 0.0150720954261065 0.0110874179033929 0.00992347321545712 0.00686078113622512 0.006728374043429
0.0489629457957846 0.0699977214061341 0.106188778193015 0.0939138585991527 0.029513301474344 0.023697990706208 0.024250263974019 0.0250171540651051 0.0258212992779829 0.0207246550359943 0.0158129732457115 0.0124847480944877 0.011343285958144 0.00777324227491975 0.00707012179576075
0.0423545175693332 0.0665314666374033 0.108249988809708 0.0968550759386189 0.0317862508942811 0.0238833409083606 0.0238452007936157 0.0238161842737012 0.0256247172114527 0.0215618471706512 0.0161177100932473 0.0120870256824625 0.010864784356477 0.00742067188944838 0.00702505298028388
0.0488552161718425 0.0769899428513504 0.114007427385737 0.125442831375269 0.034977114986903 0.0263016811639896 0.0269601528887787 0.0269905357018142 0.0288044535233559 0.02439631709186 0.0183304646543587 0.013974903023187 0.012222145539524 0.00837543253876325 0.0081387920861225
0.0515916579562925 0.0833638025536415 0.10924702145094 0.0958243442851637 0.031581461423624 0.0240329515148958 0.0263720121331616 0.0271805118898852 0.0276788873601786 0.0230538578069963 0.0170559537569509 0.0129333264947123 0.0120522436736073 0.00836092376321262 0.00767896966713038
0.0264802817416579 0.0418248175435881 0.0593824635835171 0.0547140757140938 0.0184727241810279 0.014337565156996 0.0147531961516574 0.0151918328740013 0.0159954751853124 0.013496822626447 0.00998883955583125 0.00749862276302375 0.00694447035715112 0.00465360621250675 0.00441058164892412
0.0449010731640701 0.0652590215701944 0.093003267964833 0.0829281963059134 0.0287214072800645 0.0225744033073111 0.0247914044379661 0.0247851213842316 0.0247794849103904 0.021415534720259 0.0156962739832236 0.012410530856311 0.0110476346521891 0.00773688708484137 0.00696666668543388
0.0667290353554225 0.0920041286614672 0.133542662027654 0.101291678977742 0.0361407361092186 0.0280876928408683 0.0325197183903273 0.0329843775249019 0.0335720366139499 0.0272371351230271 0.02022874114095 0.0149801096426119 0.0148033110812806 0.0100761420675798 0.0089198264643035
0.0514725229867197 0.071127808637061 0.106708545591341 0.106810402013419 0.034513067051875 0.0255497835405511 0.026916269259314 0.0265508697819829 0.0275432081956826 0.0226547365297291 0.0174681637802576 0.0131710849634501 0.0115446800404874 0.00826910073622875 0.00762569750653387
0.0460820170150257 0.0667039387398696 0.0980373963021601 0.0909165256518425 0.03231399207078 0.0231367740677993 0.0253743617695924 0.0250504453266781 0.0259673326216091 0.0224499068179556 0.016833962603487 0.0123552473476604 0.01117083106889 0.007930128347594 0.00728048219115225
0.049068514321961 0.068898823295252 0.0996383418790061 0.092507665524684 0.0288405256942199 0.0224447065145044 0.0236367185899704 0.024656936345756 0.0247489555569889 0.0206390635010237 0.0159032340331545 0.0124512425959179 0.0110193030252376 0.00790862428730075 0.00692769463932038
0.0390808854170177 0.0627116451971435 0.0900382696533551 0.0800478040578616 0.0257588295434616 0.0197183300528335 0.0204525964916738 0.0210820022929516 0.0221488850201855 0.017904449687231 0.0133401535429423 0.0111660186743349 0.00943701388749488 0.0067444544471135 0.00613599834526287
0.0640679105994546 0.087500734780409 0.12531246848441 0.0971957688049326 0.0337504108978556 0.0269210088604897 0.0303583754072896 0.031697048599811 0.0327636104477704 0.0252691131785324 0.0202661480126996 0.0150071678951268 0.0139436089541274 0.00953324075635475 0.00887488797869487
0.0590759997153502 0.0877537018097442 0.12633676153522 0.104927837828064 0.0343266886899659 0.0277630688505562 0.0284230546235514 0.0314064031867108 0.0315402297438662 0.024763778216354 0.0182279497990112 0.0146550740453556 0.0134866729583233 0.009044595061885 0.00850924956640887
0.057953028357951 0.083874124382099 0.114602474828576 0.095895236098621 0.0322501406360181 0.0260007532822126 0.0287028611766074 0.0292243125822746 0.0292731080461542 0.0242793749049507 0.019165911744303 0.0142342256839147 0.0131031282216715 0.009036343498561 0.0080358566154495
0.0410100558670337 0.0639052984998189 0.127239591110167 0.0898896035500006 0.0278411521843826 0.0210543562490251 0.0220830155440351 0.0239327401920105 0.0249601107818166 0.0204048289812055 0.0153364093396838 0.0114954552843727 0.0105208903416619 0.00744866467375625 0.00686653506181012
0.0716863071287615 0.11504274582094 0.156501413419221 0.115458457974032 0.0382261043446087 0.0322693390430369 0.0353696082545613 0.0362896131000326 0.0366129257875195 0.028773110149505 0.0221783797547318 0.0165084570713977 0.0165498025581304 0.0111849519497259 0.00972248172732963
0.029209808919451 0.0454435048082435 0.0619411704536577 0.0826500604490658 0.0229941553171681 0.0165757198537065 0.0159602077113106 0.0165151088102451 0.0179759358243049 0.0149272608770912 0.0116436898974849 0.00859003097719975 0.00745673145841637 0.00525015803919762 0.00481120105559588
0.0571783470445045 0.0740914853146793 0.110743881392242 0.0669263619170292 0.0257501201631765 0.0212724388040485 0.0258732190668315 0.0252718638105036 0.0244695988806604 0.019487179865835 0.0147608201518947 0.0116522433187044 0.0110846950105515 0.00752688336487913 0.00669287213196763
0.0372074845053776 0.0576561830829933 0.0885608411185764 0.0690497371329867 0.0246337882909611 0.0192496165578321 0.0197463155094006 0.0208685774028839 0.0210920180691638 0.0183479880706851 0.0132350148333584 0.0104346322372496 0.00942373915230875 0.00631001104455525 0.00605244671919
0.0550473516798829 0.0863111679650599 0.144147049620195 0.100606054518352 0.0321958744819051 0.0264126989537485 0.0279928144912872 0.0292803599608118 0.0294744935206557 0.0245855803605706 0.0185026363576367 0.013807838132588 0.013335481231203 0.00919076601129912 0.00819495804934975
0.0767658953143764 0.117688474537805 0.168749782203475 0.14107914352147 0.0420837327653482 0.0337765909506884 0.0374743536235864 0.0391185362216506 0.0386475569259355 0.0311422688893822 0.023881035564691 0.018566783729323 0.0169166751497325 0.0115411694343785 0.0106027838034905
0.0479543401317545 0.0725678438897037 0.114623017682767 0.0929423169454516 0.0315895192669669 0.0246048194368796 0.0262240570612211 0.0266050739010643 0.0280184734915076 0.0224135895977109 0.017538357582491 0.0128875325685081 0.012330225803795 0.00857380275490987 0.00773898836453975
0.0579907390049388 0.0906905876576616 0.128007854418221 0.0914263256219751 0.0301539425558848 0.0255365245842149 0.0281175843828416 0.0298897164786123 0.028656374369018 0.0224493162106024 0.0188162284045285 0.0139580136653512 0.0130423316670534 0.00871581558580725 0.0078471419928305
0.053562676335433 0.079656403230737 0.114264792613581 0.102821638475259 0.0339007714757016 0.0270742444380601 0.0283622226685174 0.0290923482879479 0.0299015239101674 0.0240551982784371 0.0181614358834082 0.013446907277098 0.0127133544302864 0.0088743094969195 0.0083010581422205
0.0683296692288815 0.108187903163299 0.119284473085453 0.101709736687386 0.0371301351951595 0.0310209624766353 0.0334280889862627 0.0337926389478781 0.0330264603767984 0.0273129275216898 0.0216305186750215 0.0159601420040579 0.0156607918238459 0.0107714338042547 0.009307016582361
0.0539011583151259 0.0799448231268108 0.128957719112497 0.092793042181342 0.033684896856931 0.0258641577960017 0.0272125536038474 0.0280730998719214 0.0295074868839465 0.0257301891040434 0.0186575546085766 0.0141569761549848 0.0126079052373716 0.00886823463849875 0.00804370765452262
0.0346081045269225 0.0520302133652912 0.0998961232332577 0.0676346348794511 0.0231943732976982 0.0178815394360379 0.0187201077308787 0.0192861842039789 0.0202405243559344 0.0177702281974951 0.0124602268344933 0.00962379439886463 0.008704209364179 0.00607806525052638 0.00569026956163388
0.0613196156717566 0.0763756869465705 0.0995376171749699 0.0973355884022229 0.0342748500810661 0.0258189119553091 0.0275772855030249 0.0279260217920066 0.0285114106640228 0.0232820404074285 0.0180860763278654 0.014268952505624 0.0128499112664042 0.008739487880979 0.00790423509210438
0.0409504702609671 0.0637798112229455 0.0889713822798995 0.0768612726068033 0.0263729934591004 0.0213321455328595 0.0221984572053134 0.0224220855292932 0.0235239715906251 0.019184830011372 0.0144736707558719 0.0107892741920254 0.0103934924785324 0.0069238330204105 0.00637533360238925
0.0417636431150051 0.058869656385007 0.089141344063566 0.0864194962482689 0.0291476217775909 0.0206522794651839 0.0216581253044328 0.0223573401337172 0.0235495855851748 0.019254484348052 0.0147182014001597 0.0111977480734937 0.010009313002198 0.0069810066879065 0.00648920938916625
0.0533257252047461 0.0836407906758418 0.115536599542627 0.097157143796845 0.0336769721470514 0.0248735704494151 0.0271084126983349 0.0281094883694496 0.0301005796324142 0.023856151446325 0.0184240384776483 0.0140763802723449 0.0126614374446555 0.00873961814783662 0.00820555764867762
0.038703167971347 0.0553901033827205 0.095154505255991 0.0702791806108346 0.0246273968584455 0.0185763842208279 0.0191571079265393 0.0202292350528704 0.0214343899078989 0.0172555143157956 0.0131364976940775 0.0101844863915922 0.00916945312940813 0.00632255659616887 0.0058117951852775
0.0379555585587246 0.0526287237177976 0.0860456522531093 0.0887673509600719 0.0279497993407411 0.0195219083298245 0.0196035684409001 0.0197536260562356 0.0209553994958281 0.0176936690549346 0.0137531313781019 0.0105372608707484 0.00924763369105762 0.0065331911777475 0.00588134083682062
0.04629621187995 0.068859240002718 0.149586202860623 0.101300070870505 0.0320555899180458 0.0232344037421576 0.0240125690180176 0.0255305592175896 0.0290608173126255 0.022547658524228 0.0167549641364517 0.0128317846620032 0.0112989701033596 0.007897747374502 0.0075435259489455
0.0214272294155954 0.0324394192581935 0.0477869703384909 0.049551566034121 0.0166170283771355 0.0131529692666661 0.012298485843185 0.0126712662071854 0.0133335321331851 0.0114955155434423 0.00890361380549063 0.00694609444525587 0.00607320012263137 0.00407981777419075 0.00392290002638688
0.0738721393196082 0.107558744232574 0.160382448638922 0.121660448098977 0.0416334403368805 0.0314604920462108 0.0348983907539167 0.0364675037646218 0.0359167430441292 0.029519704685648 0.0225046504188106 0.0177614503507315 0.0162209938092305 0.0110563295093821 0.0100720342173514
0.053688419426792 0.0884092110270646 0.1253558613407 0.10546972761335 0.0347882609531314 0.0269108453770848 0.0300736266092134 0.030534856454871 0.0308939388944614 0.0261522331496401 0.0196841356894386 0.0146967653610666 0.0138764071334728 0.00919934759639188 0.00854363735467275
0.0421040408567779 0.0623294061516566 0.0982675316388646 0.0627299428722539 0.0223228872203509 0.0179251869398556 0.0198129905951364 0.0200161606560641 0.0209528246038846 0.0165513091255594 0.0130228873774363 0.0099094177559265 0.00931340882077887 0.006272900052926 0.00571434384622113
0.0797914444101986 0.118765984773037 0.152159338186283 0.132485328130552 0.0412111479830594 0.0342016189560909 0.0369713682998433 0.0387593396420105 0.038225714872832 0.0302623280919782 0.0243555681091032 0.0180294368274079 0.0173546921595446 0.0119976937374061 0.0102990125090131
0.0606371433242808 0.0841237014643745 0.124388254896308 0.117230468214314 0.0355816446084488 0.0276252175967486 0.0296036666376942 0.0307755225846884 0.0330705359093386 0.0256531872317667 0.0192752347552936 0.0148239375633174 0.0137633701351166 0.00977213433647288 0.00892129950324075
0.052816713799522 0.0795152550438515 0.104035523860977 0.0865732790089784 0.0299343108758691 0.0246027259979006 0.0270253807927975 0.0281152005138211 0.0263947108426545 0.0224713655138491 0.0165894351285001 0.0132024659110712 0.0123695279575336 0.00820868144278375 0.0078278761666675
0.052420038727603 0.0805890708885484 0.119452370749087 0.0985651459832508 0.0318844251738801 0.0252929407927333 0.0274961556397867 0.0283521183585538 0.0279136598319174 0.0232901347188446 0.0175652440472497 0.0139273005279815 0.0126707354460864 0.00862228234331725 0.00787961703233413
0.0377954670146585 0.0495924247518586 0.0746733822977323 0.0660469834766761 0.0236193539646494 0.0175877647326956 0.0180446266075045 0.0187946275710714 0.0196853638005643 0.0161088222393461 0.01213204078275 0.00943285349624238 0.00839842578195162 0.00594135732779463 0.0055342580639485
0.0538356521859773 0.0855924943217115 0.130770037129665 0.0997671614773734 0.0341099129532611 0.0261623245248342 0.0276473174502281 0.0293090773967091 0.030149190746756 0.024622879763807 0.0181714819072955 0.0140964283194028 0.0132521316802414 0.0089855627217975 0.00824960459712575
0.0840478397695462 0.131449756271012 0.18581059569706 0.136086481004548 0.0465963267072233 0.0384271093195724 0.0437829618205052 0.044633883101613 0.0426837052217739 0.0351968254059091 0.0270590362779667 0.0210482997355249 0.0196145343847967 0.0131596693919731 0.0120962072587318
0.0414654808830877 0.0575957309554527 0.0851619533291254 0.0816365455032381 0.0270373956954095 0.0196527882877319 0.0206907192235063 0.0213826467091736 0.0226255071357144 0.0185763276728678 0.0142512642053797 0.0104248986555115 0.00974782171996525 0.00666123561954237 0.00617959642197238
0.0249154165274457 0.0371529329523131 0.0610270584861735 0.0573413865554924 0.0195465972919209 0.0143469847992011 0.0140306782676413 0.014379139409581 0.0155538057499506 0.0134497472445061 0.0101032319195695 0.00734893640706237 0.00697872397897412 0.00463758605997175 0.00451115522112313
0.0453596285698204 0.0613330033875275 0.0962543877042694 0.0771533387341723 0.0256201721444986 0.0200677231125167 0.0228694640406409 0.023034368838778 0.0231189390626782 0.0186327146478876 0.0143896842122161 0.010995106468825 0.0102495680711234 0.00710614799569937 0.0063804044176355
0.076721956584408 0.114296422182905 0.130323077788892 0.157166892759391 0.043520706301846 0.033157364246689 0.03803191946381 0.0377150442026723 0.0380224240172636 0.0298211177469985 0.0235583575196199 0.0184607901126654 0.0165579425692119 0.0115776035491747 0.0104168662956668
0.0538832817591283 0.0760917977918188 0.113369269571996 0.0728633072438951 0.0261910675169204 0.0217204961815619 0.0240969732988511 0.0253258355373796 0.0247904692349035 0.0196625450439134 0.0151781812983935 0.0117693827913578 0.011033822703596 0.00761992831804788 0.00681609195561987
0.0696946145013786 0.103207569019709 0.14212584274501 0.121898367918079 0.0377398218551476 0.0308985137945553 0.0338076917846156 0.035447286102075 0.0346731961121819 0.0288087094020308 0.0226894883675455 0.0166403317169505 0.0155248754839636 0.0106407161292005 0.0096251371818435
0.067795148394257 0.0927648009194969 0.138701772791386 0.0986390848887189 0.0345704774355625 0.0270262168484105 0.0303824069554945 0.0311160963371792 0.0317440831589104 0.0256463972904303 0.0196855752619931 0.0152315713334954 0.0138145486803205 0.009504894795898 0.0084557708255985
0.0619975356070251 0.0892467019537657 0.117102229453517 0.098100120114051 0.0350446374766524 0.0283634614786436 0.0298451559608179 0.0312773378932018 0.0314893085839079 0.0259357994351697 0.0196684164772782 0.0149659537882285 0.0141472155999985 0.00964405536804763 0.00857639801839675
0.0474332592525522 0.0673981134378371 0.0995290227656007 0.100713435791864 0.0320324019270411 0.0240786900654945 0.0255194002279225 0.0256811891307426 0.0270160042823536 0.0223602912562288 0.0169359554042928 0.0128722748747492 0.0119462032496971 0.0083454018548285 0.00750592219025913
0.0548339637068155 0.0801421263009393 0.12856150089092 0.114549625888962 0.0377131474218926 0.0272096304748234 0.0287662567884727 0.0295059852875916 0.0303909072858535 0.0260299328272699 0.0193150295380302 0.0149155735628451 0.0135587896921964 0.009017656691266 0.0085918248744075
0.078442375670128 0.121148165987603 0.142155822755959 0.138897459680975 0.0419809082666458 0.0344719675790915 0.037239422678992 0.0379105117797136 0.0385575687379185 0.0299862396612352 0.0237286847541374 0.0177758122301712 0.016708463868423 0.0114888120121556 0.0102348280127405
0.0463900013754131 0.0664756857495911 0.112431023548248 0.090053426677962 0.0313713804761599 0.023419568180094 0.024672263250762 0.0248792861843341 0.026264147046447 0.0216666383429392 0.0167721509441352 0.0123186838319331 0.0115101616423607 0.00788032123115088 0.007357713606674
0.0592404877310111 0.0819028336068105 0.0986536433788599 0.0713406542276065 0.0267814890079399 0.0222630487041796 0.0256365912166119 0.0260357819726399 0.0262075793249717 0.0215209766249699 0.0155294919086852 0.0123039119661244 0.0116132168892 0.00798856647734437 0.00681114387393825
0.0234650798373832 0.0353814724569197 0.0600549032862026 0.0619414181517044 0.0193383828070219 0.0136254163188549 0.0136632368706972 0.0142759242320465 0.0152291020933793 0.013180410308558 0.00994488547931987 0.00755155182305237 0.006415537039204 0.00452907060121375 0.00432244248495763
0.035676674273522 0.0523273247500632 0.11911557643794 0.096852854839017 0.0319090522535648 0.0213394755099546 0.0207449014287174 0.0218301540090635 0.0264946256065475 0.0203780608731134 0.0152565704866048 0.0113734857976842 0.00970437683000813 0.00666541886853613 0.00674301976098813
0.0579842376158582 0.0850635227614305 0.110563525579213 0.12072800217616 0.0332291955682691 0.0266510289684314 0.0284706882667463 0.0298852391703595 0.0292866478358534 0.02376449012532 0.0189000731565936 0.0143912525221115 0.0133250375112608 0.00899163594062475 0.008336943095562
0.0584320653302337 0.096642582194961 0.160279803282556 0.148900646168012 0.0408823628150515 0.0315569682649716 0.0325481671906015 0.033326199857938 0.0358775640890874 0.0292568501478647 0.021927205346131 0.0165231781778014 0.015181729346775 0.0102805694541635 0.00977770358773688
0.0652483437810174 0.0914463388542158 0.11560462363637 0.0939303970637259 0.0333997631866282 0.0274372771072125 0.0309697073536694 0.0316767033946364 0.0305604755169404 0.0271107986611084 0.0190734472815031 0.014598918643157 0.0136778065456355 0.00952771717447725 0.00862003345090613
0.0687548686837251 0.0986594936241542 0.149230303624245 0.121490235341718 0.038854010714748 0.0310100470221833 0.034195352472473 0.0351461440130924 0.0374002957221677 0.0307776966266111 0.0228097005432554 0.0168951140282908 0.0156015891704772 0.0108652423313581 0.009872973756665
0.0420867890094466 0.062675567494908 0.0901980218273244 0.0886398926777761 0.0300923603609926 0.0225471823085759 0.0226377034376696 0.023949389923079 0.0244574250666611 0.0211733968296605 0.0158488882584157 0.0122828485999886 0.010984323913801 0.007215146862421 0.0070999059806235
0.0507178583745711 0.0797962824566797 0.118969933932701 0.0874830953190195 0.029560447804434 0.0229301800092588 0.0254024059586846 0.0254332466775406 0.027044096010873 0.0212932452990154 0.0159655709095604 0.012580755789976 0.0114266822664889 0.00801879368179387 0.007303903238915
0.0420901846800299 0.0591745262035489 0.0894224891483159 0.0798934703628935 0.0261349490990868 0.019712099207204 0.0220765435021319 0.0221715811519803 0.0232914716222546 0.0187414722637181 0.0141565077254232 0.0109048266542178 0.00991494088034 0.006929090761414 0.00636341295622075
0.0526292669165063 0.0744013673697979 0.117134045403725 0.107425567880861 0.0316962597919391 0.0241899918843949 0.0259496023671363 0.0268560088105505 0.0273988458618426 0.0222946263039344 0.0171568746003019 0.0129376777781142 0.0116745751390036 0.00815090208630087 0.0076761028797125
0.0322280280340686 0.0444827598708296 0.0545192992319451 0.0790772074724381 0.0209874654957032 0.0156492137379489 0.0162611961325342 0.0160921189600565 0.0169748304213587 0.0144252998971938 0.0110963294957769 0.00828459895811062 0.00736414865623387 0.005130496077404 0.00473985528591
0.0526937914037343 0.081803522410896 0.118806497675904 0.0990492784842031 0.0325825958421791 0.0255749765037266 0.0284419972743567 0.028958343355324 0.0301263355687784 0.0237744102336402 0.0182707957191995 0.0144594707263089 0.0133640742457967 0.00902341535602925 0.00800694781323812
0.0356147983436951 0.0512130710460112 0.0780045881584475 0.100397431123483 0.0258985494922785 0.0200468964735828 0.0192975687161674 0.0201175216107685 0.0221937131406871 0.0184668466703663 0.0135038265850216 0.0101849123412614 0.00933850762720363 0.00646874091651975 0.006100626879724
0.0461383924143612 0.0707191350269692 0.126327665479115 0.0974903817543226 0.031179234379103 0.0233851722801289 0.0257096978416761 0.0267850611643834 0.0269897650439326 0.0236407210965835 0.0166850165872829 0.0130123989021679 0.0114209306955039 0.00814632771030725 0.007546125165942
0.0274027618351263 0.0433103865424357 0.0726903733056261 0.0665365127961401 0.0216497225264275 0.015518722603229 0.0160914228999844 0.0162848307461719 0.018016415414774 0.0147584304326574 0.0111940799384904 0.00874653398018962 0.0075202959336775 0.00532445841494163 0.00505369892406712
0.0306343213288416 0.0425661730335786 0.0911934052982983 0.0677080260872957 0.0201411190384098 0.0148181805755854 0.016259692862888 0.0171115705596299 0.0193683997182869 0.014820171387766 0.0109606289224536 0.008315593626059 0.00754873776207725 0.00532349971104362 0.00501903323598888
0.0626362556493082 0.1032913386007 0.135226220450099 0.0997431989741064 0.0341804583400871 0.0273616038725686 0.0299363707452055 0.0305046852889179 0.0296022762549106 0.024196211485666 0.0187806225776316 0.015382911085539 0.0139606866175496 0.00968972540678262 0.008495242750685
0.0669012310976674 0.0961209779235396 0.136644760181228 0.109091196987062 0.0356093645079738 0.0287248491322966 0.0327980039831003 0.0339005478433126 0.0337842107604244 0.0276836363154655 0.0208493067643346 0.0163870412470891 0.0148264261372339 0.010538871890191 0.00919152250294113
0.0787523723944359 0.124673999406698 0.1575144285836 0.137851912387665 0.0456431098405089 0.0361079864521385 0.0394493869269052 0.0409791950443459 0.0405961804213038 0.0336205601570522 0.026031789525664 0.0191843218482156 0.0185894340955199 0.0126042563763457 0.0114350658170011
0.0431132998418596 0.0634363550930191 0.111624956067751 0.0946108081412304 0.0315805230420786 0.0232193255032671 0.0241218915612293 0.0249983637874726 0.0279203796153112 0.0220405766263459 0.0161296983756786 0.0121002598355679 0.0111795502143066 0.00800034134951438 0.00743485234461063
0.0618642247166793 0.0922383767553721 0.121342687983068 0.117989446757452 0.0400577862121268 0.0313965689394361 0.0344310847448876 0.0338003645564066 0.0337197155213481 0.0283672377035291 0.0212856289201035 0.0169664159522478 0.0152851838531295 0.010574453630378 0.00953322318057137
0.0243068807000931 0.0379675380237026 0.0815333642725194 0.0623409917748366 0.0202423487914336 0.0152822027592461 0.0142588916212287 0.0153997068174466 0.017189126041915 0.0142644276188198 0.0102615923314501 0.00783884807511975 0.006935165408771 0.00472914927617837 0.00478299372709837
0.0417431094967621 0.0591656557008996 0.0951081575773367 0.0733973526591344 0.0239808433397657 0.0190206830722196 0.0201725347382752 0.0208851218620834 0.021238412284558 0.0177157277566636 0.0137607592365745 0.0102689798472329 0.00936649347767325 0.00648048457549362 0.00592045469994625
0.0717976584393836 0.0979645263928551 0.145149254520419 0.0912486348514486 0.0339157249851461 0.0283276241838534 0.0314737857034824 0.033339096817311 0.0321250075204195 0.0251813640232959 0.0202878097192251 0.0157626080982663 0.0144471402197494 0.00998328929361388 0.00853224240276138
0.0420003862707806 0.0638498570591582 0.0960439107735174 0.0827009611212645 0.0275102081402025 0.0215801555999739 0.0223754754486794 0.0228325205468466 0.0236798430267594 0.0204241244007704 0.0150106632337413 0.0115278308415174 0.0104498786666419 0.00692439006728875 0.00641125984881212
0.056101069337376 0.0945971688820886 0.138927596893914 0.110826237636401 0.0358628710758731 0.0280524823873417 0.0299994744143679 0.0314860051461764 0.0334609047070366 0.0262947674245001 0.0198365605319739 0.0155108969295189 0.0143119662888857 0.009755072963214 0.00899718104371063
0.06691724655226 0.0977814230811893 0.161095830346117 0.120475380117904 0.0380409067656895 0.0291164361039822 0.0325126738546464 0.0335642205505906 0.0337245191903674 0.0292830485582376 0.0213719363486393 0.0160308642128679 0.0145510718905718 0.0103448511239734 0.009511150313995
0.0493443996477731 0.0749870037598923 0.125572681216317 0.110497217715517 0.0354417977403955 0.0254176030253588 0.0270827600178857 0.028569183498183 0.0292232292432214 0.0256680357414796 0.0187532630956843 0.0141204614528415 0.0124521064294256 0.00883979042349213 0.00824568757799837
0.0463272973626377 0.0651029924084269 0.0815615795814394 0.0947948776473564 0.0291349790131516 0.0217558398732314 0.0222825512720657 0.022302016825089 0.0232017066760188 0.018778225355563 0.0151650095323826 0.0115473575401879 0.0102684981138396 0.00684047279056075 0.00652774868458425
0.0423764501320901 0.067175881547142 0.0903744686575745 0.0781831629941489 0.0263983156913878 0.020972439707495 0.0226091219671056 0.0228495264412999 0.0247296608345847 0.0191904552350979 0.0148547707151688 0.0112667015281331 0.0102851208319529 0.007041232173061 0.00659643092353162
