96.5650427576639 99.5051217607594 98.9094977061893 99.0494620166584 99.3278229095709 99.494166452538 99.548869915163 99.5301443588592 99.5338412462147 99.5331067574808 99.5505989624734 99.5985108005472 99.5971773110537 99.5921248612237 99.6877223733464
96.2424083307053 99.4201735507702 97.8331045767857 98.1971792380408 99.1286230382198 99.4392257808193 99.5342986163377 99.5363932555062 99.4457114905075 99.502257160964 99.6199063592473 99.7159431642655 99.775120828902 99.8433096034092 99.8758489537509
96.2607856021151 99.4291377339905 98.6970709810947 98.9942706734336 99.5037271288806 99.6781068019475 99.7255108682546 99.7378103023741 99.7210281929022 99.7449690305217 99.8000714505584 99.8496768866964 99.8819368517969 99.9142157737936 99.9336455268692
96.3981312712803 99.4833357649782 98.9603693131661 99.113430248058 99.5734047065391 99.7327948915214 99.7661036930052 99.7675040582119 99.7714645523541 99.7822191038669 99.8301138261793 99.8708828185018 99.8982804611022 99.9303153122823 99.9461394054991
96.1543415464151 99.4832342415311 98.7315361707412 98.6296516760448 99.4344337144557 99.6783993442216 99.7266400092613 99.7362141187642 99.715955660275 99.7441322457869 99.8020105433387 99.8556101900588 99.8850264824257 99.9206515554939 99.9387754923355
96.7991670736787 99.5399360677429 98.6796532292198 98.7411967430057 99.4159319511787 99.6528573120352 99.7359716966934 99.76151809581 99.7513760844048 99.7698472121547 99.8241657840324 99.8672108671728 99.8993417220179 99.9293419997355 99.9450661088348
96.4135069878071 99.4445451354046 98.6361036674492 98.6354540367116 99.3304285268489 99.5873901001984 99.6474454548356 99.6485783589201 99.6254398167536 99.6471405806015 99.7274394585858 99.7921173045329 99.8394806380877 99.8881488972266 99.9118831508265
96.7136556044629 99.5131978344448 98.8876778682826 99.101589015818 99.5889110661704 99.7454682098066 99.7667352530964 99.7661909607231 99.7446796623981 99.7682588708257 99.8167554738383 99.8566705314321 99.8849080084827 99.9172641434371 99.9357314756274
96.6983176066153 99.4775967621311 98.779542438394 98.9988469584984 99.5245609304907 99.6898572581618 99.7149042148353 99.7187094921118 99.6953787176333 99.7218640214376 99.7748896930312 99.8231372243435 99.8648543645391 99.9007110712085 99.9243067530504
96.9950356806587 99.5903668570416 98.8649457513498 98.7995200730664 99.5297624851815 99.7307154084535 99.7799655420169 99.7992365996613 99.7840619558475 99.8020916650798 99.839642914537 99.8847661802173 99.9120817555994 99.9368550755294 99.9483473706046
96.4720837071852 99.4439694651952 98.565737989629 98.72429547989 99.3910369162421 99.6163571267677 99.6802718104143 99.6896959360934 99.6756847694315 99.6962184928512 99.7596586999436 99.8151376610729 99.8488840696186 99.8968124781441 99.9177620205716
96.0908727608139 99.3838432485837 98.6499571442911 98.9478354099563 99.4702011076977 99.6629681162918 99.6906657288804 99.6903710683227 99.6664602791248 99.6938263552038 99.7565479110677 99.8085189888668 99.8417384135695 99.889930804599 99.9092770204556
95.9495433478288 99.4369958778064 98.9069677636425 99.0347088276035 99.5429532034103 99.7194527013962 99.765759164516 99.7577670559132 99.7456748888676 99.7606110070935 99.8101094458293 99.8573073600247 99.8865582175581 99.9198992506125 99.9349210435776
96.5433547034735 99.488685633615 98.6165236443543 98.7392189272525 99.3876699620219 99.6278023032711 99.6947419109476 99.6969593705375 99.6868947164525 99.7204344559104 99.7811666007161 99.8373781529979 99.8733993358729 99.9086159946297 99.9298705584663
96.3254215150108 99.4188698678581 99.01137937516 99.1143173774521 99.541056087095 99.6797369333756 99.6997493375001 99.6864825047375 99.6669631018849 99.6919740924367 99.7459097373401 99.8003069265895 99.8353703008072 99.8844521489246 99.906570014812
96.8607275054124 99.5240097836498 98.6726528233444 98.7797868762144 99.4487472281468 99.6533187094435 99.7105562357037 99.7198699016731 99.7059834438529 99.721507912316 99.7796563565375 99.8425366032934 99.8706862933349 99.9114501454981 99.9269417339471
96.8367275494571 99.5240302014632 98.4578555286217 98.4780051155058 99.3382166583374 99.6094055125945 99.6988918888257 99.7057234159776 99.6825855467593 99.7004174665656 99.7726976501956 99.82521597171 99.8714956986261 99.9117092170355 99.9312384974046
96.6625372278547 99.4665572344493 98.9290917893536 99.0442955959561 99.5466554605387 99.7134870981261 99.7591451029217 99.7670503244805 99.7556987404341 99.7784070217674 99.8213045705914 99.8645695869545 99.8937650996352 99.9210438855375 99.9396764920924
96.7663435488191 99.5371251126108 98.6337502151207 98.7884584739919 99.4234259869911 99.6315008538603 99.6714286623781 99.6936848172434 99.6663108116913 99.6963125289679 99.7639594195005 99.8156728467836 99.8575287863497 99.9003290103325 99.9223428386361
96.3957754266868 99.4765946495009 98.5876961259023 98.7961924195086 99.4236315755299 99.6257510915742 99.7008121264486 99.7112789266379 99.6857251773872 99.7190029293522 99.7851822498708 99.8434266772435 99.8745295916424 99.9130362132699 99.9327815449906
96.4642597288779 99.4841075236127 98.7129653763981 98.758985944733 99.4373186092479 99.6662931271275 99.721652869587 99.7429331642645 99.7373418651545 99.7600516515802 99.8116296655715 99.8529563882886 99.8863885593228 99.9198585638019 99.9385627344149
96.3448453612387 99.4171399465956 99.0260553132712 99.0432010349893 99.5685465764408 99.7217943217583 99.7392370147179 99.7219209769607 99.707257014105 99.7235949262863 99.7766178758677 99.8302274284282 99.8575988457129 99.895101366078 99.9190167866391
95.7222946679573 99.3662369096366 98.9578100401287 99.0973663126947 99.5522096441333 99.7023259341452 99.7185114209741 99.7159171906386 99.7065282449188 99.7266434301282 99.7794927949599 99.8310153973526 99.8545312155472 99.8943801769977 99.9195042713575
96.3915689780615 99.4511449945226 98.7950127302289 98.9268656164663 99.4604604606924 99.6559129365498 99.7004194853888 99.6973109440039 99.6927251986626 99.7123334072148 99.770480164999 99.8299989584151 99.8614022489182 99.9040648952291 99.9239638828987
95.6428075795624 99.308798579136 98.3481985672585 98.6254118362894 99.3338866134999 99.5867970994936 99.6215736598727 99.6082178819243 99.5832438342639 99.6119565453123 99.6882047767294 99.764530336954 99.8046270564005 99.8575703935786 99.8905676679855
95.7903986335202 99.3573390351677 98.6301192008463 98.867805824915 99.4602007548028 99.6346837128515 99.6579898194688 99.6473786605055 99.6427795384832 99.6774454954448 99.7441744168414 99.8017831366085 99.8437706664682 99.88628149906 99.9131200123246
96.3497905927954 99.4271517711736 98.8177111705175 98.9962290681464 99.5109203559848 99.6625843500312 99.6697686928508 99.6819015487439 99.6586918900085 99.6797771742134 99.7374638144302 99.7963228003643 99.8311905039977 99.882441979537 99.9088101503441
95.8323179642036 99.4697858093964 98.9636723275236 99.2022926664623 99.6239885893915 99.7501607098036 99.7887331415132 99.7813324192642 99.7754154023285 99.8068419926527 99.8457931258261 99.8853392885863 99.9049625412978 99.9328784333018 99.9492705318018
96.2739689240774 99.5059111437858 98.8299457451229 98.9382620457865 99.5537912504868 99.7446099136842 99.8159386375301 99.8376596411559 99.837300217181 99.8546922623273 99.8863359884059 99.9170736185934 99.9365828605539 99.9562277696812 99.9681259700089
96.1177266993902 99.3790977242665 98.5957116110377 98.9420328130451 99.4733652961019 99.6428785245282 99.6573204175561 99.6623557248759 99.6386027731303 99.6635113524547 99.719255070876 99.7873966027459 99.8238247883726 99.8672467391219 99.8993082062819
96.546853798843 99.5091344980356 98.9331785414553 98.9914101107452 99.5423088960782 99.7420422244965 99.8017638440782 99.8109396912044 99.8021858869788 99.820046112392 99.8553330355341 99.8926678307251 99.9165919502809 99.9420647450625 99.9563615011849
97.1828506177036 99.6063353711401 99.0061669572985 98.8798003197603 99.549106098361 99.7468643311766 99.7972881441545 99.8033907522789 99.7821560589629 99.7921582642209 99.84175544105 99.8747684509755 99.9068106203632 99.9338451499883 99.949399814024
96.5670990242086 99.4978053046013 98.7444120242848 98.9266415036023 99.5082085833802 99.7075860666834 99.7570382418804 99.7733316685449 99.7693897412471 99.7885309791768 99.828514331605 99.8766277479706 99.9027076081669 99.9318385798325 99.9498894247065
96.097504738348 99.3884220352169 98.1171044421055 98.193977020002 99.0735517779163 99.4148315250536 99.5098759426076 99.5426642489885 99.5278980737484 99.5482217889839 99.6476441877581 99.7496070801024 99.8031743122797 99.8583688076415 99.8936703653071
96.205501328236 99.439000765248 98.7485911967238 98.6886964007105 99.4532944603498 99.6735647049332 99.7124218439776 99.7182106991773 99.6999879500014 99.711522517845 99.770501017255 99.8269124278876 99.8615785289117 99.89899329588 99.9220944268735
96.2756462698664 99.4930030622937 98.8220960107162 98.913011861272 99.5081002774015 99.7172300455501 99.7661232946958 99.7766749984234 99.7640467928991 99.7820705261746 99.8345644798369 99.8720247639122 99.9030622345494 99.9334310265908 99.9484696867902
96.3524350481329 99.4614628232873 99.0156134315183 99.2312124526006 99.62559923961 99.7370236221056 99.7441542343045 99.723987127842 99.712712769799 99.7396987163434 99.7892556308727 99.8326292569912 99.8612549549035 99.900973057204 99.9226316462304
96.0456776506721 99.3860330174081 99.048385276882 99.1294377397069 99.5705591593148 99.7032007134325 99.7166899497632 99.698190431748 99.6883434476127 99.7166137462236 99.7606238279972 99.804518069504 99.83095597424 99.8794749686925 99.9063385334855
96.0683018508044 99.3466246596818 98.638873383878 98.7555986693288 99.3756022148771 99.5811521579521 99.5994247962696 99.5825226253556 99.559215344789 99.5918071564029 99.6650766146764 99.7370625860792 99.780082615974 99.8415793314036 99.8666422657996
97.1294451749705 99.5580888461697 98.9202731193837 99.0271729453323 99.5268473137288 99.7167760096384 99.7644734815157 99.7718307675656 99.754979214607 99.7740813332427 99.826103906787 99.8698148645507 99.8941800498287 99.9272285651976 99.9411875966343
96.9233022333566 99.5438486369994 98.9442987389467 99.0550061235053 99.5405769672673 99.7132166230876 99.7581535340716 99.760974320854 99.7533160568628 99.7659170133859 99.8193487810273 99.870324645119 99.8918249897052 99.9241814194569 99.9403968395157
96.5814373550699 99.4687508626096 98.6303039773462 98.8839415053273 99.4654366827501 99.6499285752437 99.6733929516131 99.6653606586182 99.6377428170919 99.6728728317695 99.7380926574787 99.7959193256249 99.8330913953971 99.8787810684078 99.9040062674576
96.6500443060353 99.4905093919908 98.5744382313161 98.5325347817251 99.4191093161206 99.6780749932072 99.7418879770092 99.7560477099879 99.746300846139 99.7573026778689 99.8032140263304 99.8588678623993 99.8913862323851 99.9256674088973 99.9401269837089
96.050164529342 99.5056821206182 98.9844728135871 99.2171276571938 99.6465094126979 99.7815219871212 99.8101333402884 99.8068206386834 99.8043881040115 99.8312558569422 99.8667615516896 99.8996460138542 99.9179667478924 99.9437232843424 99.9578950789667
96.096725751586 99.3520014815973 98.6014819987707 98.6750274861579 99.325012545308 99.5558402816794 99.6093788451176 99.6181920993131 99.5848687950188 99.6115690840769 99.6847495137592 99.7553758103582 99.8024559081043 99.8546583573372 99.8839097784396
96.4173225205593 99.5198987923676 98.5925750137852 99.0430122317805 99.561841243992 99.7424291092377 99.7942777344251 99.8069986092885 99.8003798037817 99.8286769049601 99.8636992175977 99.90518081642 99.9234126274448 99.946548377343 99.9604830317587
96.9236042965774 99.5214129218861 98.9416946910246 99.104678426789 99.6079082116454 99.7507248373151 99.7786549088589 99.783280922405 99.7714265810124 99.7849343955217 99.8379602685805 99.8762561472236 99.8994207202138 99.9257987627802 99.9443417275316
96.3570576072321 99.4213505217151 98.9429485193895 99.050333660975 99.5530806281476 99.7198320755752 99.7465610483736 99.7404215189812 99.7311302885451 99.7490098738375 99.7964163558371 99.8445961686974 99.8719129366334 99.9062767397502 99.9289489807439
96.7710255938551 99.48454158395 99.0274062177543 99.0988339196386 99.6076450299424 99.7684546787971 99.8129541589326 99.8182713172233 99.8049335256419 99.818055107289 99.8564426278448 99.8970860736372 99.9128327189355 99.9386343763964 99.9523704551878
96.4214540979757 99.4949323219558 98.7910737032125 98.7007459734338 99.3939501908575 99.6353469570204 99.7026651713838 99.7108669172701 99.7157415812312 99.7245948106664 99.7871674297468 99.8390750261366 99.8722833224442 99.913586467668 99.931306411332
95.8782741035931 99.3783828473383 98.9168485431126 98.943962917112 99.518543677837 99.7076171856421 99.7416826023673 99.7418093578803 99.7282001375103 99.7544950726556 99.8034484009446 99.8525389098133 99.8812709404659 99.9125554342609 99.933288219185
95.4856462426867 99.2920753602022 98.5164020239273 98.7817856674494 99.380902350097 99.5905375355782 99.6233996502094 99.6051662281975 99.5800511486158 99.6128921318856 99.6945630526353 99.7554954907895 99.7971527330296 99.8527971306722 99.882626351791
96.7097981104208 99.5050962642007 98.9924293634069 99.1625060328632 99.6006609882768 99.7594824877933 99.7966973667407 99.8045418706412 99.8035427679463 99.8195080564262 99.8547490570904 99.8904448140292 99.9115979520889 99.938764140418 99.9537293382347
95.227718788451 99.2589176374619 98.7722024796928 99.0315328834261 99.4914175870055 99.6289071553175 99.6213361663036 99.5978846148597 99.5963312629963 99.6336852088399 99.6891039974125 99.7584629620118 99.7919090961616 99.8420259917349 99.8749752838862
96.0797289189363 99.4479403701464 98.8780776297228 98.9618380162992 99.5345218414503 99.7106008775297 99.7479151003443 99.7496645380591 99.7429067545867 99.7573434980224 99.8048824668451 99.8549264322504 99.8827531740805 99.915494196789 99.9359019620986
95.8115370156975 99.3969480410733 98.3000155017112 98.3864804341708 99.1965247498969 99.5036259418811 99.5995459453444 99.6346220956867 99.6072017032468 99.6292092048086 99.7165409589067 99.7995890291878 99.8423942266678 99.8926595450646 99.9180695308801
96.2064785866976 99.4254338551488 99.0492537431866 99.1741702161607 99.6257449814584 99.7619194808264 99.7791268873198 99.7801637900372 99.7733957786719 99.7898226533976 99.8342167605974 99.8745883612977 99.895153593679 99.9255834256331 99.942532402028
96.674468334739 99.4911749449151 98.9084013080032 98.8695830734553 99.5048138202474 99.6839756655203 99.7299154508091 99.7282362931297 99.7037818851434 99.7097034820268 99.7635953626606 99.8203388741467 99.8523600497801 99.8981678054122 99.9181919735935
96.2009212124985 99.4445110978314 98.8934984317183 99.1055009857443 99.5630880987091 99.7250348253481 99.7723677655781 99.7728701515995 99.7694545909446 99.7923148789527 99.8407225883825 99.8800874094626 99.9034637106345 99.9294653935776 99.9491856591866
96.1645370210571 99.3889350089736 98.7617164161292 98.9638300350664 99.505352468217 99.6673238764771 99.7034434105668 99.7133387621744 99.689349800049 99.7056758416912 99.7733383442396 99.8285031151641 99.8518333646912 99.8962865532432 99.9205702702315
96.2219148935621 99.4658452536551 98.8727546681367 98.9189615458674 99.4910231088179 99.6820521678744 99.7252149482244 99.7359947885309 99.7202212036857 99.7345900551243 99.79515354381 99.8489611155677 99.8774580211678 99.9115607053188 99.932257551559
96.1742069583563 99.4276088727259 98.889814934022 98.8888449162839 99.5213961051889 99.7198881582546 99.7598111156514 99.7693090315926 99.7567741424042 99.7704765057329 99.8222288306514 99.8657556746493 99.8935666160821 99.9260578141641 99.9462404565245
97.0514997149889 99.5723915446565 98.7625493235077 98.8269340280338 99.4705913079133 99.7115882576009 99.7596626971751 99.7826061850339 99.7667421979584 99.7883783805665 99.8366808982554 99.8786689612541 99.905011025534 99.9342661734397 99.9513731610798
96.8738364958911 99.5372580996853 98.6931505577623 98.851065140856 99.448500290784 99.6714249925654 99.7299773255569 99.7490599419252 99.7413033054193 99.7625403156864 99.81055911742 99.8669108715506 99.8966977330374 99.925709707156 99.942315802293
96.2229964905493 99.3965063913454 98.9031058865415 98.9407529070878 99.520120273559 99.7052559296189 99.7411741704023 99.7390109152817 99.721998839372 99.7447197680412 99.7927691705992 99.8446512511408 99.8694644101853 99.9040073394347 99.9249821270421
95.8257806289066 99.4524890170809 99.0515319586957 99.0422668910167 99.5898901674454 99.7539620760055 99.7776665791858 99.781565839029 99.7731705604931 99.8004199159042 99.8372438415983 99.8822298564677 99.9060193809332 99.9345556237275 99.9513417550786
96.3055420555762 99.5029722213233 99.1142416459971 99.0670115850431 99.6016643011103 99.7664441621812 99.8090494888601 99.8210626640179 99.8142042946647 99.8259239181117 99.8647205725963 99.9008243352485 99.9161958138381 99.9422291021121 99.956085568053
96.4280049718692 99.5172778952906 98.8492615808343 99.0082877016741 99.5277806746915 99.6993746083399 99.7537645675287 99.7667343454381 99.7561946657025 99.7776980444396 99.8277876063117 99.8718962258916 99.8979341838021 99.926401977534 99.9418445407711
95.775983067643 99.3982775473412 98.6562004939726 98.8178075489909 99.4283723640422 99.645413851929 99.6842464911652 99.6976151737004 99.6839479603391 99.7247083167147 99.7715968251123 99.8329473944677 99.8694175317361 99.9076258636462 99.9310650813747
96.732611370247 99.5185078415463 98.9030731695498 98.8543853525071 99.5315706871141 99.7106367543816 99.7324179721339 99.7301161748818 99.7016663059046 99.714853218772 99.7733646259752 99.8223660802206 99.8567990224473 99.9017457724516 99.9201635694169
96.3710148082715 99.4394398886843 98.1806980992794 98.0003288221554 99.0979379368938 99.4689638565943 99.5800249582904 99.5988359260332 99.574846035573 99.6014239926783 99.696710450118 99.7787943032393 99.8308950868154 99.8856476318901 99.9088734892754
95.857945516353 99.3748988374194 98.9490717418284 99.0275707796973 99.5264687199041 99.702066750085 99.7290903282583 99.7355580623885 99.7267209793307 99.7492625096583 99.8022423124384 99.8470120649143 99.8767878130426 99.9125217555564 99.9357799253159
96.3728180433243 99.4573676253309 98.9798016026584 99.1461813926831 99.5991981184642 99.7578395971202 99.7890010542407 99.8047697713422 99.7981330997246 99.8174046783629 99.8514975168536 99.8929502896301 99.9127698998672 99.9363768719523 99.9524066875162
96.2616540960797 99.4257456503459 98.8865940189238 98.9874382110948 99.515892718882 99.6831464969731 99.7324541552726 99.7461974617593 99.7302705987142 99.7507270893252 99.7972621954555 99.8483893606429 99.8791185847374 99.9165519398537 99.9333410556523
96.8036966721991 99.5497899582934 99.0191501294234 99.0266113426916 99.5485736442834 99.7500280203797 99.7985333843593 99.8173430371559 99.8207336508644 99.8344172399322 99.8698317744716 99.9018212427413 99.925484229675 99.9494532341575 99.9625263620381
95.8344355718022 99.3801595878489 98.7949162786212 98.885982370967 99.4456427561482 99.6419945448907 99.6973725716681 99.6938410104577 99.6774505046194 99.701163549137 99.762262425338 99.8207866955153 99.8566693124939 99.8922630343795 99.9188277804939
96.3295418466357 99.4228965717708 98.5516571465181 98.7752897260149 99.4060110304633 99.6294265673531 99.6883870605427 99.6873388098556 99.6811329302891 99.7015096392548 99.7608283979797 99.8224951493088 99.8586247467382 99.9025743924788 99.9232119084636
96.6853846326348 99.5666484879849 98.9258324690986 98.8227054295647 99.5175081656757 99.7352712736066 99.8023328742341 99.8177876482359 99.8119623463045 99.8310998860732 99.8664551946921 99.9035166517257 99.926260625904 99.9498084152058 99.9620319311767
97.2031115177127 99.5593597854878 98.7840739787306 98.9507074823003 99.5517840627274 99.7276853525972 99.7751807099199 99.773745569543 99.7494210653521 99.7476870903238 99.8126386864838 99.8583065427982 99.8883679427995 99.920975567018 99.9381150393395
96.6261358333685 99.4646216642536 98.8286508062018 98.8979933767682 99.4433600055875 99.6432446532666 99.687733967162 99.7013314784287 99.6895222162737 99.7118296180253 99.7607083242666 99.8201916055136 99.8495297533423 99.8923972965537 99.9128625336557
97.0300590695406 99.5483977266328 99.0172065368429 99.309812026011 99.6755800893108 99.797287929632 99.8323073837667 99.8371198772743 99.8344851841086 99.8526282459912 99.8800405663663 99.9124251623967 99.9273417374167 99.9495925916326 99.962292216842
95.7747932880833 99.3891179875235 98.9235743723419 99.1892785522004 99.6062284063015 99.7426227763187 99.7655303577008 99.7665813575185 99.7541600783269 99.7802083097143 99.8246779931193 99.8643222470819 99.886352767493 99.9177569442612 99.936041773965
96.5751625951403 99.5822304005036 98.7265425363201 98.8914621376965 99.5018861156508 99.6956590428408 99.7589189348828 99.7682701822526 99.7521479487579 99.7870040111365 99.8344082109764 99.8793169935508 99.9039632367713 99.9339843788631 99.9465086983793
96.1775027913098 99.4577840434903 98.8699089393988 99.0128847552744 99.5092783145136 99.6827662393291 99.7222795452649 99.7315078339626 99.7247507210797 99.7542784040148 99.8064427087568 99.8594722903902 99.8818424052649 99.9183257906951 99.9362677606979
96.7008164872269 99.5434652971735 98.6167662996524 98.731845384677 99.4234764820472 99.652069126991 99.6999576236159 99.7136651601817 99.6995440817795 99.7180798865267 99.7794155690964 99.836911860418 99.875084133035 99.9143013568151 99.9329773466075
96.8931781622304 99.5877222454908 99.167628157792 99.2828416407276 99.6718488864971 99.7886053583597 99.8026374893388 99.8076722727971 99.8047906473254 99.8220538601227 99.8585369310751 99.8939819092328 99.9110104304801 99.9400647396051 99.9539059733205
95.0070012496211 99.3242472113383 98.1654606902126 98.1466128935047 99.1798001362245 99.5010025475056 99.5877196278566 99.6155541184608 99.5982393215833 99.6181942533678 99.7101634317923 99.7881218169446 99.832693916255 99.8858995685663 99.9100916406778
96.3313620590627 99.4852070002829 98.7828174808608 98.7496111514914 99.4549797740334 99.6875638756212 99.7378975708737 99.7529059134094 99.7357420319625 99.7591622435548 99.8136931490986 99.8636829120802 99.8913879680063 99.923083788532 99.9405991003796
95.3506147589128 99.2796481815299 98.3515233795958 98.5902320699935 99.3563143602653 99.5918769574735 99.6131561412054 99.601495541542 99.5543392400093 99.5957541198923 99.669928721151 99.7530341125133 99.7943922412171 99.8504269893486 99.8838918672251
95.7946639280404 99.4348366960634 98.212159838807 98.0819904790301 99.2215970952318 99.5615620171145 99.6288917554073 99.6407218750432 99.5876764329619 99.6094143090115 99.6928119496812 99.776442825839 99.8291007635307 99.8779756641441 99.9055076957678
95.8830245919191 99.4101045955138 98.7290639739407 98.70799385166 99.4395705146201 99.6474537286169 99.7170697230828 99.7246034949655 99.7035624915941 99.731771873751 99.7904902816626 99.8389249031497 99.8752947255112 99.9129336863312 99.9341629231853
95.6384115099358 99.35439087546 98.726518139427 98.6949767621251 99.3712825163425 99.6038740061947 99.6491576307167 99.6496153673729 99.6291254675609 99.663443063087 99.7289410381538 99.796913052552 99.8354658054165 99.8827964038619 99.9088647403332
95.8961189597732 99.3502377868389 98.9108113248172 99.0262848213887 99.5444284829467 99.7025227851353 99.7236125377462 99.7069015404722 99.6962102051131 99.7241238335674 99.7750243505538 99.8247309882469 99.8552250686448 99.8939806533172 99.9188376937521
96.7242689459431 99.4673091191084 98.5915055311507 98.4393752482785 99.3316730946558 99.623036204053 99.6892596128271 99.690793057358 99.6164091671326 99.6514104424609 99.724749308387 99.7958924051412 99.8361044484965 99.8830320217898 99.9001460175342
95.6510247480581 99.3785921358208 98.6365734322119 98.6769576752762 99.3710443407377 99.6018614748758 99.6598035928178 99.6664157488045 99.6649970419453 99.6912941970869 99.7506088602101 99.8038521592461 99.8454594716827 99.8931989147917 99.9178490643482
96.9059961762219 99.5799624528527 99.2536744598252 99.2981477999935 99.6892707694705 99.8126189211799 99.8499471482381 99.8610421623644 99.855311337794 99.8717819118563 99.89621360873 99.9236169463492 99.9405557954286 99.9594112932534 99.9684864449208
96.3797778371401 99.5220576193694 99.0273007524129 99.2628543592705 99.6614192077048 99.7965468419364 99.8215199309605 99.8296608931522 99.8293840213497 99.8473009131825 99.8815972819838 99.9107505855178 99.9272520148036 99.9484148240551 99.9634637911518
96.3302400922187 99.420213076173 98.7192148211452 98.85536858711 99.4210280593722 99.6330798921723 99.6675130541004 99.6426238370161 99.6260134865485 99.6514775968591 99.7173461792726 99.7849388072351 99.812546579828 99.8633685792758 99.8927798881944
96.1685817606294 99.4388733689945 98.561127570197 98.5113781772911 99.3426070865494 99.6221896507525 99.6933969835293 99.7001844913914 99.6925353130328 99.704902989884 99.7687550108704 99.8306305978334 99.8690449161673 99.9084875285558 99.9300883535016
96.5018272093924 99.4792555107818 98.3779718614849 98.8684063944314 99.4949817605827 99.6935687449828 99.7344823519871 99.7258876419924 99.6964433765183 99.7245864065423 99.7920618469002 99.8509704683211 99.8789097732117 99.9157794341991 99.9348378967437
96.8069570012509 99.4915688236044 98.9377990331056 99.0275180283433 99.5592576622577 99.7198575921176 99.7609228169335 99.7566480715454 99.7348765385349 99.7545827683316 99.8091185268991 99.8599555410432 99.88582575382 99.9193664550652 99.9377767557243
96.0807630271093 99.3471668606207 99.0157338335615 99.0691814107421 99.541685954712 99.6878518465107 99.7054027283539 99.6878582174132 99.6811153699809 99.707773272136 99.755699184542 99.8007046761187 99.8286089944043 99.8751614288569 99.8962444217086
97.0430903845687 99.5399056732117 98.7756164590125 99.0226007565141 99.5233392810413 99.7077804316584 99.779231072166 99.7862437180183 99.777910660993 99.8006799285737 99.8409103649469 99.8810136241394 99.9033967250066 99.9330872065393 99.9494489409943
96.5169636444749 99.4745523057731 98.8457433634352 98.8852137860755 99.4680655657314 99.6477307528183 99.7218200347444 99.730850997865 99.7170314261914 99.7304387950475 99.7954165762373 99.846877066473 99.8736019382948 99.9114154213986 99.9332582319766
96.1785248980922 99.4481954669608 99.0102785996021 99.137555831063 99.615962268366 99.7683911013796 99.799604333384 99.8061463039758 99.798790440389 99.8178889392029 99.8592034350359 99.8920117791623 99.9125615638403 99.9389066276776 99.9533973172409
96.0575500034755 99.3915432989094 98.8445527228736 99.0017715756935 99.5171952151703 99.6929060465551 99.7080062120355 99.7075747210645 99.6972995613675 99.7197105080214 99.7718005143528 99.8271291503582 99.8576397256344 99.8984275922598 99.922060632454
96.7391376912298 99.5422489168788 98.8827485718313 98.9332731599609 99.5270746014815 99.7097515924683 99.7540213887846 99.7500103441773 99.7315586142496 99.7390719616405 99.7966074451655 99.8418971949804 99.8817012645818 99.9188321785747 99.935765828553
96.6934801949932 99.5026731171006 99.1117176146755 99.1473117755085 99.6180623945077 99.7602678306831 99.7789538244474 99.7894521082725 99.7714052638424 99.784028694476 99.8242948847831 99.8694007945503 99.8907177971207 99.9185478876536 99.9379838128787
96.1643333527572 99.4521949396424 99.0392419008595 99.2555842758417 99.6405766246274 99.7634660569964 99.7913328973653 99.7864962121624 99.7786929645387 99.805483653306 99.844094623943 99.8817591257846 99.9006434711304 99.9289407518673 99.9451629120984
96.7238869650534 99.5099862594875 98.8236481858554 98.9083255207319 99.5411594899146 99.7204481744714 99.7718931617863 99.7723590389113 99.7565940168289 99.7567859253126 99.8169795118021 99.8678629189976 99.8919634443616 99.9234464666996 99.9400300412616
96.9447291951128 99.5559729839731 98.3257932071168 98.6574816989297 99.3974323688872 99.6470130884861 99.7175494942196 99.7361677713221 99.7114436704518 99.7187479699001 99.796057059215 99.8561715864991 99.8879711069027 99.9224281976897 99.9407567155687
96.4284477852929 99.492626567022 98.8165384146771 98.7933450330291 99.4944317681393 99.7127303261271 99.7525872749079 99.7593784506186 99.7465572267759 99.7658375554716 99.8158161834393 99.8673914319659 99.8931809833643 99.9242351162382 99.9381390288794
96.3692217187999 99.4414167174913 98.9391681163686 99.037816990127 99.5439123298368 99.7019465381941 99.7591846436393 99.7651955538699 99.7507986628123 99.7710520864188 99.8196069049124 99.8597493083157 99.8847186524383 99.9194928311404 99.9400722337935
96.1840767209108 99.4561107949344 98.4290382788984 98.864713485596 99.4709667692193 99.6429594643628 99.6808922541645 99.685954321212 99.668173843948 99.6893964410522 99.7558707317135 99.8089708130047 99.8422146024011 99.8881030579843 99.9057444898616
95.7354821447918 99.3934233021994 98.3834933003302 98.5033393378201 99.3066700170555 99.5808158537961 99.6721286382357 99.6897981961782 99.6784708910713 99.6872180519306 99.7643016494137 99.8247613961405 99.8634687640503 99.9009184969777 99.9288866537708
96.0156535469488 99.421372859503 98.8743083993944 99.0805672824065 99.5339267380021 99.6742567097846 99.6921418598366 99.6882847884877 99.6586892766741 99.696273450068 99.7581355081984 99.8073413288484 99.8392770645146 99.8755056801458 99.9078835284871
96.0448505429597 99.4673708960559 98.5111227424887 98.7683321582244 99.4179544736433 99.6724472331868 99.7408609618357 99.7693188531506 99.7671547627724 99.7864970100216 99.8282754524611 99.8787631302993 99.9062327753534 99.9355275337175 99.9514912927236
96.9062724271187 99.5632181058999 98.9523316100285 99.0593942870633 99.55808244511 99.717414799881 99.7612217192166 99.7630647318813 99.7538645034476 99.7714810505846 99.819138452513 99.8677210473065 99.8941766779686 99.9224286666673 99.942367187146
96.5748090110988 99.4759622504236 99.0722504505893 99.2723773167787 99.6398094172694 99.7713864910363 99.8012117983948 99.8032506129466 99.8041299649709 99.8191617142407 99.850512250841 99.8910479180968 99.9087578425484 99.9355982447237 99.9506276702127
96.2843451269922 99.5079087385361 98.8306076488517 98.874595511262 99.5269914294934 99.7268152895472 99.7852562411747 99.7951599644299 99.7866959262735 99.7953031401646 99.8452721500752 99.8862626658825 99.909916726614 99.937115559265 99.9528564754172
96.4908730625276 99.4610068083394 98.9735051450395 99.2038620571932 99.6086316320521 99.7393697066918 99.7668897762496 99.7746876264657 99.7673698000324 99.7913108078087 99.8321798115115 99.8670659542851 99.8959995169252 99.9229320398773 99.940700504238
96.7184117854925 99.5093610845199 99.003694882316 99.0506833197986 99.5753499822065 99.742961242188 99.78759901086 99.7901575543959 99.7781851639395 99.7976791692778 99.8383870279777 99.8780379113262 99.9033171252452 99.9322086136871 99.9489868550272
96.8193025786616 99.5203963819263 99.0081100525616 99.0213609647003 99.5691077768014 99.7350541496704 99.7594799028329 99.7544524367585 99.7477031688832 99.7563681132131 99.8078345706707 99.8490885689581 99.8786590261774 99.9161258821918 99.9311154179926
96.3071415422588 99.4516680148911 98.8094325279135 98.9419753853798 99.5166515121964 99.7025903290799 99.7519269663914 99.7600452134121 99.7564952959941 99.7698886267156 99.820858957715 99.8702483264313 99.8956677913302 99.923692346779 99.9416870178225
96.6239549688726 99.5543481359039 99.108050006975 99.2705922333138 99.6677730654773 99.7807313351868 99.8006150551943 99.8015842027409 99.7913082542551 99.8089539465036 99.8450303603844 99.8845246733939 99.9043083784466 99.9336156586879 99.9455066693975
96.7614359295741 99.514175146139 98.9907881511944 99.122949912018 99.5843351607688 99.7232642847075 99.75755922992 99.7487026369361 99.7386096377591 99.7579101343092 99.8110265262209 99.8560646846673 99.8758338300006 99.9103755587102 99.9340315902116
94.9968214052679 99.2938153671098 98.2085507977271 98.1275773526531 99.1858579781549 99.5210798194692 99.584091362129 99.5772082253368 99.5673540448552 99.5762749939774 99.6771697819323 99.764268941369 99.8131561961087 99.87130019038 99.8974353151199
96.0252141889572 99.3701240586124 98.7018080781303 98.8279299398528 99.3954920006385 99.5930608550268 99.6267206691375 99.6302508270898 99.5996492612186 99.6204198831076 99.688856920261 99.7672514306551 99.8095306281744 99.8612761441257 99.8881202568372
96.0505081835808 99.4333787221721 98.6537739799712 99.0549453137644 99.5703826009363 99.7472272450514 99.7861563393012 99.798686635316 99.7953449256331 99.816911010501 99.8541835156579 99.8962675384585 99.918167713907 99.9415462101074 99.9561484051467
96.6633329453829 99.5143239380274 99.0971737079002 99.1972995745736 99.6162130415178 99.750942061961 99.7945478459029 99.7962339850235 99.7870666579398 99.8136531136981 99.847033183061 99.885718365452 99.9066292132011 99.9328963889127 99.9490967288869
96.2621737468449 99.3956159979681 98.761064297031 98.8283143991042 99.4638243665594 99.6727467460438 99.7006420401444 99.6920382772465 99.6614404731022 99.6889095937236 99.7445845883122 99.8017734803196 99.8376599908305 99.8832555419323 99.9061369752698
97.1162445167035 99.566200637135 98.84492122814 99.0455678348457 99.5881958058837 99.7521434266065 99.7923570331178 99.7988833535425 99.7759583844178 99.7925166692693 99.8343752765121 99.8779308745457 99.9021007036087 99.9312703084707 99.943890526501
96.1784868036729 99.4242361240984 98.9351576045796 99.0045281851179 99.5208040581615 99.6985847417544 99.7480790050418 99.7430628973528 99.7351031639981 99.7579785281605 99.809147834389 99.8533845887012 99.8807534755926 99.9169605357566 99.9350670050796
96.0302904324754 99.4358156089463 98.8929291009312 99.0106662285221 99.5812195264356 99.753088998929 99.7952190502398 99.7969323334676 99.7736344712708 99.7896705435413 99.841241146592 99.881579091759 99.9039406946551 99.9332447686235 99.9497568438264
95.1789717621828 99.2620534670505 98.568394871721 98.9653640935114 99.4692685176741 99.6313641372246 99.6355009280664 99.6259079303194 99.6056036137352 99.6409512360713 99.7136245429202 99.7785710833087 99.8138546355895 99.8551090623471 99.8947790850172
95.9026149236659 99.3917393274632 98.3383468615868 98.4876805715049 99.234325616821 99.5241382603028 99.5754819179792 99.5858162345233 99.5631847667122 99.5860136890185 99.6679581348117 99.7517122387192 99.8002674900052 99.8586966026759 99.8857695767596
96.2598571926144 99.380770598102 99.099204061937 99.1284443713187 99.5757956740703 99.6986466716662 99.6923746768658 99.6700788548428 99.6385803108021 99.6794099934089 99.7229167581367 99.7836751045297 99.8099042888039 99.8572438512566 99.8835879961988
96.7497576122195 99.504076037392 98.6964734542492 98.8866743859116 99.4855769943341 99.6856218339778 99.7333469773175 99.7391451569303 99.7191600676884 99.7358957477772 99.7812863855407 99.8397983212857 99.8747829409227 99.9144654903111 99.9321650854748
95.5312722463874 99.3757186978932 98.9236573463617 98.9500148611467 99.5083898319634 99.7001284550163 99.7442222811692 99.7494689728332 99.7436535721882 99.7764480075437 99.8232119688769 99.8680573257167 99.8888974853211 99.9202788042532 99.9401667430633
97.1144574252573 99.5912317901449 99.0283905967554 99.1873244433239 99.614335479251 99.7655627803078 99.8068021109346 99.8178794534271 99.8017574015379 99.8167912408042 99.8591951556627 99.8900542697934 99.9174012941692 99.9408474454503 99.954113779948
96.9275983510434 99.5868666930437 99.1759687704914 99.236179960003 99.6805776563597 99.7991660789012 99.8055196870367 99.812061067541 99.8079886059951 99.8217215973853 99.8541279359482 99.8919817764427 99.9121753691085 99.9363259568408 99.9503840529099
96.6864780306069 99.5640625486774 98.8472543020493 99.0473241957659 99.552752740248 99.7441952168665 99.7922408220522 99.8057216334906 99.7959114001288 99.8167430008785 99.85584231456 99.8984741679024 99.9176035032008 99.9423365082075 99.953887858887
96.8515340031221 99.5353311739156 98.7614088478078 98.6482158975439 99.3941795740734 99.6529850402044 99.7218410670693 99.7243859668925 99.6991883274842 99.7246752454798 99.782477412208 99.8365405552193 99.870376663131 99.9121160983325 99.9282298536787
95.8159723492721 99.302697262224 98.6516280964688 98.7931402712996 99.4383586643476 99.6257746027297 99.6380844415395 99.6191591809779 99.5963555947067 99.6215527226389 99.6800858087697 99.7428053895061 99.7850352124553 99.8388277353275 99.8766464140341
95.4724390693005 99.3770024674897 98.5390101012354 98.5892267112527 99.3594432101923 99.6051541242245 99.6562408490214 99.6778331649044 99.6649752838852 99.6949045487808 99.7557725668754 99.8208288886373 99.8575339576838 99.8957489778026 99.9236301433791
96.5142998444253 99.4974231143233 98.806007856947 98.6576913639035 99.4046796681677 99.6590961032549 99.6966670359427 99.6977270251582 99.6851268123932 99.7005615843147 99.7598387000264 99.8198183288372 99.8571765482137 99.8999918518672 99.9204079540923
96.97735231777 99.5784235983697 98.7595654536462 98.993787505747 99.5209190831538 99.7296371998548 99.7807335210779 99.7982675231387 99.794661916964 99.8130152783002 99.8556531144694 99.8948965022429 99.9142515035854 99.9406289987812 99.9553486569152
95.8514786024313 99.349270042495 98.6586075493256 98.959795638259 99.4663560469922 99.6254621008424 99.6221624619281 99.6172708774555 99.5868850753577 99.6219492111012 99.6884676554831 99.7550962238732 99.7922793793011 99.849470369671 99.8776068277098
97.3441459302762 99.630146472126 98.7122830087119 98.8002708001987 99.4295631127896 99.6832181637081 99.769219122126 99.7903589520635 99.7957253736117 99.8107717822578 99.8556277322812 99.8975740092898 99.922168230488 99.9482598950881 99.9592173212467
96.57802387314 99.5042796909369 98.5838217620757 98.800676851439 99.4936465914606 99.7132245665899 99.7625678286188 99.7705025318808 99.756980017962 99.7658523054536 99.819638591145 99.8618280211115 99.8947741504702 99.9271271540756 99.9421940211622
95.5018322150452 99.3044414887062 98.1647806466188 98.378770759553 99.1677638103758 99.4488750658992 99.506571792735 99.5023032372262 99.4864451147027 99.5251238311105 99.6288322039834 99.7272201617211 99.7770433685616 99.8448343112865 99.8770996489362
96.7055402801929 99.4824017831341 99.1011176414747 99.2527409076288 99.6425290706056 99.7597557478969 99.7852067863477 99.7889646731506 99.7775682395716 99.8021957706043 99.8391627157352 99.8753671156379 99.8987881939527 99.9256270593393 99.9436815720659
95.8854764249053 99.4254984239318 98.704954784931 98.8809497206939 99.45832320332 99.6484734453131 99.7029345966366 99.7082082918096 99.7027547523259 99.7227342238136 99.7892067923323 99.8445427072735 99.8720084664812 99.9081511106977 99.9331232729742
95.3876830610368 99.2851208625396 98.6020131892137 98.7218428556099 99.3755982952587 99.5862955848411 99.6152558585716 99.6249220230356 99.5942285943629 99.6240285041054 99.6919341126907 99.7689320081678 99.8064072748372 99.8595974898313 99.8890945712674
96.1287302152496 99.4148163691878 98.9258003128288 98.8020810862321 99.4590041970568 99.6947199631346 99.751406941657 99.7577121087623 99.7430601758906 99.7660237402736 99.8064853721158 99.8548989347717 99.8885322563144 99.920305626439 99.9405421940405
96.2361440090866 99.4192509145848 98.470084252893 98.6814309752996 99.3916936723087 99.6271798398442 99.6847368227465 99.6972253874469 99.6739049278124 99.6973891817822 99.754650354808 99.8178568391429 99.8606455383259 99.9008032855376 99.9201038334048
97.1753196269234 99.6121961419156 99.1913530832253 99.2702091209678 99.691086306521 99.8129039787344 99.8427387228787 99.8557889333136 99.8428784602684 99.86102782124 99.8905027933306 99.917433032575 99.9332606092643 99.9534576134034 99.9657451769987
96.4596761657017 99.4368195163 98.4510473606728 98.4237942494373 99.2565359532021 99.5374147750093 99.6304619295523 99.6508170361267 99.6342826500321 99.6623478982898 99.7308676220424 99.8019981512183 99.843993630678 99.891633908965 99.9155661610397
96.5925377183624 99.4782520009165 98.5814999308379 98.5653597927688 99.3577713328348 99.6128930120947 99.6642956545397 99.6598669246852 99.6323137581278 99.6489967153761 99.7220290794529 99.7931095930685 99.8332741780649 99.8835122875729 99.9101257845424
95.2520086346589 99.2548069562979 98.8479099095747 98.9716547165617 99.4729689999019 99.6284720072769 99.6299990289544 99.6206941683843 99.615435201868 99.6408666071762 99.7038191683727 99.7630636484467 99.7942508295528 99.8470121215144 99.8822863733151
96.4797089234714 99.4467596834629 98.662977368948 98.8586281727646 99.4847399056601 99.6625460267819 99.6947459384384 99.7059349757089 99.6891977518257 99.700647833215 99.7654773969086 99.8145589158811 99.8508280363195 99.898420657135 99.9217566919639
96.7121296613816 99.5494556047104 98.875313991815 99.0123738035257 99.5458418060088 99.7235822183345 99.7517760778437 99.7561201669374 99.7395346287682 99.7709961306984 99.819943592718 99.8680563666189 99.8948155924052 99.9269790101475 99.943639343748
96.4042498836839 99.5105330562689 98.8984885197878 98.9210378130169 99.5553435809983 99.7285381560863 99.7753309804234 99.776374806521 99.7602279070987 99.7732003436111 99.8212764601544 99.863778001585 99.8918523923393 99.9218043570734 99.9385494512511
96.0662893451789 99.3951295316234 99.2292786302256 99.3165872345417 99.6656570082122 99.7717614507614 99.7772798439704 99.7841941647294 99.7853080235067 99.8097638885533 99.843653820339 99.8764513128572 99.8954956490772 99.9244108323795 99.9414666809621
96.9554569063395 99.5100544440353 99.0425338760085 99.2396525310621 99.633695510253 99.7435411928064 99.7519176985088 99.7329603674497 99.7072340192741 99.7385906304341 99.7941328959808 99.8396243017006 99.8629992208311 99.8985422753857 99.9170688327135
96.6064248304444 99.478670700803 99.0211034994077 99.2075170078504 99.5970238821856 99.7344990773689 99.758096961465 99.7599914548404 99.7578629638112 99.7714839332904 99.8166564621928 99.8616632145551 99.8895484891745 99.920483133768 99.9386289643525
96.2848085781933 99.4741806909211 98.7185828172459 99.0686061798569 99.5780887729396 99.7324525924349 99.7701997262131 99.7739083694651 99.7665650675344 99.7828653737479 99.8295156116883 99.8738684396793 99.8987954976539 99.9276670208191 99.9433739212131
96.3166811741817 99.4181467572466 98.4761814542534 98.4190550705337 99.2545437518602 99.5311767945713 99.6198007106364 99.632143109792 99.605223385988 99.6121652004532 99.6947682195676 99.7813715378752 99.8237088991827 99.877909642147 99.9023539140073
96.6953378775431 99.527557680636 98.6768844228203 98.6843390720132 99.4129867585671 99.6612275924253 99.7346767877988 99.7479137830128 99.7418595363668 99.7600427841883 99.8146820219994 99.8582137271191 99.8949980475745 99.9274631301292 99.9441594114036
96.5812782600375 99.4019164216247 98.7256902578171 98.877353772263 99.448321542547 99.6232778922257 99.654096123427 99.6543186489985 99.6296225040685 99.6440584806215 99.7112733695925 99.7863028759375 99.8146643051043 99.8661037583023 99.8951579273049
95.7002355689928 99.3697106863895 98.2275523217572 98.5424091127563 99.3244747412151 99.5824650362477 99.6574930963586 99.6694352581633 99.6527611864721 99.6850798280439 99.7536287565062 99.8158840467944 99.8582473414347 99.8989974371436 99.9217318480716
97.1923197250778 99.5986775418496 98.630730887194 98.9675717273381 99.568909274396 99.7436814571009 99.786738764424 99.7891088930753 99.7688672951021 99.77394731763 99.8306270103921 99.8747650984261 99.9043908188877 99.9301560134916 99.9431831687922
95.8606762684481 99.4325600974682 98.9617955797226 99.0516589507358 99.5686854694449 99.722734740219 99.7449641478016 99.7508905899703 99.7440420203516 99.7660078250447 99.8172146613574 99.8651767495019 99.8909560845809 99.9223696428576 99.9388308125761
96.247602463777 99.4717744832225 98.7026452434743 98.7799178264738 99.4261185408002 99.6471202603364 99.7204183520844 99.7282729970848 99.6970053011139 99.7292912879266 99.7936958242883 99.8452173698545 99.8789762410439 99.9176892427822 99.9360358577002
97.1577091142312 99.6032145073126 98.7769179130084 98.764894709054 99.487079295826 99.7083280575435 99.7872726070534 99.8021695636442 99.7846270303418 99.7808394525267 99.8358198730354 99.8840828246857 99.9104322456418 99.939053883213 99.9524874190218
96.6257412822474 99.4837347782498 98.878833725239 98.9860416351622 99.5174002386256 99.6948155084257 99.7214054529523 99.7204827157121 99.6895482772659 99.717747677222 99.761010407011 99.8207980218039 99.8517394811873 99.8900071698625 99.9106895324532
96.2145301649834 99.3989432594449 98.0703704634066 98.2209602155201 99.1943632401036 99.5149027855864 99.5976151168127 99.6139397542397 99.584440673842 99.6125993584155 99.7027899899423 99.776380105878 99.8270392592897 99.881725624314 99.9041830938723
95.2317123044376 99.3147564066387 98.9139297615033 99.0070666245289 99.5446243023321 99.7033574904648 99.7338732459312 99.7323680356343 99.7089403327332 99.7395262084128 99.784569506899 99.8368725644238 99.865355503706 99.9036749331665 99.9256042935178
96.9639914677943 99.5598829294057 98.5818122064298 98.8737952334311 99.4922778666512 99.7081296070959 99.760081153863 99.7810289911613 99.7714955313282 99.7898663329584 99.8376306017592 99.880200907817 99.9067962365564 99.9340164344956 99.9500524172639
94.4672706423111 99.241789928921 98.8299319399046 98.9145405370768 99.5135818616402 99.6954867780178 99.7051448105661 99.7016725670796 99.6917705250398 99.7222994823461 99.7765173058155 99.8228452693879 99.8468494221913 99.8907888372441 99.9191602639834
97.3744725969016 99.6225626009307 98.7833751301036 98.7784746680227 99.4798038990662 99.7081615894928 99.7695876305431 99.7919296776444 99.7800174121807 99.7989376320115 99.8415342093911 99.8857813431383 99.9141173437644 99.9396996017284 99.954214169808
96.4840886655747 99.470844426707 98.9795245534778 99.0447962063163 99.5339357539978 99.6841513524273 99.7252354311018 99.7371421999303 99.7323834883669 99.7472620921117 99.795535047746 99.8431592164253 99.8751115730984 99.9080273855513 99.9280585261908
95.4964740507537 99.3348689249826 98.9851627764271 99.1584283066952 99.5758232812794 99.7089843043096 99.71164785018 99.7126561761126 99.7095639735444 99.737413508731 99.7874062531952 99.8267205424656 99.8588360788923 99.8983069579827 99.9195214910013
96.2973557398891 99.4759933885668 99.0060505923951 99.0228643094167 99.5509989713531 99.7175528981418 99.7587947067317 99.7666850228165 99.7544815415766 99.7811418259173 99.8217748360928 99.8669477409373 99.8918619720311 99.9234229670094 99.9398069494361
96.7462484975649 99.5815603778499 98.4844581447255 98.5903990873076 99.397337479095 99.6619606673213 99.7388177415027 99.7614030910376 99.74098187247 99.764661363497 99.8200471078298 99.873861784521 99.9026652871337 99.9348617758377 99.9488482443684
96.795737791555 99.5428817880013 98.8329076108923 99.0121825426081 99.5374971404057 99.7162289790464 99.7606336822391 99.7722376429441 99.7588759372965 99.7804613854707 99.822722771561 99.8694237301805 99.8954465762766 99.9280132098614 99.9421000983639
96.5036616256249 99.4337903337099 98.9207982809938 99.033330418129 99.5210251484272 99.6663182093551 99.6801481373186 99.6691961158251 99.6544998909566 99.6713147881397 99.7281649193419 99.7835354568125 99.816176670809 99.8659201580003 99.8935726457666
95.0097259281382 99.3442074110206 98.886990007969 99.084875619054 99.5649427209214 99.7152236961652 99.7273197118362 99.7241721867437 99.720626630523 99.7537713379691 99.8066805197333 99.8459485526173 99.8743567780021 99.9095456136518 99.9306126326979
96.2417593445059 99.4761413936801 98.920928127773 99.047207436274 99.5687836712579 99.7425608158836 99.7700438379297 99.7684793918046 99.7553385054356 99.7780303031998 99.8240717176239 99.8687312988859 99.8944245845524 99.9266225687504 99.9443160618604
96.6548353193539 99.4853802858249 98.8715415495717 99.0921613786683 99.5783783254819 99.7375193904535 99.7639841011651 99.7643231377609 99.7528449351464 99.7711798047291 99.8177759460168 99.8632814820835 99.8857446914069 99.9201383870564 99.9386550256108
96.9020174532463 99.5083945106669 98.7956405836324 98.9068827884839 99.4942066238841 99.6921384247202 99.7433275375933 99.7557059071408 99.7520050111289 99.7698013966391 99.8182534975874 99.8718186987402 99.8920946901517 99.9258115480461 99.9457680855392
96.1439439316371 99.4741891279879 98.9143968051703 98.7925005722886 99.5116725687925 99.7270781095454 99.7605812297223 99.7668167351054 99.7457479500448 99.7707969549917 99.818829883629 99.8639726221252 99.8915227245776 99.9232786980486 99.9411631265061
96.3508650352676 99.444621164625 98.9626197457623 99.1782270934285 99.6013134325653 99.7422914353711 99.7728955237278 99.7760209640726 99.7773869269794 99.8007762602054 99.8420019844865 99.8794404184984 99.9027500771937 99.930421312917 99.9444955840998
96.064451388582 99.4537316235527 98.3805470910533 98.5379551222451 99.3235537526451 99.6076968256299 99.6585598229547 99.6741242171815 99.645736463884 99.6821059852875 99.748974843694 99.8175823513276 99.8571720062951 99.9003350625562 99.9232236673782
96.5672176246241 99.4865741549184 98.3405293593646 98.3253634443578 99.2157752898993 99.5281822145013 99.6414943147799 99.6686314984141 99.6538379547071 99.6748593001945 99.7477629380674 99.815089576141 99.8588905200216 99.9034296434177 99.924248280538
96.369779379202 99.4988024182732 98.5608339224881 98.727310949231 99.4223973839024 99.6605389743745 99.7365511992377 99.7549839137172 99.7445432209992 99.7604646376299 99.8165371815191 99.8660649270314 99.8969042896409 99.928134428382 99.9455642504708
96.8225278228102 99.549763928951 98.5143468403931 98.6939308842254 99.3816224474828 99.6291988004605 99.7017341797074 99.7290615856344 99.7225806115721 99.733902503292 99.7928185336701 99.8520250439703 99.8845903665001 99.918618809724 99.9367468549202
96.0902989884722 99.37777206207 98.9709636388138 99.0096079631563 99.5116578172804 99.6708167520807 99.6695816617026 99.6621259066454 99.6273919659633 99.6615931533573 99.7170661944592 99.7685763010451 99.8047983153489 99.8538898988939 99.8787379370013
96.10045231913 99.3587831756647 98.6191562369522 98.6664363040029 99.3632137788603 99.5755627629818 99.6411106269614 99.6565948236037 99.6481292165114 99.6655647546377 99.7223988054594 99.7951765556354 99.830088108094 99.8815455919975 99.9068858014043
95.9141270334172 99.4576865170589 98.9597642949515 99.1455354320744 99.5882763672274 99.7313655792667 99.7581242841234 99.7585454580542 99.7509671239336 99.7767818428318 99.8156649177192 99.8568429727905 99.8887630295012 99.9228194242426 99.940558609948
96.3415639730322 99.4342725027942 98.2046382159096 98.5025684409499 99.2749418979112 99.5433306733516 99.6229944690172 99.6286027590541 99.6191526199715 99.6525182130501 99.7217354749706 99.802478565177 99.8410508222499 99.8882134532116 99.9138592718804
96.4513666241332 99.4664431685019 98.752355114373 98.6187434226606 99.3696962707935 99.6389373414639 99.6839158858001 99.7034917692904 99.678927167892 99.6784083266564 99.7539217098595 99.8129466467961 99.8449499916488 99.8921186058199 99.9117597365331
96.3791090758146 99.4265237914675 98.7529991752426 98.8043348713123 99.4236917258085 99.6388144479516 99.6927860528837 99.6767181724035 99.6591025455741 99.6977268279117 99.7541868636891 99.8100861163712 99.8485076432967 99.8886748943784 99.9131207048123
96.6105165940333 99.5036586420623 98.351901333016 98.6249135580958 99.3592500829564 99.6127888506166 99.6592663257469 99.6572950591904 99.6278629160398 99.6332140018135 99.7183861911541 99.8031479667105 99.8367858740872 99.8822078983885 99.9086369030889
95.4302690360374 99.401148087219 98.4945821753305 98.7004968014904 99.3892551212486 99.6408092739922 99.7176136975534 99.7373619819194 99.7291760241587 99.7602559000201 99.8212589284446 99.864119620299 99.8921113953567 99.9253984617061 99.9453471665813
96.7038379218345 99.4441044810211 98.9420205078834 98.8591120022285 99.4657637625377 99.6484916135383 99.6800404008653 99.682469737785 99.6626640808688 99.6789644854659 99.7381467038566 99.7933154470237 99.8266905540481 99.8728157064027 99.8965563569329
96.3421586205753 99.4394112812942 98.9206091390664 99.0256387247688 99.5670220686041 99.7252839447562 99.7512055408635 99.7477442489148 99.7262219665842 99.7588086169529 99.8074633866096 99.8559484911043 99.8795663392883 99.9127753504116 99.934028751611
96.2925583632883 99.53355910192 98.7515016450784 98.943180593901 99.5311356839572 99.7068810058003 99.7802886714339 99.808741029979 99.8026169107939 99.8229181977145 99.8634416300695 99.9012514434618 99.923378479453 99.9475856555843 99.9619865915047
96.339945496108 99.3874909999493 98.2889588906976 98.4880778224661 99.2466366171894 99.5274054810051 99.5945683061724 99.6030314605549 99.5650721354634 99.595037045766 99.6787621337701 99.7603294282678 99.808021735449 99.8649122051895 99.890885935609
96.2589254608127 99.4576229474449 99.0361847920793 99.2454836342083 99.6512419974636 99.7744335946558 99.7853690297439 99.7927941061931 99.7791116649536 99.8041913626754 99.8472140395143 99.8823360398669 99.9037976316341 99.932841984891 99.9506499309415
96.7379574706579 99.5108825030698 98.7605075436762 98.736581060047 99.4124040827793 99.6482367202818 99.6908746363915 99.6999320423359 99.6928219922338 99.7116085947289 99.7767231550958 99.8345016906116 99.869433627601 99.9072474328981 99.9271747628965
96.3961872628115 99.5188398674787 98.9301103952933 98.9871980656509 99.5370652449874 99.7286113184785 99.7808903747522 99.8027615186952 99.7941004310929 99.8063056386104 99.8514933311135 99.8901766150334 99.9136655378557 99.9415760706398 99.9527436098968
96.8440809332898 99.5692118535658 98.4639817330074 98.7568087217761 99.4414017300443 99.6783542551919 99.7499320095228 99.7668090018955 99.7485050430608 99.7645946063141 99.8234161319913 99.8693263192143 99.8973588273643 99.9290295214667 99.9439745160067
96.6382611292871 99.5071222550495 98.330583141519 98.64267841822 99.3740122681226 99.6423084830044 99.7079835642337 99.7368553335206 99.7271748242211 99.7486642724943 99.8069462169632 99.8581734022147 99.8912621649535 99.9249476761895 99.9415386670096
96.0282087234949 99.2929545976966 98.7309469389546 98.8740988513232 99.4345333271996 99.6222442230474 99.6512809740802 99.6258334014448 99.5961415583498 99.6165263641452 99.6895895828674 99.7656799802589 99.7995614400146 99.8548018745087 99.8841841396505
96.6806694254091 99.5113426002675 98.845965282202 98.8083702876322 99.4958758723976 99.7008528474374 99.7439970961234 99.7560253781916 99.736813648806 99.7556842139429 99.8093216713113 99.8633621085428 99.8861637475907 99.9207602062784 99.9398547248612
96.030426574455 99.453071545356 98.9177509908912 98.9360742345419 99.5251059121348 99.7210816443395 99.7631517991862 99.7747202265893 99.7589239076996 99.7734278117931 99.8223101656127 99.8678582990092 99.8923194350538 99.9260497873276 99.9424889734319
96.1127358610483 99.4499532430032 99.0177942384295 99.1553734588772 99.5933191766557 99.7273403798502 99.7453352906153 99.7473535963573 99.7436478756899 99.7639836539088 99.8127412349848 99.8530255797856 99.8785212794976 99.9149436640965 99.9322935406129
96.8117265618646 99.5340333212876 98.4730674008588 98.4708365870527 99.3684962335002 99.6623219672135 99.7391430133992 99.757259097101 99.7363480426646 99.7509087018825 99.8086954604745 99.8576821397704 99.8912613868612 99.9226586844058 99.9398833447737
95.9664153915467 99.4028218634411 99.0569062746739 99.1177681097356 99.5822101148889 99.7201503518193 99.7449990148686 99.7444513256254 99.7312086495768 99.7562974626783 99.8044649957146 99.8522428732367 99.8746325915064 99.9094483049368 99.9321110976941
96.0083165919439 99.4299900751514 98.7448155500723 98.6674166330675 99.4137896034743 99.6752615536491 99.7421175156718 99.7539689841042 99.738740422393 99.7507887103262 99.8068781755516 99.8625690692046 99.8874674808075 99.9215504346548 99.9405660706557
96.6843170938406 99.5028478578562 99.0623024412101 98.9854835942325 99.5738601590795 99.7494060822174 99.8054387822276 99.8101684962227 99.8023750482956 99.8098742027303 99.852422709603 99.8896890791401 99.9150734268818 99.9399761273736 99.9521408558948
96.6194414302489 99.4794055628149 98.9046535193144 99.0832320247046 99.5869844746268 99.7356483973252 99.7623785133117 99.7641756426502 99.7360780093641 99.764241299568 99.8131526447816 99.8580254140459 99.8855399926878 99.9165702465919 99.9331042359864
96.4484183261941 99.4868448563097 98.8555945907846 98.9447006529864 99.4880054820038 99.6875266314914 99.7386369685617 99.7514781950747 99.7348700796526 99.7561394898967 99.8039608121401 99.8542514929777 99.8872218089865 99.9197626998749 99.9382372901156
96.7784946160722 99.5203536049178 98.9726169091428 99.0025472188445 99.5285247108477 99.7096829066384 99.7517418499888 99.7619502991121 99.7577524061475 99.7727531195446 99.8214416654122 99.8673116711221 99.8917861709083 99.9255835347275 99.9402456267416
95.6555608615353 99.4563631066092 98.6527045405722 98.8195245169985 99.5036646079392 99.7248039874402 99.7809811233533 99.7991843423954 99.7934712813908 99.7956990872235 99.845337151032 99.8927211605957 99.9180692720183 99.9441763010372 99.9564251765641
96.8871029056848 99.5276805216346 98.9968405045567 98.7297289610933 99.4954877165335 99.7336322939059 99.7978647240819 99.8094799026693 99.7906735554084 99.8034722006842 99.8496601654218 99.8913344140283 99.9129783176923 99.9413394210695 99.956256791049
96.3677244667693 99.4978602689235 98.7919300795119 98.7914488856394 99.4750325303036 99.7090513472579 99.7608849641327 99.7857367246356 99.7772215742306 99.7929310683885 99.8351185410893 99.8806837135673 99.9084793538047 99.9371040614447 99.9504723660006
95.7322280760194 99.3387460327221 98.8692815067277 99.0525569708773 99.5155379953652 99.6659396564943 99.6825852164326 99.6778707271284 99.6665104988578 99.6912418627925 99.7539486915426 99.8094083330314 99.8388912043444 99.8785293669364 99.9118905088234
96.509119719177 99.4593746486514 99.1416918960716 99.2713894682843 99.6602530608413 99.7783047051325 99.7990675980262 99.8132998891249 99.8159474655564 99.8280003186674 99.8644947173866 99.8990100711115 99.918124553372 99.9402405850309 99.9551801785423
96.2693213768889 99.4477285676372 98.4177366043532 98.6952665307148 99.4074738892162 99.6359351384244 99.7025344057647 99.714359143145 99.6842127052882 99.7169590644013 99.7741666194204 99.8378139385167 99.8715114171631 99.9102218939793 99.92900027817
96.6280523421392 99.4675781114803 98.8277999450036 99.0182593475524 99.5493113875144 99.7045605253643 99.7323205080498 99.7140216917229 99.6821844973421 99.7102822297066 99.7620049806364 99.8269304860983 99.8563787078286 99.8940452072372 99.9184377592399
96.452155738651 99.4386149819364 98.8510834013044 98.8289971271259 99.4502047276825 99.6336485105547 99.6784437804066 99.6842979412001 99.6516296796649 99.6805823922509 99.7348630943656 99.794141109772 99.8394471612329 99.8808569524406 99.9071956496136
96.3597313460725 99.5037671067099 98.6048815550561 98.8486535930801 99.4741192711446 99.6743472901167 99.7237582515284 99.7388549630447 99.7317046958857 99.743888087661 99.8062771496604 99.8559449932433 99.8883378895813 99.9240693199414 99.9391849212321
96.1713884327664 99.3731188448084 98.73197798884 98.8971978411669 99.4620540320136 99.6559932837114 99.6822176386946 99.6662633859247 99.6521777617486 99.6657302213895 99.7371471405533 99.7999189961642 99.8352000259397 99.8764937893321 99.905311363692
96.3060719718721 99.4217676802489 98.4090328709644 98.4458493714207 99.2407386453396 99.5015206915866 99.5822131659264 99.5967983431342 99.5616094521204 99.5826428886227 99.6750513977302 99.751038032756 99.7979024921014 99.8610435972439 99.8923152285117
96.3982298007763 99.455489639059 98.609942727511 98.6829993940164 99.3583548530824 99.5993219259875 99.6616710925019 99.67073607473 99.658328550887 99.6722928123638 99.7492326242589 99.8153765507768 99.8503966245643 99.8989828611193 99.9174100502129
96.684713350073 99.5108622985704 98.6013769330663 98.6804290297376 99.359417552597 99.618516270511 99.6943839935509 99.7157161982599 99.685639026164 99.7060276148776 99.7658814009937 99.8311541302114 99.8656010957899 99.9059681542087 99.923600749487
95.8612460141456 99.3339498935057 98.4888040701797 98.8007049987578 99.3965111530097 99.5900963209232 99.5960115522379 99.5784001952002 99.5412217866081 99.5694481712447 99.643614255034 99.7223059854715 99.7612392225697 99.8309329859221 99.8647045932476
95.1031404853932 99.3249830595976 98.8429901254454 98.9877142319039 99.5243304607763 99.6988638024054 99.7315882761883 99.7429349027439 99.7416052516365 99.7613366372192 99.8122368425806 99.8559388105795 99.8842717024618 99.921606419731 99.9396872597374
96.4761804945031 99.4313402130678 98.9508061379229 98.9866056157079 99.4930683955192 99.680194716797 99.7199577408786 99.7210578576793 99.6981778842304 99.7068090735665 99.7653353408086 99.8166270829726 99.8470465815587 99.8859290041169 99.9113713468343
95.6707566837773 99.3817698101899 98.1996860053427 98.1038093001765 99.185323497157 99.4965602447718 99.5464644464264 99.5467801798619 99.5120877809211 99.5322422655697 99.6354823094763 99.7314882843687 99.7751492992759 99.8399690295682 99.876883957441
96.2301782175732 99.4106415139902 98.8281653567208 98.9557167987912 99.5271805006217 99.7110661866696 99.7355953690573 99.7341045318647 99.7203487180732 99.7466356251346 99.7927660854589 99.8451557134684 99.8708824100068 99.9087935384951 99.924696890264
96.5317920043039 99.4890142185405 98.9579956900588 98.8577729746069 99.5367459720582 99.7327042259505 99.7713479638021 99.778880283643 99.7583709212429 99.7791527332722 99.8249445903932 99.8707018451175 99.8959757959405 99.9255617955771 99.9402649197648
96.82874038056 99.4522011919695 98.9037840507372 98.9016939120724 99.4629312359183 99.6636531468277 99.7167535352667 99.7086793543824 99.703727074731 99.7242732071249 99.7743975143532 99.8238750754103 99.858053249121 99.8993733879163 99.9184602221515
95.5123912830187 99.3117344278541 98.6982347421194 99.0396185050666 99.5228179084847 99.6700045380865 99.6954583155408 99.6828348801393 99.6728941292679 99.7024631097582 99.7653819243888 99.8201934762159 99.8517059322053 99.8928288745578 99.9221119224188
97.1318585759635 99.5857264348815 98.7814112391719 98.8323243191432 99.4416161249924 99.6810878657579 99.7400099125505 99.7534745688748 99.7233090422587 99.7543889450646 99.800611546849 99.8568624857855 99.8863108112291 99.921454267481 99.9402595921533
95.020262725169 99.2999358837348 98.2917152028901 98.4474831252734 99.2193068928563 99.5077316819491 99.5874581657416 99.5830412052106 99.5827861067927 99.6125069194964 99.6998802132744 99.7688946483882 99.8199837509054 99.8770401724109 99.9059954915593
96.6398008254818 99.5026005239532 98.7133485143156 98.8779877598159 99.4488492875803 99.654217546062 99.7430051385734 99.7724191272548 99.7689362754831 99.7826718997698 99.8397526745575 99.8771116688805 99.9040178815024 99.9364361810885 99.950252371065
96.571208337401 99.4840044792394 98.4966997209942 98.639071134044 99.3298084252567 99.5901009799572 99.67287054719 99.6761248108541 99.6549148136127 99.6846534470686 99.7597477513944 99.8185762276321 99.8582563988337 99.901516809109 99.9227057349702
96.2481879288379 99.4443197674249 98.7964461424466 99.0726397146461 99.5507902905186 99.6938573577486 99.7352362559813 99.7343401134109 99.7307828726598 99.7586462677215 99.8043816892282 99.8484645994966 99.8749420441499 99.9129905317923 99.9318682752345
96.4308498244804 99.4293695010414 98.3384286173332 98.4874980226453 99.2394700950018 99.5252300431786 99.5838797044724 99.602523552246 99.5661882563646 99.6067815460998 99.699847639483 99.7770763146875 99.8185527711124 99.8727349652244 99.8987159694111
95.8209488146551 99.3228044561969 98.0591909607555 98.0380632728543 98.9434520898554 99.2156299416405 99.1762719738097 99.1517140839659 99.0650293917118 99.0783762342169 99.2475271735587 99.3791027523118 99.4590571407279 99.5874890180232 99.6403084070634
96.2188127320546 99.3916857659257 98.7514778951716 98.7658671103098 99.4218703726759 99.6404579499228 99.6954452103827 99.6994623611708 99.6760942010753 99.7009837015479 99.7616546800384 99.8136437297591 99.8459058454866 99.8861939799262 99.9097719413079
96.7819149573294 99.5664483917866 98.7986084078589 98.9672544824917 99.5195774653391 99.7105676478033 99.7409080283613 99.7472422090575 99.728246310822 99.7542699410908 99.8059679459094 99.8433415000069 99.885877363457 99.9212263487138 99.9364368191767
96.4884496733814 99.49240709878 98.3246134863931 98.7327702660656 99.4350939462187 99.6357459316362 99.6651179155926 99.6595186651149 99.6315665259016 99.6580525156326 99.7277138986026 99.7930180766811 99.8382237751947 99.8833980882353 99.9044984609932
96.9250855225639 99.4989315079978 98.8412943579468 98.9415394496683 99.4870498592237 99.6876903250656 99.7411798977625 99.7578587169536 99.7556488505731 99.7767836777937 99.8261899739444 99.8647206892 99.8949603734799 99.926996389924 99.9458563637557
95.4535219101119 99.2899637263998 98.7856546644721 98.8062131670168 99.4378830229025 99.6361263228309 99.662216387885 99.6605623635015 99.6350045218391 99.6707072436791 99.7275376662615 99.7831265951346 99.814587265435 99.8712067305622 99.899933880581
95.4653484534209 99.3678526412674 98.3377425922989 98.489421436837 99.2687635442628 99.5499969218082 99.628492683764 99.6369855881657 99.616176655912 99.6428687559749 99.7163008422342 99.7800225393714 99.8308247350419 99.8756851983191 99.9038751579761
96.5194844598883 99.4246485882924 98.4039205511925 98.1658750246824 99.1592795822212 99.5106642302698 99.5894702740515 99.6004785792714 99.564954488782 99.5878214812126 99.6766253246291 99.7533683303732 99.8186266524057 99.8722003391183 99.8990052822245
96.6848933734471 99.5066413823932 98.927149148169 98.9908160579114 99.5369453632556 99.722965115429 99.7745312202587 99.7841753767893 99.7669093601113 99.7892434777296 99.8368282103664 99.8767597251678 99.9000630263289 99.9311941524925 99.9472816898062
96.6515590949712 99.4968439998252 98.727241087245 98.7076533977067 99.4311266775362 99.6449526249409 99.7037649050041 99.707822927054 99.688918929126 99.701322878004 99.7767947181769 99.8295727958064 99.8671187117438 99.9056138407199 99.9269729410923
97.0328590734464 99.5425449922249 98.8797787553421 99.0467541807804 99.5559758317578 99.7144477572094 99.7287041154982 99.7234217320773 99.6964671918309 99.7182789511363 99.7757341678634 99.819963153833 99.8542413724562 99.8943344304097 99.915034329504
96.7853457864254 99.5188293576222 98.7268652420959 98.6947310762134 99.4870557767155 99.7151759483785 99.7563455154764 99.7523261139929 99.7232771992744 99.7418248548721 99.7957175505751 99.8487339467832 99.8782795982388 99.916491667272 99.9310081937829
96.5094778306648 99.436314622853 98.9732038510131 99.2107837876155 99.617255167525 99.7375339946996 99.7684535881415 99.7700125376757 99.753807325654 99.7635605517223 99.813433869227 99.8584596352037 99.8826371501401 99.915488355352 99.9345840019287
96.6572075604071 99.4842050710644 98.765633079536 98.7422259230035 99.4630078000392 99.6894475578047 99.7418546177543 99.7412996272556 99.7211847023437 99.742638128636 99.7965409416582 99.8455700099569 99.878437208136 99.914698548251 99.9321052402071
96.1472743457043 99.4498014159246 98.8142287502725 99.0004342484959 99.5254192814108 99.7208365962232 99.768627392461 99.7736059934729 99.7621582922983 99.7866897647118 99.8302868054303 99.8676050454324 99.8916605766011 99.9248496197796 99.9406996357732
96.3622784942562 99.4211046855344 98.9556944374273 99.0279716894387 99.5294086353669 99.6899047638652 99.7192765580673 99.7273237708808 99.7132806551125 99.7387696267235 99.7877862354816 99.8360596058668 99.8628571602928 99.9024446942233 99.9280485897692
96.2517284240562 99.4129979092533 98.6797694917447 98.8642186878912 99.4602554373727 99.6558895185688 99.7049914784503 99.7129630115433 99.691938535282 99.7193288885171 99.7737145886294 99.8273636150346 99.8647922232315 99.9068044573913 99.9261219040447
96.1443225506578 99.4059158779792 98.6638659019781 98.5798913196978 99.3693955361606 99.6101827918958 99.6714883564631 99.672565779798 99.652184676001 99.6664481770546 99.7317007856508 99.7968989233562 99.8360520708463 99.8816024640955 99.9037040438346
96.3229913555028 99.359679147436 98.9472743497218 99.0748993699609 99.5206286424951 99.6535147030363 99.6587972847448 99.6295060409484 99.6028393598999 99.6508064678852 99.7105561088477 99.7642146533707 99.7938688430663 99.8479674943558 99.8809992275396
95.8333836618137 99.3420082508631 98.8710900882369 98.9617824119007 99.5115638413314 99.6748008639624 99.7044480927221 99.6949197266794 99.6846187301992 99.7099696478627 99.7617593366848 99.8180945503238 99.8448451467105 99.8835740931815 99.9103464214739
96.399317399343 99.4838617208165 98.7787485254179 98.8557017894856 99.4951535501848 99.7014674081572 99.7511521142614 99.7623568911422 99.7435780976097 99.7583701930377 99.8169312986242 99.8615902509626 99.8916368690139 99.9229031825356 99.940726034368
96.3246371419922 99.4471846371855 98.8466589043868 99.0246390041889 99.5187742775125 99.6897643432856 99.7166524749604 99.721135423112 99.7115603517536 99.737921456239 99.7966233749278 99.8484790622785 99.8782720889338 99.9110972953306 99.930172830273
96.5969999285383 99.5149921325451 99.0086029973595 99.2261975632174 99.6379119858441 99.7752953324292 99.8125517983917 99.8115791256218 99.8022709409374 99.8203760730512 99.8586344844702 99.8924197849758 99.9138713734102 99.9388739321449 99.9533981263189
96.8211069367132 99.5274782584449 98.7305970340393 98.770654337269 99.4670514418026 99.6627399376524 99.7230303485744 99.7262397789593 99.6978925592568 99.7080117986062 99.7701946476173 99.8204600567983 99.8571630304067 99.8992497248859 99.9196734213759
96.1900025445469 99.3992205925191 98.3868409923358 98.5080545515631 99.2962351647165 99.5643940709236 99.6318030554004 99.6314864603832 99.597899788297 99.635671883302 99.7139633430392 99.7876395898832 99.830270620051 99.8794686338621 99.9037491037515
96.5647309428686 99.4352539967629 98.7809182491805 98.9263078793499 99.4847625192832 99.6577266118962 99.7105316182848 99.7165150581207 99.7003637423771 99.7102337232438 99.7710122153661 99.8286845294568 99.8601202697218 99.8984860019468 99.9239717274829
95.9593059190371 99.4186238850506 98.7962087625908 98.8471833786339 99.4360360693764 99.6259281329148 99.7026814817773 99.7179889259341 99.7184774461669 99.7398993757762 99.7948097551873 99.8483503947187 99.8772300695318 99.9125817351685 99.9337114388956
96.0005384292632 99.4255473600771 98.9539930955678 99.0577441213309 99.578301930673 99.7391356322878 99.7575975094324 99.760040403769 99.7594475981133 99.7796441288035 99.8179390346844 99.865253241094 99.8888694482135 99.9178870408577 99.936928734356
96.7640007470321 99.5393749627457 99.0176082121052 98.9655670433241 99.5892588877082 99.7700915243909 99.814548282505 99.8282388054989 99.821668778747 99.8285465086142 99.8701299249359 99.9003034357548 99.920978102485 99.9462385089656 99.9580272836532
96.2322717213855 99.44555958841 98.7112060406068 98.7588460444598 99.4665228497477 99.6814408659698 99.7258628954322 99.7146887097763 99.6967772880205 99.719366081551 99.7768167264672 99.8284772236378 99.8599982045186 99.9003877541798 99.9225980956471
96.0363186339196 99.4094065175742 98.4421612647381 98.5771019213145 99.3415588309442 99.5862921118989 99.6358117325581 99.6441555867257 99.6076412938951 99.6357805900614 99.7200882727832 99.7826047637186 99.8276376848725 99.8776080634643 99.9047445873683
96.6990815566481 99.5040689404391 98.9492354256015 99.0603786044207 99.5579620548015 99.7099807073883 99.7478377083854 99.7453101700305 99.7284858639612 99.7285414346596 99.7831962962793 99.8310608313877 99.8664136819327 99.9027508062958 99.9234084501786
95.5652874272646 99.2806659255417 98.7642719154138 98.9595890877462 99.4743072572707 99.6362828314752 99.6581853721841 99.6384383748523 99.6238939792875 99.6576345835184 99.7195354743046 99.7763610726188 99.808475840783 99.8576948969382 99.8899357327011
95.9799802111781 99.426498343787 98.5327143541733 98.6012422871662 99.3606101175218 99.6026670028978 99.674654492966 99.6939074862555 99.6881780355971 99.6964831189353 99.7579097872515 99.8309736510895 99.8661154812137 99.9065670297215 99.9292033246667
95.5663974926508 99.4153941092896 98.4112929422021 98.5675996767262 99.3761419044486 99.6279167875012 99.6939203072419 99.706171547484 99.7047928282056 99.7160429909265 99.7849533199248 99.8405742546296 99.8762104156085 99.9134412063558 99.9353206709624
96.6288337255963 99.5142527384721 98.7686002464504 98.9690617861642 99.5083299995529 99.6798624357121 99.7113527118023 99.7153614789615 99.7006174866087 99.720931107209 99.779301459409 99.8297846109117 99.8591270279568 99.8985266164329 99.9210883335344
96.1353667516641 99.3914882124982 98.5515017246102 98.2054465143797 99.2677663079854 99.5879226306858 99.6705333238956 99.6776240351178 99.6373459061465 99.642116997087 99.7190989194278 99.7958413068793 99.8422979638717 99.8875488998823 99.9099499262252
95.0822620315808 99.2906611194355 98.820213839561 99.0239087057158 99.5011904824319 99.6640059539135 99.6823293667724 99.6787352750816 99.6708586852779 99.7062453922533 99.7553904552001 99.8105985453057 99.840906907703 99.8857938306851 99.910578622017
96.3869120412575 99.3324105577423 98.6347844659908 98.5388620147405 99.2484588526421 99.4632266659772 99.4291736058076 99.3949565809336 99.2969753842429 99.3488032334562 99.4149898563124 99.5163187550012 99.5621589188278 99.6532041383622 99.69323500384
96.1011033079032 99.3440913033204 98.4547869100457 98.6534980537588 99.3380116062297 99.5704527838211 99.5990623818603 99.5912359149867 99.5596983005145 99.604277624365 99.6654737286064 99.7497424929699 99.785394047027 99.8468339052862 99.8789283666227
96.2531241321982 99.4511470005798 98.9287564427945 99.008038097822 99.5359057407845 99.6987889044867 99.720044290662 99.7224316988921 99.70872732941 99.7371080622965 99.7825986950782 99.8290665479544 99.8620337415535 99.9004057523647 99.921289559505
96.589856222846 99.5029065709186 98.8310247134717 98.9097833895874 99.5035848119257 99.7109534111949 99.7639765796245 99.7757522528982 99.7558933022587 99.7707805422657 99.8193633061421 99.8595637863108 99.8889062352037 99.9213640724963 99.9376841636282
96.1626446386136 99.4230342392901 98.9252044975193 99.0641380498812 99.5453964020321 99.7065923892913 99.7363354398195 99.733543363736 99.7148122753375 99.7348190382792 99.7869488885099 99.8444493111311 99.8717212075698 99.9066399156739 99.926431531045
95.9889018851876 99.3604993907101 98.7306196845791 98.7713223313369 99.3704068390047 99.5955130511805 99.6323531823071 99.6309766235494 99.6102949295558 99.6315743287541 99.6990612787775 99.7674313410489 99.8094919636078 99.8607641073734 99.8909997820674
95.7429666028035 99.4307379515129 98.7107302741168 98.8128122911974 99.4177295755955 99.6087026708413 99.6505520599529 99.6573201324724 99.6428607230376 99.653815936536 99.7289375266857 99.7980009857014 99.8309689801961 99.8831608320066 99.906068785141
96.8615441966331 99.5485104450375 99.0991150662938 99.2378023266595 99.6403802618616 99.770857335991 99.8015989407384 99.8043748239272 99.8024091509908 99.8188978123287 99.8537019440077 99.8923389118217 99.9129102576306 99.9381931536204 99.9531077928275
95.8222486327528 99.3365484416643 98.930155869693 99.0030850051367 99.5303837375444 99.6896622315772 99.7063609805718 99.7167366611398 99.7011780686091 99.7335349684036 99.782024832239 99.8305183895905 99.8589674265108 99.9021649077205 99.922664015058
95.6326921796677 99.3847436992006 99.1375471678341 99.2050429664035 99.6412731792215 99.7830443898947 99.8091289554823 99.8113119097219 99.807968836215 99.8282820917441 99.8626330210478 99.8932821506331 99.9129266635637 99.9373570326363 99.9518075603448
95.1644546164962 99.311254252154 98.8631700745851 98.9970934558129 99.5052338268003 99.6699851187559 99.6950326434544 99.6927638971878 99.6706711255104 99.684024962195 99.746734906179 99.7976749867265 99.8363882165416 99.8859850245915 99.9083934100209
