0.187 0.0225 0.15 0.21 0.9 0.00075
0.198579422744721 0.023674033601394 0.162676504502681 0.256598439946255 0.998596065990486 0.00079814696889002
0.160994504774868 0.0241551291939828 0.183720255859041 0.185106267165937 0.912808598761093 0.000813401982778022
0.184166458163978 0.0214901895940289 0.171337968580179 0.237425497477404 0.845669941357855 0.000757252431771226
0.198348771005112 0.0223748648344242 0.132405048085108 0.230694072969942 0.970519197241626 0.00077117056682854
0.177781819319757 0.022089593133539 0.135288441825288 0.207361571870277 0.888897049208497 0.0008268239144171
0.22162693605929 0.0236641540356122 0.167593660240132 0.186854931938364 0.937762075752118 0.000778243507402656
0.200287944336637 0.0214189164594891 0.147354694294096 0.2179511503818 0.879322493502058 0.000744713979541012
0.204824190864204 0.0235798707092818 0.120879462527083 0.162580408808756 0.846822977097903 0.000748628963017042
0.209340864187693 0.0217157981833354 0.130313473083869 0.220292503823903 0.902063916209349 0.000803748097143149
0.217205752448991 0.0221961086093957 0.149926047274269 0.285787185962846 0.886412034550559 0.000828773593202744
0.203588286862832 0.0220629632991767 0.148494124865192 0.222572525075406 1.01230218287396 0.000842560043549896
0.17942801102954 0.0219529510304791 0.139597633190055 0.223868588186226 0.962808936696183 0.000773709072188932
0.184328313075048 0.0222551055099571 0.138582689877979 0.195992061428506 0.905200029385183 0.000738985446581865
0.188024234897035 0.0218577115738031 0.124754743274784 0.184629569902399 0.844131895804461 0.000735731937275074
0.194397337847723 0.0220340494947145 0.148476093943386 0.20693199111936 0.942522014566612 0.000757833199805066
0.184926950189143 0.0230113831752196 0.165852041762365 0.343761872915071 0.892199341172172 0.000741371354062438
0.185913713343759 0.0246447245228906 0.149802077674276 0.265255936750793 0.870153697969701 0.000743189631333665
0.214738476525056 0.0221657643138317 0.160454988724275 0.224315984666499 0.880479590042952 0.000718351023411032
0.190821444208842 0.0223718133968982 0.16559203782886 0.269788449259856 0.847767909752391 0.000716743455466805
0.193886129065134 0.0231692678521245 0.136069150236708 0.222857041502449 0.957639502030785 0.000722663917058095
0.183353383706689 0.0223863934515447 0.150537627683044 0.22049310623254 0.868882261993757 0.0007847016871251
0.187200597358897 0.0247663361166247 0.141543043721127 0.183263113892874 0.819667362788455 0.000767854796393918
0.193921830977945 0.0229231903590859 0.143425545798816 0.246345095562385 0.945432277775758 0.000734090824463441
0.19099441686288 0.0223267013894266 0.146253465201693 0.198044571635688 0.971557936830786 0.000736689138573477
0.218708989569229 0.0248200215766532 0.138623796995054 0.204045621935493 0.929419480328858 0.000840991558536595
0.186837303748214 0.0234687399667042 0.154524091321897 0.244963210741271 0.864532705392934 0.000703564840500853
0.201950815519343 0.0224470699161819 0.145237342726288 0.210134145663062 0.856421386580472 0.000747721629479375
0.183324204582201 0.0220599785909294 0.149231937349164 0.246453737216443 0.955890693599669 0.000734676789700488
0.179623686458991 0.0230749643480714 0.163616367642872 0.206777484657049 0.887149758845013 0.0007709187918371
0.186660778383176 0.022299581981263 0.120376182143817 0.180043274140895 0.920059953172912 0.000882816016544013
0.184677668195914 0.0217552921526023 0.14429103658211 0.308509199191855 0.893762554238297 0.00068859929324573
0.179665358162073 0.0242159272420374 0.17494898922005 0.219918302142715 0.897897563816708 0.000810089972221847
0.195831575383425 0.0224991209842929 0.144660789244317 0.208699232778958 0.867288456429962 0.000836877752947448
0.166433178410536 0.022381731586746 0.152440155601911 0.189116320428782 0.885356557892791 0.000710471854047132
0.174400726876911 0.0244794571379721 0.157238066902097 0.204837700026887 0.922300909631489 0.000761373200839128
0.188287270564679 0.0224720635132304 0.172777165788272 0.204387278401651 0.861936274076671 0.000759093113960073
0.212304128903927 0.0215923368835126 0.163552340371665 0.229437055054158 0.891045336701735 0.000787565426656533
0.202539674208413 0.0222529042216904 0.15210899299696 0.194129156295422 0.922385208124557 0.000715035211039622
0.165588313785085 0.0247919723107316 0.134898614155357 0.278579780256684 0.892244265161177 0.000905034705890606
0.212519220595022 0.0236642355452276 0.175085544525666 0.21844401361107 0.933409598578455 0.000722452982884671
0.202316845467842 0.0245194426218371 0.181713087799994 0.193958455477187 0.845066395999077 0.000803554991247909
0.18635325639095 0.0227016949162041 0.140178225593094 0.252491600337199 0.832101948526654 0.000800801604521009
0.190283771819046 0.0224722185435601 0.143580480233193 0.30291578666154 0.911470052133665 0.000770430377415713
0.218027255382847 0.0228803902504625 0.146065905293026 0.306488387475716 0.925089872784765 0.000724606813060122
0.217111056407981 0.0218481926581836 0.144970926665921 0.223304900028513 0.916169455918954 0.000734334790983736
0.17755742181872 0.0268142353372563 0.148008194881308 0.240849110549353 0.980699251581382 0.000767456365617454
0.192791872138021 0.0226262322189035 0.144289236509948 0.184612793867082 0.872455040578917 0.000751472213109353
0.181773851402988 0.0234498113131103 0.160720264058505 0.217961551816766 0.873915411658838 0.000744052654863112
0.191699735723231 0.0224727212132235 0.146081824791258 0.227323773624517 0.913925606069927 0.000765842651861542
0.184097258528918 0.0232982675054555 0.137912199587547 0.194352882195159 0.836564442906962 0.000703051831407408
0.185816672068051 0.0212729977784674 0.137448097489632 0.167879238676038 0.885186810950029 0.000738175825250913
0.182919214398323 0.0229840057051004 0.139146871831674 0.216139709235624 0.832962732740534 0.000816922898210975
0.174005010351616 0.0236498900892541 0.181478478752963 0.230677920296495 0.860336911327945 0.000724894294192883
0.168382495703292 0.0221694765781503 0.124934651323418 0.259268303571011 1.0002980129814 0.00083319172418365
0.188791891231586 0.0238554149970632 0.152210514701774 0.172174174182165 0.951023481763702 0.00085611073938833
0.191971666178724 0.0222462572233648 0.148899185294104 0.196468552500513 1.03120006099505 0.00078562903449501
0.180741288210179 0.0227217918227766 0.115894645807746 0.237798452430134 0.837430992885073 0.000804682595676365
0.205004178674197 0.0215404245582245 0.128856264628839 0.259944513991341 0.88993417890115 0.000875024672173269
0.204535352473604 0.0243034879355077 0.128415519033321 0.271211860087863 0.927224731138269 0.000772540130140895
0.218538915912053 0.0221102310406489 0.126393764840067 0.188127219990082 0.84968650199216 0.000769788053557472
0.184835359875715 0.0222968249022302 0.137601936982818 0.188823732059021 0.896538339650674 0.00072176559772665
0.180609462202404 0.0238648557228708 0.146484642878436 0.18984390434498 0.89196517537022 0.0007613882074014
0.197335290191695 0.024749374347768 0.152742913054221 0.247684117077923 0.872282485844455 0.000768043142546599
0.200625412767537 0.0236359259315267 0.130306728354084 0.2304276209944 0.818201549089597 0.000732874737067107
0.184333688321713 0.0223445458013119 0.178087368415925 0.249002568498323 0.96775655885687 0.000783119492528044
0.184418313236064 0.0221416984056068 0.179501181550355 0.240025599992636 0.896304379354887 0.000742026005519021
0.227397418040881 0.0239483466421116 0.165178917596576 0.211342665117588 0.869752260829363 0.000878037759055371
0.197682315937327 0.0219549235424168 0.152842201441427 0.216859888168569 0.855864655850124 0.000755545588631823
0.183231343165648 0.0216410858506582 0.185962746415161 0.220572992114755 0.887922014971445 0.000726440457344396
0.186397668520704 0.0225753196498759 0.151497385698475 0.182741217496765 0.976847671653404 0.000823491836381284
0.177313446553252 0.0233606904919032 0.133975462743494 0.245675247858375 0.897050499027526 0.000713668684935141
0.18613414507495 0.0224900578570636 0.178857929608721 0.17798536022163 0.883463856486353 0.000723179692905719
0.195013815725436 0.0217784536426583 0.171190777656409 0.245880954548621 0.950821082865355 0.000766133077204371
0.171190830507778 0.0221449368613192 0.161678899444999 0.258639609068116 0.884542562682478 0.000910140483329455
0.184517670929948 0.0221423575572414 0.164129194938178 0.198376299706367 0.933891076900508 0.000761367638009902
0.210098591676823 0.022122254289672 0.177509007850601 0.274169471489599 1.01770960645176 0.000723639507491768
0.2054045223406 0.02332881572702 0.126559363727745 0.228205555879088 0.890616071338482 0.000790463319329245
0.228655664673109 0.0218407809821239 0.164948178080468 0.188311936877572 0.858077023960803 0.000728785638227623
0.184433645098927 0.0230322569943509 0.137670574902003 0.279302470397399 0.853783148232302 0.000727337260796047
0.208024478324864 0.0218266656602353 0.132645172028754 0.248678543382796 0.896522140300924 0.000785080754257832
0.197115281754611 0.0219030219230641 0.19600704535425 0.2370096974714 0.929236684661965 0.000699160794300384
0.197815300651614 0.0219417609310942 0.154429700159267 0.193530561626833 0.90626014787579 0.000843974434383007
0.180342268204106 0.021797034166532 0.163975574510821 0.193189329844735 0.877817146842964 0.000755618230515158
0.211825183692749 0.0218104299584032 0.203151990873554 0.202982238465898 0.893301293145932 0.000729217886419459
0.173426972905876 0.0222834360351871 0.162205080852634 0.204405463949012 1.00751186773981 0.000762089593854916
0.175071834242439 0.0218931867954869 0.14002972757351 0.18078100827896 0.94322786980318 0.000762875079543005
0.194780709538044 0.0240295711471809 0.171979952752452 0.201709339485185 0.91601689262642 0.000687050216198848
0.215591654365719 0.0213548021216933 0.165976467223686 0.203706141681692 0.824139760351578 0.000818252455746404
0.199290159573161 0.0223537743686075 0.140901542693255 0.208673397443905 1.0101462582705 0.000811271498289493
0.177430093196851 0.0227036505905519 0.146832695511963 0.219356881201419 0.845065037053628 0.000791047555123735
0.182112990024501 0.0233167262244797 0.18370789588245 0.246377845344623 0.865340352741549 0.000759868216220277
0.225228157938275 0.0229632418882583 0.134164019187277 0.201591753979479 1.0244390811948 0.000753776522920083
0.187226912910256 0.0253138484324007 0.17424079223711 0.19710541860948 0.928880749062079 0.000711645208579188
0.161598399988463 0.0232843208090934 0.147051085959728 0.196732209314275 0.951595603013046 0.000715539450624269
0.186506101872738 0.0212559183062135 0.140034005837483 0.294622820544262 1.00880002554067 0.000732597610234111
0.184742799017674 0.0236173025885013 0.165569472869575 0.21401586084674 0.908290009665727 0.000740938005123151
0.170975513027319 0.0215578567555718 0.156710896205058 0.250363250512214 0.857508388937253 0.000703517737332528
0.175208417597824 0.0217196097668242 0.136873941553568 0.191002217398943 0.938477470650926 0.000693144116026071
0.178753806700591 0.0228732836455106 0.160605680966325 0.189906777579317 0.900046289527804 0.000731962040110408
0.193041277304299 0.0235547440103917 0.152202163953889 0.200922069843225 0.890882429443566 0.000722931084807101
0.189568210944451 0.0222848736453584 0.146760459734367 0.250588850008479 0.794255827427688 0.000737282910011905
0.190915208044005 0.0244616439910496 0.139542350002067 0.199434918032506 1.03346995431416 0.000729260751322962
0.173203527821141 0.0228785766641931 0.194935546352881 0.258133739372889 0.877904555201907 0.000782121344131746
0.173838102146497 0.0221641706174719 0.145787780251411 0.204718320522758 0.883553284391356 0.000693147585046823
0.210841408893107 0.0234289499190923 0.149924850265249 0.194525306182762 0.881900329636889 0.000742867945130387
0.197506981437723 0.0223459091704141 0.119117851173544 0.227963786007813 0.906848353272647 0.000689036709193653
0.175047877355204 0.0223671796790344 0.119863293877951 0.217094414234471 0.856203779202602 0.000738129337434842
0.169058585615709 0.0223933921078874 0.145282260437832 0.195727770799621 0.878210933701809 0.000828956572433396
0.191994609112457 0.0253842637622733 0.180487449503449 0.254244201694172 1.0014118195719 0.000749672384384524
0.207289157471351 0.0222642779530828 0.140432121681179 0.261111968924474 0.872937363335002 0.000721580350500524
0.207366123529097 0.0224322220588983 0.158833659350548 0.216575300737282 0.861092720097462 0.000704864478898089
0.208924153090644 0.0223986407404897 0.140833741436753 0.187056890224783 0.891192508782303 0.000703233894489351
0.196753367900224 0.0229068438359904 0.142004605924864 0.222724322031034 0.970613034596218 0.000723623078975836
0.23071549746676 0.0239204679629368 0.171048931375865 0.249789463406839 0.861538778876069 0.000722994424258194
0.204917484356555 0.0214829671202616 0.145732106214735 0.257260740719426 0.865237486715092 0.000835550514410147
0.192412365798256 0.0224991053747647 0.139505706621516 0.220072525311475 0.856426883596249 0.000726332037981665
0.18938080383745 0.0236095259955712 0.150364911052056 0.241935380415418 0.844512458800013 0.000763007312733035
0.231484429240917 0.0223411562943274 0.130630325260845 0.264264338107587 0.85250337041037 0.000731715562156536
0.212343042860225 0.0229927663869875 0.17333116391605 0.244517854574015 0.878000082161466 0.000757657547788356
0.20843131253589 0.0222348238319348 0.144040479017333 0.209161549403071 0.913145427748175 0.000719761237648778
0.218781617167373 0.0224565859421861 0.172812194531164 0.318238945713332 0.883739203282944 0.000765238510142773
0.184156581768023 0.0231549303088576 0.173652883049756 0.212682104196021 0.890158367641816 0.000756947044249166
0.183686388913307 0.0232638453297983 0.13495537267757 0.179241590754273 0.986045409445601 0.000827048171192835
0.190308239606701 0.0223008914404216 0.149761269715752 0.194148238608803 0.894048759155732 0.000759022525755158
0.215342352877824 0.0228764350171705 0.13273519131665 0.211544470147758 0.838924871347067 0.000732307979635567
0.185214047156455 0.0228076377393561 0.185048052493349 0.199382601566179 0.888518331914597 0.000804638610387544
0.208478761785251 0.0218829913356271 0.166462024609041 0.224458096234624 0.858387763069912 0.000758108534595001
0.247182106232745 0.0240484751828448 0.148494405408928 0.261903162937532 0.933994855068575 0.000803114762755813
0.182728655654742 0.0233708935744533 0.145485702633914 0.171226337077975 0.981688550560977 0.000704261772513322
0.184045800214534 0.0231070050742094 0.161371555049859 0.226202661949778 0.88234727180989 0.000716359069956162
0.181062194645187 0.0224332591487074 0.13018397799305 0.215836965344699 0.918586930966478 0.000688896345134814
0.196287273835397 0.0221724339027772 0.156108092463475 0.25006081187356 0.990594276436869 0.000784042215195404
0.176970185152148 0.0238672311492165 0.141316947998413 0.238248545841997 0.831669459646677 0.000845522456235813
0.184711780777392 0.0224228201585376 0.150625808047553 0.195630140010849 0.866244438804505 0.000742003580009227
0.183964977758191 0.0227714858721822 0.12536607905621 0.30588176296968 1.06042797205449 0.00073952835251765
0.185564595525078 0.0231174497155918 0.141259612109871 0.196335547186086 0.964827504764443 0.000696276535740073
0.180437252924154 0.0218835288675856 0.133347846107467 0.26758495563174 0.869158915620481 0.000830104173901452
0.201552762906376 0.0224057761646519 0.172191099728502 0.217410945376917 1.07120930333571 0.000742286120561208
0.186403813544816 0.0222147957750543 0.148469055890203 0.180783848085442 0.978185837063628 0.000738940433234979
0.207387816690323 0.024169855135815 0.138016404181719 0.292111053055816 0.912916934815378 0.000821376720846857
0.189231867948818 0.02316933436641 0.133941763221132 0.269359883928059 1.00904948114207 0.000706687843324758
0.170957863272889 0.0229015635062662 0.130252472313506 0.20278708102829 0.865084448811667 0.000800566643625129
0.16519305916275 0.0244135928738006 0.149500950776219 0.218250094273029 0.906036828383631 0.000708710507559694
0.183694803826816 0.0241780987469824 0.156905053964604 0.222894362699737 0.954795823465735 0.000786049525422164
0.202711665489644 0.0226340365772197 0.137051443852212 0.272695362676521 0.895704120636072 0.000788034166711357
0.173413490197742 0.0211064478942427 0.141747466320144 0.189053498375579 0.861193788527892 0.000782224403304705
0.167850953956849 0.0232993595468285 0.182967066873875 0.238021965797113 0.855139721790474 0.00073384569991729
0.17754766803557 0.0222896495471613 0.12632363816124 0.192360543240415 0.864866289280148 0.000794981241747681
0.185720970690634 0.0222126616562145 0.146467619777877 0.196287062612772 0.870134089980103 0.000686898280863925
0.194009653388973 0.0213432976777156 0.157598540611428 0.229629206614366 0.963609014756498 0.00072134196296997
0.186706695758397 0.0218306643360253 0.149109286274371 0.175503341183492 0.876325322623606 0.000789610379442489
0.183676632764405 0.0224029852726916 0.131402246980415 0.200513922158106 0.955308685822832 0.000792644906563939
0.181693125227891 0.0242995235595631 0.159603122210972 0.239609433523965 0.928595654819131 0.000818628285942386
0.193698200653962 0.0231040669636709 0.168634751442316 0.181797834513688 0.825531306501864 0.000789753482311933
0.178339784315559 0.0227835068743091 0.133127515172967 0.23386429240082 0.972984127191439 0.000763190964957307
0.203479532074085 0.0234081375217023 0.140516260847331 0.221594772898666 0.899315702317132 0.000892507268906818
0.18934723750015 0.021923674198544 0.179783319518371 0.215725890069333 0.871370302625483 0.000742873015888089
0.1702769029747 0.0224826499491781 0.139033738729759 0.245396354876083 0.847589632630194 0.000738652084533629
0.179818605777491 0.0221488777204717 0.134460583154293 0.211041336952152 0.927773578970619 0.000742936968174798
0.202129412498037 0.0217887565586327 0.145819392331587 0.210061730875378 0.918712167933398 0.000762819914199081
0.168574845237808 0.0223731231452794 0.182024188539449 0.175217264383799 0.89752548739856 0.00074568006068854
0.188163561392596 0.0218828693709297 0.141255820009777 0.209728789016121 0.880387928664082 0.000722560336180661
0.197076632893376 0.0218725138937523 0.169201850064744 0.170035717633949 0.874079733286338 0.000740917707233107
0.182551686505766 0.0223185012400511 0.186501790797483 0.285152109570721 0.929982971782437 0.000745870443025568
0.180325404703704 0.0233052285952771 0.145908407553668 0.220140653383083 0.874887055429611 0.000723939565599686
0.201056994925395 0.0237310529154602 0.15667583188492 0.201718417667888 0.927115057017231 0.00070941566600303
0.219652698313051 0.0221249397595447 0.16732214230423 0.222438768680309 1.00378118575288 0.000752077057625182
0.18635640931247 0.0218137866515003 0.141189954705055 0.195093406220282 0.994163390386577 0.000743592955825744
0.197615013083502 0.024181926093131 0.140256046511439 0.197051299144506 0.883673606553823 0.000705623483727055
0.19519476406018 0.0217717605741891 0.151402234787831 0.180359767201963 0.882595243125156 0.000697176208124263
0.187111185867459 0.0219884101378122 0.210129309535816 0.203923363592735 0.852316456832223 0.000672692294432951
0.195570171924318 0.0234368556513674 0.136810175928018 0.270951425339152 0.996470133615755 0.000748130973144177
0.173808380706173 0.022210264070507 0.214234063389841 0.189950689550888 0.919669895154301 0.000713565172705435
0.218454765622333 0.0222759213403342 0.173426515285926 0.189476246052764 0.849301088859755 0.000822286488361583
0.214573733433211 0.0220264285714367 0.15042576249593 0.205693155638604 0.89917588419022 0.000697804929582332
0.174043701071313 0.0236218423404399 0.204728689799425 0.222643764457161 0.870471345494694 0.000784864359403646
0.191488394747932 0.0239662038165305 0.141386280882085 0.228803420914576 0.956193064238058 0.000746099067186819
0.206562757264397 0.0225571254890871 0.143969312665178 0.205744400479583 1.0263023938904 0.000747103374000963
0.184337759346112 0.0221274785002136 0.139850377944515 0.288870420609244 0.959627462375059 0.000781958195597678
0.198454398171356 0.0233711794844665 0.140282725070537 0.198009427564395 0.867577013328701 0.000709842067965313
0.193001332978577 0.023161600429022 0.124735378216567 0.26225223016261 1.02512069847327 0.000727990306810229
0.179946284968276 0.0235032759978581 0.138725136205156 0.170817326239499 0.958926303984494 0.000739440635409219
0.203293264417474 0.0225848696218551 0.132564066071874 0.243591191984135 1.00181227855743 0.000784678693734617
0.226581726603002 0.0217697587103004 0.182432992474968 0.2279995099136 0.973333254008039 0.000707157131124003
0.200265050478832 0.0220377506089737 0.128539352822671 0.202949561827108 0.89875230230088 0.000850760281485604
0.205221420573347 0.0234721435336585 0.170311903431709 0.185625135838543 0.876496262413064 0.000680800255397048
0.180538867098361 0.0208354450879934 0.176790666516966 0.173656207199908 0.900515610009841 0.000808596552449484
0.166892454979902 0.0229889682765737 0.142801778281842 0.22456163383364 0.971135314516264 0.000825684173912129
0.214267421541329 0.0258655851144214 0.14611457671858 0.203436979410746 0.891679988615707 0.000775435700863526
0.184844482610438 0.0245635620265278 0.121619948223138 0.21677461404059 0.901856557912595 0.00075861292891694
0.20468145756564 0.0222202732868057 0.138642981259944 0.271479747450507 0.956252374000659 0.000729134910737367
0.197806604208095 0.021420558582552 0.147990829080484 0.175794937223168 0.839174346585911 0.000676927581528008
0.210542096929348 0.0229962255560652 0.138715447558699 0.233267536123553 0.879784882916979 0.000747137690615466
0.186888286573942 0.0217095833419612 0.161712938075563 0.179835998248153 0.8718839105817 0.000734763322559475
0.178704173560262 0.0220579862444436 0.13070556621716 0.256755704065849 0.907045327295957 0.000743843348536443
0.18792417986138 0.0207573449718543 0.157475978984351 0.168655350290679 0.986519019124349 0.000703828522760628
0.205360946360422 0.021897491516805 0.154407716169345 0.249813271636457 0.987471234902781 0.000867565945727747
0.195172106142728 0.0218526132459867 0.142152054188899 0.228310660642285 1.06656467777935 0.000895077588996681
0.225392776397321 0.0229644388388334 0.152080207393753 0.203974711120395 0.938428418772771 0.000832935164177894
0.225840892538859 0.0220055119694379 0.151998300252074 0.200681195828954 0.922487520003263 0.00070837966421871
0.176102070025711 0.0242545755295011 0.170867970383437 0.213548055259373 0.858328332666639 0.000737537674505073
0.182118262630686 0.0233783052388444 0.190787596869274 0.207669153101705 0.946359855362408 0.000743675794841998
0.175884168367309 0.0229613649366128 0.150411427785935 0.216450792167209 0.94798274587476 0.00080836693266233
0.177184396695497 0.0232356764440569 0.151877793393197 0.221381611597625 0.898840314871896 0.000744743411148614
0.186848687868274 0.0231534672782981 0.186819033978244 0.260435513478666 0.937152904513824 0.000730602504756007
0.210814222126008 0.0226622120410075 0.205316748642077 0.228417516673698 0.917888138219107 0.000726412206483133
0.193149516608473 0.0216741457144573 0.156219544304687 0.226152633598262 0.876344157529784 0.000746796853146661
0.170798804991844 0.0217638941412176 0.141596995970054 0.188657012173571 0.922713715992794 0.000754611963070501
0.186608571495341 0.021909981000799 0.152977966329678 0.230215169313021 0.914615507443033 0.00074140049037919
0.194262710583895 0.0236495230786521 0.1463610395371 0.23541737745637 0.871860853923961 0.000787579191951341
0.178927342986915 0.0224406506192011 0.132369288872083 0.270671210355132 0.907864086042123 0.000685723002130034
0.215177200879726 0.0227669579982956 0.185491545436705 0.185228058444326 0.991666625526927 0.000819368178501025
0.230116658036261 0.0210086258639613 0.165560075661719 0.250852000324631 0.882055638388303 0.000800962797538728
0.182628564504455 0.0225827321053682 0.10222987900435 0.2797347336255 0.916398596983429 0.000686886068638298
0.203604010757389 0.0220034072771241 0.169190627403121 0.181526281800004 0.874727038713522 0.000699654519134725
0.194151599672543 0.0224298824707439 0.133847190230233 0.173139923041635 0.888146227370245 0.000723141130641134
0.180777089687735 0.0236641896326481 0.150744585659624 0.211108877794375 0.856064706370744 0.000738804593692108
0.198119207874257 0.0233196342383034 0.17363466650141 0.253637756685376 0.919206705951144 0.000685919281729415
0.181533411227579 0.0217256779551755 0.143819461890693 0.190917090807828 0.847385308652232 0.000876202994207845
0.180458966371999 0.0215279785393662 0.133952493240717 0.208979316185688 0.890065370174111 0.000781494906412811
0.171479361738013 0.0242159106114144 0.132866227954679 0.224305325091387 0.921574661137628 0.00074169709979755
0.20719422200293 0.0223677796453252 0.153184681560387 0.220350924817394 0.957889589928883 0.000709864076439164
0.187511547454986 0.021504391694453 0.192914641022907 0.179234229247571 0.876599785169963 0.00071587186356684
0.218309126127616 0.0235086141800863 0.160902201610111 0.203953077446258 0.824299116480031 0.000823665020203241
0.172130038062682 0.0257897140987723 0.1501344897648 0.217440618792161 1.01875648048659 0.000736739601693813
0.183898447334029 0.0218587936061189 0.153900742460119 0.221619758421219 0.820197858208993 0.000738711508354401
0.189071823835182 0.021473777211526 0.148250450315283 0.260285507921878 0.865430282204252 0.000766770233796638
0.188511393923164 0.0233003637118105 0.16208565882239 0.174165913163386 1.01933374384528 0.000819432378341024
0.190745533020259 0.0230326129032293 0.145704555777541 0.225910570223534 1.02063674991557 0.000684871039170394
0.210632418845588 0.0230925301222755 0.17550041145861 0.264278099906391 0.950249402695698 0.000770645395730125
0.194674370357536 0.0221246247732795 0.121479338920924 0.253776760958225 0.938950281555648 0.00070421566440301
0.177078870284146 0.0240603053773345 0.154538303746687 0.259936344083745 0.934408635668312 0.000806404807959443
0.191593108864124 0.0235020108632651 0.137389738520386 0.210026388646531 1.02818549216834 0.000816752047083394
0.17526056864334 0.0225949608421092 0.156071730075387 0.206763486438193 0.892700791063031 0.000715749175697665
0.213492871136106 0.0221717884744798 0.130874658665371 0.199343331903596 1.02517583806168 0.000729435346923904
0.167774909077432 0.0242356438400358 0.137330538306507 0.298313766764534 0.897072091982808 0.000761960884043603
0.216980627058032 0.0243983924783489 0.180466127953183 0.184051504180658 0.893146369149799 0.000734538101715974
0.201625425652352 0.0234652902568184 0.204067308654018 0.205706514389907 0.875063288436644 0.000716302857438314
0.200135818305664 0.0233478852613377 0.144414225016877 0.211558250715356 1.0146366123198 0.000725155745470696
0.184508421717238 0.0222627116780319 0.151568820982839 0.220907298648296 0.870105902076382 0.00073645781180323
0.179787002005526 0.0217157068997689 0.156700129543728 0.288228751456267 0.876137937814433 0.000686074878675988
0.179361011875069 0.0212024886294871 0.152968238933668 0.201460696287854 0.893724022417543 0.000863841082132486
0.198826043999157 0.0254950703828775 0.142715823811981 0.186714124624713 0.90591705344228 0.00074716695282027
0.210349813598922 0.0244612530779636 0.172486292321083 0.173001553183846 0.92129598489524 0.000738444465532103
0.166036589417606 0.0234109782319216 0.184472802212789 0.189469768160272 0.899322668839731 0.000744933471568395
0.189800711910069 0.0223153520833473 0.143812350084436 0.222822063809857 0.960288170996461 0.000736899964940998
0.185314577724271 0.0233660054783273 0.188941655558544 0.179561264597258 0.93538052602552 0.000728646304120369
0.170009363266776 0.022062622397825 0.136931654556 0.236708032459927 0.888767391006754 0.000775447707823364
0.174913609095041 0.0237874132018779 0.178121993809123 0.207904076296122 0.892548938475203 0.000732667691107131
0.184689943888738 0.0220870563953255 0.141385643172845 0.209013901723504 0.873865684408094 0.000770840367038848
0.184411474095909 0.0231162639107939 0.135751950822919 0.262453294003851 0.868040844572002 0.000691011002653688
0.178083830670358 0.0214408093994331 0.142352040701573 0.282228376504545 0.877144315331428 0.000782065149505373
0.211251031372363 0.0233411749719636 0.187463262373969 0.271352340382745 0.856769891268716 0.000744384698093688
0.164718798247 0.0243123889808784 0.136106564068095 0.263094351091374 0.830723664876601 0.000803090418378062
0.188107218581665 0.0240824922295206 0.19862064082537 0.218622005805935 0.917737548572241 0.000755448859825425
0.180178807765966 0.0232853914877093 0.16450865795734 0.191204255480358 0.913585219206017 0.000715233403038122
0.179472349392887 0.0212267386062071 0.14316730380777 0.195191260313647 0.925276064935752 0.000793159184502515
0.206677144391365 0.0229964536721898 0.13743825526167 0.206489597585964 0.895976902902173 0.000722455508167464
0.186388622957239 0.0230718179952475 0.149429544467675 0.207974859044243 0.984653934828383 0.000797424726899461
0.177789920524469 0.0228887112903832 0.143803196551357 0.167355750017465 0.898163499914776 0.000836503920460619
0.187627002859261 0.0234619052563014 0.13535507504563 0.204970883040976 0.893635272298114 0.000801044630472885
0.208396436705981 0.0241684793764791 0.169058553685088 0.221894249438254 0.931758591852424 0.000773635830918535
0.20982723389144 0.0222175108735956 0.146450055748693 0.205151888090041 0.896671003265918 0.000736372219405922
0.20725446878757 0.0227906582517958 0.15327972077551 0.195608544958575 0.860783458370553 0.000687304114502532
0.190224043245457 0.0221243296288389 0.161401858759248 0.255986086008494 1.00838551708951 0.000711173105184437
0.183989949414708 0.0219883875309469 0.201577070027723 0.186194475741408 0.836099772814219 0.000823774251736382
0.194532103584855 0.0224182633372563 0.198142688302987 0.201684927544214 0.780416312787034 0.00072860371636344
0.189790364909218 0.0238846806855287 0.147601868280545 0.232094908068454 0.792256586741625 0.000790521368572802
0.185810316810142 0.022559352511319 0.163873801398047 0.209349151190924 0.812733243890079 0.000750758960023189
0.192042205784141 0.0245789489232679 0.122772362143437 0.179099709823063 1.01393737597628 0.000747777597817486
0.186771961312434 0.0239859905274987 0.154116061421961 0.228208116777088 0.871171294157591 0.000701837612552425
0.181516447505059 0.0225212561687786 0.170083543908857 0.253163970809525 0.88277852369451 0.000763704080483793
0.1833056767499 0.0219008842494384 0.139869653282423 0.208668326667947 0.833877718975671 0.000748118530376175
0.196849939655377 0.0221873893807058 0.121868075149622 0.201833061072411 0.926505173606912 0.000721988715602376
0.190748271290941 0.0252301032038031 0.165670139014379 0.192388745174685 0.868730602293986 0.000769943416453869
0.198836625523552 0.0240238758790045 0.149328993999863 0.233151431136738 0.879855282760895 0.000711895761451938
0.187687897624193 0.0232216507127741 0.172833561772839 0.244676618169088 0.899882906671178 0.000796536015544637
0.174937724087194 0.0224699607990494 0.144049643352549 0.182477793316794 0.902366788818872 0.000728498577888913
0.178960449406879 0.0229590634356991 0.145704549902003 0.283429649863979 0.868531526333412 0.000819277874716017
0.171267501159666 0.02256147621162 0.166585196332205 0.222298598076935 0.849188718607823 0.000778300466537912
0.18478590714026 0.0224298471977855 0.122859898759926 0.196545450877782 0.964444401541978 0.000781785530235729
0.195995327454479 0.0241410896697861 0.150463641748553 0.288970714381028 0.922481240585572 0.000731417944258745
0.193813584929394 0.022135895647917 0.184721007699047 0.180853209473952 0.878182956817485 0.000731814934270193
0.194608019840316 0.0225490854722169 0.149823827203959 0.270304071647097 0.979013363909303 0.000814553686932637
0.172938263955808 0.0230869487507514 0.135174445647878 0.248771945213463 0.969671356374339 0.000698250693860707
0.167924773222367 0.0219092011525074 0.174758528162848 0.174251614254741 0.885062764371792 0.000783442032890998
0.18104274457853 0.0231185906758179 0.141115302268898 0.209132789508553 0.88479185262573 0.000756573525621691
0.184815130000744 0.0239604970692857 0.177330294774127 0.179845102768903 0.974757687921824 0.000741191828236415
0.182946917047278 0.022124574152744 0.136514651595898 0.217900935848982 0.982971313974111 0.000802785229376489
0.165783744215559 0.0224889913433277 0.17106563900407 0.199887026276943 0.894091434037026 0.000741849141753161
0.203829940301972 0.0234644905950617 0.13568955342485 0.187872540709769 0.837890561657995 0.000759176592445371
0.172463299527871 0.0229692424042803 0.145259917775472 0.204426010416195 0.987405812300772 0.000771011036258013
0.225176474675172 0.0218183580215283 0.147605807774059 0.207664398742279 0.895794064417772 0.000748103589393352
0.201799884324046 0.0210083163222823 0.146629702924357 0.231157413166118 0.940843028156937 0.000789609592774809
0.170969975573706 0.0229185442175562 0.161947934620007 0.276104920175 1.05681024405806 0.000739944717778273
0.185032623297233 0.0233809112749823 0.143248280099728 0.223686824947216 0.903090474648892 0.000740807847414971
0.189038674826669 0.0231992658420342 0.126216782348098 0.196623773065101 1.15274666760099 0.000713889661610839
0.1578360355318 0.0215643165357701 0.176344564940786 0.23315582518323 0.88535062176173 0.000763791435607782
0.182572265955431 0.0245049333763156 0.172409933032498 0.207214617797193 0.908312871273292 0.000726680570472642
0.171735506816009 0.0225186606437899 0.140644004972229 0.209305204139761 0.862296748665402 0.000773961123742166
