0.187 0.0225 0.15 0.21 0.9 0.00075
0.180056198535382 0.0218266677353982 0.190133650928371 0.20961832621488 0.920402254322745 0.000755960414375853
0.187964708172391 0.0222453962760426 0.142794059168529 0.206495926938283 0.846532166177213 0.000741277357377177
0.19561117191172 0.0223548393251234 0.149361850470424 0.16706711828176 0.908167711615373 0.000823383538468167
0.208412817388184 0.0225337975384765 0.171597207863723 0.202453777219853 0.977614632339532 0.000869934950419719
0.185586121175847 0.0227177393409799 0.18127877907202 0.283860089693199 0.867817093453587 0.000780890660719503
0.180489819935116 0.022370583297825 0.171528854878407 0.20233762898585 0.900688128864957 0.000812494331016205
0.180352094540044 0.0217823683134329 0.135695499475055 0.191343363463541 0.959808208070627 0.000741206073179693
0.173217870884212 0.0225227164516285 0.145776586941132 0.201447440401495 0.910754168798008 0.000761403296276899
0.185956625870987 0.0227159839488059 0.164647033314856 0.264527508031822 1.00620725746632 0.000757659295710116
0.179520375041969 0.0224950177515718 0.165758205495511 0.203593470640323 0.870808186663953 0.000683203715545233
0.187610999215506 0.022436873018539 0.136789951569701 0.246150187739888 0.869340384221731 0.000846167475569099
0.207060106543467 0.0210214598916474 0.139821112212943 0.210280314487405 0.90295870023681 0.000742802498607274
0.184217832825176 0.0223526273608032 0.17087117717368 0.262793932424165 0.894760932089894 0.000845609209617562
0.180855718483502 0.0221151464655032 0.122956599433832 0.200036209399733 0.939620123737603 0.000808539069119894
0.173129269887056 0.0222615239557017 0.156833559519131 0.261882817219858 0.939092312496041 0.00073386817923272
0.178991120429651 0.0244742419031218 0.188084255081961 0.198368697107171 0.996983811602832 0.000733004530439822
0.179083472740911 0.0247580001569331 0.13739131147125 0.256372306382409 0.876196793740252 0.000747374931407946
0.182347374970415 0.022588189820867 0.177099090715819 0.22673685243506 1.0236613213075 0.000730740069328865
0.196289005069442 0.0246192192178255 0.173604843255698 0.254974613382399 0.939809842464693 0.000797337246675763
0.18976907656333 0.021977361773737 0.164391507858621 0.261065396718087 0.856522175238276 0.000726477878172756
0.182503645954267 0.0224466776703352 0.128605770239408 0.199863408682277 0.934256144829492 0.000782825582661151
0.205886669290929 0.0219459585466072 0.130882894366065 0.198368808179357 0.888563703909666 0.000818191788006022
0.186303586450454 0.0224945225671477 0.158932563186353 0.195241306980154 0.906197325299549 0.000701708740649097
0.202499450173387 0.0239073366817634 0.164486995804806 0.195043531666774 0.8531159674994 0.000747551358134009
0.203084820892788 0.0243651851650377 0.147019927038701 0.19546778596536 0.918423749189559 0.000832280530441279
0.183479766774558 0.0223469746079581 0.14263333624837 0.180266969156937 0.935752185666695 0.000902907253180352
0.228532760967451 0.0220209872390631 0.139840911975456 0.206513299224217 0.978688053282249 0.000841741147370773
0.211693343066119 0.0228604696807358 0.163367043257641 0.177082491153176 0.875254596257313 0.000791479268298555
0.187457571130599 0.0226665362760071 0.146312679051278 0.20444543205527 0.875911878688221 0.000784165579080712
0.191901533393844 0.021799761170722 0.141770111140963 0.26304440676542 0.867406929670152 0.000680620719669357
0.173559024008492 0.0213215675143728 0.154077608251228 0.225287884356539 1.01753545660452 0.000770584042357046
0.186162487072844 0.0227765649081672 0.161351545926883 0.202027820613861 0.86291041002811 0.000714337894318889
0.1852007708577 0.0224914961993677 0.202919453984406 0.214432760054445 0.83230427040682 0.000744794405635171
0.195948792532123 0.0221404425048196 0.145328819781779 0.250579992339797 0.91813515861356 0.000794558348930783
0.209593197520453 0.0237935280747121 0.168886574902507 0.186764006002733 0.942306119413587 0.000775236263411595
0.19213514540269 0.0222886573285136 0.136190310359572 0.188528220680233 0.99027423571476 0.000751295637877943
0.190620312385418 0.0212557727612899 0.122003266739828 0.189655489418511 0.90395787958578 0.000806846250085834
0.185035976376789 0.0229573319260217 0.165326805424557 0.187187202915737 0.874329586981402 0.000749420837438895
0.166028151625363 0.023142503248669 0.159021315146283 0.183738336837583 0.938058220628303 0.000772550771558324
0.176776125445531 0.0231913759084312 0.148255129289135 0.25397115321505 0.972255368527051 0.000740221156127143
0.177723057340329 0.0220510394412937 0.167753310958778 0.201323565048096 0.924879813117196 0.000716365895748589
0.175479527291552 0.0219467899394576 0.160207523143283 0.200974771360111 0.857653937955513 0.000793755883817409
0.225611987168373 0.0217942692792386 0.140418834730691 0.200479612061486 0.983506597525762 0.000724439372050093
0.177093723392938 0.0212223885641495 0.146223130038766 0.245569402233852 0.814930323365614 0.000725511788345765
0.204268569346867 0.0219838278359126 0.165302099814318 0.227662222954759 0.875153050675422 0.000757522128136643
0.166788641360104 0.0220277549758298 0.131951985985636 0.197817129330561 0.908489518966224 0.000757506942149464
0.181202201273251 0.023666262681616 0.125278113790064 0.195849359386262 0.901607036003157 0.000774075203306158
0.177267196671324 0.0258235958232795 0.128348700258535 0.204725353241584 0.889345168552682 0.000821121309431249
0.197158683814532 0.0219895169478934 0.168269600156112 0.302196435859443 0.966502712069453 0.000735053681921021
0.203193482658404 0.0223716550209825 0.134662632246558 0.276002397212275 0.859819254053342 0.000742814127134838
0.205080859640791 0.0231958335984595 0.148304932976326 0.270661703479156 0.864661453190694 0.000742422929606265
0.181975126097811 0.0231416382511447 0.139990969440827 0.181759790138933 0.869430255066404 0.000803244656568369
0.211509917854606 0.0215496064855929 0.14976506353198 0.168219026275916 0.86391364304167 0.000809311591550354
0.204766782908253 0.0217330476135425 0.141523734680673 0.233637066355733 0.905526741158189 0.000814369094385562
0.210122326805935 0.02299387176238 0.205167827697801 0.221100318528871 0.87569920858903 0.000778736379682029
0.197624481496012 0.024853668053616 0.125104723838447 0.195958647548581 0.890944026720457 0.000780304397503001
0.174696811515071 0.0219936708629359 0.134443788691791 0.208298158406255 0.959119898353408 0.000870781776198437
0.202418670695867 0.0237319059552438 0.14434235576141 0.202712779639507 0.891354708734384 0.000823853951981815
0.184229690518885 0.023301708095589 0.130469734707883 0.234780581966504 0.855844680626692 0.000741010313116879
0.199370118262042 0.0216925367534743 0.153736972341438 0.240447860371151 0.910507660805362 0.000702821470480028
0.200662376800233 0.0253212001426192 0.148955046009521 0.197791738430413 0.890120165806853 0.000830428184479474
0.174131379818086 0.0220761619932757 0.180621280266285 0.187724204792126 0.895006857356239 0.000850328164561
0.173199536753554 0.022204213925477 0.178155208395117 0.199576745320198 0.861802391092611 0.000726843578171019
0.188483857488466 0.024258842642223 0.132592392573025 0.189484386571242 0.881426954509059 0.000698817623261867
0.227110316837353 0.0227248705721103 0.147492011738493 0.180507179744142 0.984969670186981 0.000799528555264113
0.208349168163853 0.0220168194289474 0.135407132972099 0.249018831748812 0.924008468626614 0.000772053949772415
0.200229396022189 0.0217229591902494 0.156668140055803 0.237426368163105 0.947729246235559 0.000721843469343376
0.217832363185548 0.0253762406509114 0.166505195558372 0.197534067375432 0.933057150347453 0.000763477599399753
0.184268137648466 0.0237584933934164 0.159558382515471 0.197526271334934 1.03573055357878 0.000743872366838557
0.181263002388527 0.0237407549743308 0.194125324200041 0.215031433832768 0.94829105484573 0.000738138101438477
0.203874929266789 0.0235103151841962 0.137479831708426 0.188617227649165 0.87406727814008 0.000740594403917716
0.19672343885221 0.0241738650510338 0.136998652022399 0.227368988884497 0.872674131878925 0.000895318683665609
0.194790357153249 0.0250942276052893 0.144323176350345 0.221786826366785 0.903877672066951 0.000739238999538625
0.186178152286887 0.021823462295347 0.15162635764099 0.215469303818146 0.877560428778162 0.000724126379462689
0.199817018031247 0.0216525558655921 0.145445619922686 0.203656685428733 0.856211327120716 0.000758412195126803
0.186068165520472 0.0238466619882029 0.161157801573371 0.20225993673475 0.869100914996689 0.000862967532149047
0.203641102927977 0.0228027669774588 0.17846246244062 0.198416109522401 0.94246000837467 0.000765557568552142
0.166251425195366 0.0248485363352851 0.139875990420525 0.288285824516382 1.0154843875526 0.000701973963690798
0.172524637759521 0.0219682576489414 0.14396924558742 0.254299312268661 0.88336436314427 0.000744729527228187
0.171098477536507 0.0226485957964586 0.124671196825001 0.197156188612041 0.871209520704792 0.000738261781782331
0.2115536802291 0.0224354923980968 0.123456747398816 0.205481575419869 0.909554440761749 0.000732036491269561
0.213968557129754 0.0216318965870257 0.195150878369705 0.243648170196998 1.01777075495166 0.000850274498811493
0.201631674866706 0.0227586435152681 0.156709676280338 0.194141581246978 0.911890356115684 0.000808833317409062
0.187607011108036 0.0219329127027965 0.185284791001912 0.195930099708466 0.991894892442981 0.000709670518265906
0.190519109516848 0.0215592366423506 0.13891880524503 0.204749869384224 1.06338309689084 0.000737016502063016
0.236969170600455 0.0221530156947951 0.203185718718418 0.1850025908276 0.888223172345726 0.000764724723120277
0.199998372744179 0.0234550071929453 0.162552855502446 0.190500417028688 0.960735344917663 0.00073854860342306
0.215698480734632 0.0252288181366804 0.168664445400325 0.201726964352441 0.880404785576305 0.000721805337845446
0.213552434793254 0.0221248580304453 0.181851032618724 0.231944383415282 1.01023563582838 0.000736082092617917
0.206914194855215 0.0221022646294768 0.15881467038261 0.197610077587539 0.880744022852413 0.00075262261227403
0.208397495249782 0.0236595058855409 0.149857805539361 0.268060421764587 0.923782061271025 0.000720411545203936
0.198419489067958 0.0246977968000914 0.133057887235926 0.185927664889903 0.890589011400278 0.000817271245193449
0.166641684623529 0.0223953086490882 0.14717316628664 0.269480509799277 0.917599879486228 0.000755238799226995
0.212665386088269 0.022125628548321 0.162615805102736 0.239261214960017 0.880366035809922 0.000816656353827771
0.189987272602975 0.0227339799056271 0.125686144975719 0.209126260800041 0.973228248136398 0.000748067049250578
0.211568195487189 0.022835331697899 0.146773375750785 0.197975685180716 0.957614228622141 0.000739437766145659
0.182392747980867 0.0225594823112201 0.154395271944742 0.242149720982126 0.932232493602895 0.000743926510514023
0.194466764708701 0.0219006396020296 0.175361991648902 0.212833220764911 0.861594650460436 0.000714969178756894
0.183725693627996 0.0221798205782515 0.156086682991232 0.205872420979855 0.915567248449251 0.000838490883804045
0.173412268801935 0.0249929537220886 0.140434504479737 0.198309791275693 0.934633591350542 0.000720315116346611
0.186352059752886 0.0232110205112571 0.126396696198169 0.234322450784936 0.909267372707876 0.000689192302097613
0.165904641270355 0.0225338883524484 0.151302078523845 0.234869970779451 0.862922770288447 0.000864368751225088
0.184292404911484 0.0232984298777523 0.155875774995299 0.232954931558602 0.907915064294613 0.000798828680267221
0.208924621893153 0.0253710341577476 0.133487396303998 0.236923800232244 0.925034551915531 0.000810952927850984
0.193992835963513 0.023299622758984 0.141882658292373 0.192572987422747 0.8827940283288 0.000752386489553262
0.184570953718845 0.0220026950778805 0.153969525416488 0.198209500651495 1.02958733426767 0.000833606162145518
0.180235548200091 0.0220072254272892 0.127862268051925 0.198130816300327 0.94032315744265 0.000689454696181339
0.200736966919479 0.0207729606555211 0.123877081995648 0.168293191114925 0.888018167945375 0.000811914579299991
0.182813239937302 0.0242310412128248 0.143534251410085 0.204731728276089 0.977084854966538 0.000924176177030194
0.177766020032978 0.0235009972711261 0.190332336102619 0.188115383871425 0.982067021608232 0.000810441971101731
0.188113216272718 0.0211398425489886 0.146447286480743 0.213994159886672 0.896068066206669 0.000751750168448384
0.184742646105401 0.0234799454466506 0.137925719189563 0.210855914630547 0.851363945225197 0.000800719985646986
0.203709754599956 0.0225487946016074 0.155184586495155 0.29427856592575 1.01097910188273 0.000732920756274893
0.211565138269701 0.0225800577371986 0.182210877709674 0.199051468042877 0.870012352053696 0.000735074120376369
0.204044084678306 0.023183778212746 0.147603509334489 0.203025027168061 0.98536741011463 0.000841288642538866
0.212790898428851 0.0223520690652409 0.18815096222468 0.199103427241417 0.838445705177632 0.000807862331535105
0.179367564884163 0.0216725020790315 0.148949237025151 0.218455148652663 0.993038115343731 0.000820206665724274
0.182269613027287 0.0223139194023135 0.119191706899727 0.288816887037434 0.863156266963151 0.000689634392257996
0.208453340018494 0.0218302281040195 0.154738366333391 0.250447360910801 0.908543801872575 0.000813168578942295
0.187324383912595 0.0235218177346445 0.130933637112136 0.191958536687788 0.90821928719555 0.000741557825318907
0.18098860179126 0.0217999266048704 0.141600279875725 0.20442578969459 0.905082455580343 0.000787215661827298
0.177543726574099 0.0233243325308636 0.133828086862998 0.252942559943858 1.00856644002469 0.000764727428176326
0.195410367918181 0.0234669418685707 0.143416079658071 0.24354206462044 0.875729191379094 0.000826261379389623
0.203022980402791 0.0228809020484356 0.137743236558354 0.200361874589995 1.07369807039961 0.00070052308313397
0.180459232003783 0.0228473844617405 0.143917491001841 0.211986535467567 1.00170116972847 0.000799688946857055
0.227768477912879 0.0230575745393893 0.179904010011934 0.222326143824243 0.905509340054899 0.000782683727192573
0.18561962952016 0.0218019919763215 0.151812159427079 0.210624498639042 0.846328356936085 0.000725507829294329
0.218054870492086 0.0258841037774602 0.161391153017629 0.18275504683237 0.857112247531509 0.000781399138607761
0.185314887988096 0.0220699799039137 0.136200683147067 0.188423017238283 0.90145016862606 0.000823298999366152
0.180335964645473 0.0224966788281255 0.133307814207187 0.203895069906711 0.870058493748262 0.000715730912086485
0.165880479683195 0.0220243549115395 0.137823248139262 0.192184254316564 0.960190684843561 0.000799651478493645
0.192504892422823 0.0221571140764434 0.131862228359539 0.22282818856948 0.865959915028379 0.000760607655714577
0.210287698379668 0.023814222207771 0.13506835498935 0.190984530982671 0.90758531621023 0.000774547771826461
0.213591159178326 0.0224998255717099 0.137536718736819 0.189951567529196 0.850154159730748 0.000725882611326316
0.198310033149657 0.0224589255849456 0.179053366086168 0.263729894767237 0.921828108919087 0.000719854445821075
0.180936249350087 0.0234840834594484 0.11654647499352 0.1868227556401 0.973154075428105 0.000810677124146295
0.17963811553659 0.023706332011243 0.159571860207309 0.201944068495386 0.954625605022946 0.000804755510939734
0.219929572720991 0.0219454127239859 0.139656679515156 0.26140641516531 0.852826020720143 0.000717091750962401
0.173808308383865 0.0214613980871195 0.141613077719102 0.208286569920568 0.958959397407003 0.000734582706608573
0.190494204696238 0.0223279854622702 0.129942823947043 0.257560843403639 1.08972884944728 0.000727599437393186
0.201473039196443 0.0230012900833087 0.177944492246939 0.201840542745715 0.962493318553992 0.000749109475027169
0.17938540756233 0.0234908604570207 0.178271176597304 0.237017847898403 0.965390464916319 0.000738832782960524
0.18682981804835 0.0225462525309196 0.129930802673294 0.200000488292679 0.863380640604497 0.000798464487099419
0.224046277062653 0.0230672878740182 0.168023969437308 0.269648183334294 0.906227408517374 0.000678662052004033
0.187418685244162 0.0221617148492222 0.162878948913937 0.214918786708894 0.958168194920546 0.000794067512987837
0.177608722986155 0.0208708858197008 0.171881905466239 0.202957885425115 0.889947397628096 0.000753653670380868
0.192902559594723 0.0220733849650458 0.149580939767078 0.195578481135194 0.898732979118305 0.000744627745988384
0.171138508040262 0.0230564416212234 0.208302012330579 0.219813112803703 0.943816471468048 0.000731701710230915
0.187508143102399 0.02284910516386 0.149591956236183 0.244433331656012 0.915223434653268 0.000705520269511903
0.201060322619674 0.0225361403096786 0.187540945941363 0.177501481319052 0.850110637861334 0.000725866379304968
0.172972786752708 0.022054175736633 0.116850829512456 0.214301121675376 0.914181996868849 0.000773426278375136
0.215003789940529 0.0232583443344798 0.17151909735565 0.199642344283189 0.96324845675171 0.000700212237120057
0.206013395084875 0.0219194130257684 0.148918740102023 0.208084026888906 0.841621759088757 0.000749835417143936
0.196148094616656 0.0226352713729718 0.144425896105299 0.208290903484355 0.873921492421619 0.000785016084106136
0.186646067650227 0.0219584827352905 0.150827538996709 0.208535295932526 0.877853871830103 0.000818250114282745
0.186075872391007 0.0241625280016303 0.136997895806882 0.234289192670227 1.03238620538611 0.000728434287755928
0.174679977346657 0.0220085004040787 0.188008936489588 0.204894451600398 0.814631772823182 0.000856765545607198
0.177640112631217 0.0227156414209561 0.171362493115715 0.209026726664396 0.933061339808219 0.000694869645308063
0.207004759516805 0.0218063043948624 0.129945322109013 0.194228535863616 0.855666042497225 0.000727985873526124
0.18105061461497 0.0233565972094149 0.153036897739348 0.169264926365172 0.925004290400676 0.000823783642732904
0.187593597445576 0.0211507183359645 0.157444139388078 0.176908017494667 0.992965122932192 0.000789289335281982
0.202350693987148 0.0230076985211993 0.141817392978546 0.278305096488568 1.01088219132862 0.000773772775290689
0.195327749051757 0.0220836170408782 0.110560162952178 0.265836587188437 0.895104177287582 0.000741509057602234
0.168272942793643 0.0240328341361683 0.120980410406484 0.203843462970312 1.04844670891581 0.000765124460042653
0.178193334974833 0.0219951077902809 0.127818596948402 0.231894445315854 0.900933864270427 0.000740691789670383
0.205987093423644 0.023630055825379 0.14411225357254 0.219624708784666 0.948659631962099 0.000794599914604435
0.176649372855721 0.0225609254944092 0.168366447909353 0.220950861505542 0.857179512097726 0.000742076722082155
0.183009231620977 0.0209581978647777 0.174478630369553 0.203304457957426 0.870819457897343 0.000689308675252281
0.165636639643711 0.0242679327610382 0.137240462710603 0.237300292413045 0.879361307552108 0.000741057393567525
0.206998399304344 0.0229626661585803 0.171756070348368 0.248426001314861 0.850497656419434 0.000685716948130545
0.171406254784802 0.0221495987117474 0.154403212800496 0.228461752841139 1.01096460527086 0.000762066469319372
0.220167560288952 0.0241546004931 0.149246189892177 0.176177675195075 0.975385904320315 0.000764114604549044
0.200349528786562 0.023536487779792 0.174398858896429 0.208923870097973 0.934151934472252 0.000752453859738302
0.177457227675937 0.022887554348105 0.17283899233249 0.214705557230367 0.99311800817512 0.00071197614331538
0.178775729277874 0.0223031276126931 0.140622248884192 0.199853659881397 0.975193315318233 0.000719467442083712
0.181454370290844 0.0235978935354433 0.189491148328105 0.185045843291393 0.847721753828691 0.000812975976168111
0.221661267364405 0.022427750730957 0.124409177461126 0.228887833269497 0.875124659631039 0.000748840340191394
0.181185261690341 0.0243077877433501 0.189943388554015 0.193847178918452 0.907356079514483 0.000719090463202997
0.251823230210306 0.0223689130481012 0.137278506863817 0.222404606168352 0.908650105932909 0.000784768881545993
0.168044004664306 0.0236714389586647 0.191443839364 0.219422418660013 0.970544566035312 0.000724407491186774
0.183983433330514 0.0223221638309553 0.139281173715905 0.261526087647825 0.906916706692945 0.000712045229160776
0.217335120762639 0.023443047939143 0.126059402627692 0.23489194503821 0.924575354739509 0.000832156076914259
0.202727693194224 0.0225649080569567 0.15157094526869 0.230526220089561 0.942616874213779 0.000759242868090499
0.19508318351547 0.0210843711223529 0.20424218628696 0.179286644134092 0.978266529566082 0.000778566383393802
0.186874931981004 0.0234034444242909 0.164025764271097 0.209548070633613 0.976354701284463 0.000723288670489085
0.180133883996348 0.0242431537889512 0.148208103104955 0.188780930204368 0.974135514370015 0.000811523203922188
0.244662823358889 0.0212950073479714 0.147416683086394 0.228951631925022 0.926743125998776 0.000743434422762851
0.204513966423345 0.0221558481839267 0.141010012186502 0.231893493469522 0.970797909434945 0.000769771258009668
0.178550329317711 0.0240479056651773 0.141349488714258 0.166327611212936 0.927116920013901 0.000821905861869456
0.173027859219276 0.0247285113725379 0.161814066083687 0.195188566104423 0.870780585906135 0.000762031611029638
0.208705365273201 0.0220748038615243 0.144100686931776 0.271898028809674 0.983388809027032 0.000810897049812708
0.192703385640001 0.0234193054921325 0.132713061298641 0.244469556256125 0.850148681426812 0.000730822822485314
0.2074000401626 0.0230519424469142 0.187042884829798 0.207813994136422 0.970699314007325 0.000773899717879081
0.179045720975032 0.0220505377383409 0.202023444658509 0.209172901261353 0.85869413815979 0.000758731096003886
0.201825614532624 0.022932496072086 0.187929015868254 0.206095089939066 0.876605093392711 0.00074144333125282
0.180434186426139 0.0220187676993626 0.190395904817378 0.260761011335785 0.917795195044029 0.000784242680824036
0.186739214441744 0.0221054981749933 0.130231664323666 0.19989412728991 0.939367815866107 0.000741317508712623
0.183253842093207 0.0230626249361309 0.152046924332147 0.224139519613586 0.82241955647949 0.000781480232342904
0.221520009485977 0.0222560686932847 0.143494619364542 0.207418722801861 0.990099385881394 0.000719914016826933
0.181114916599549 0.0221786288321297 0.185869470884177 0.194192889342954 0.863551770379605 0.000744284491566474
0.183740874685709 0.0221097136478938 0.145590775737989 0.306882798887863 0.932712966089146 0.000675264371598661
0.182910209940678 0.0234503695965885 0.152262778699606 0.260613656290789 0.905628061887973 0.000718902328980714
0.18121747474238 0.0221464785970046 0.173122942420064 0.211757470607217 1.01082466759055 0.00071483290446615
0.236438885356991 0.0224684488195027 0.194445401400045 0.261671499360213 0.85078659904611 0.000730346750680087
0.164959643703993 0.0229237009229348 0.131198572909826 0.24457106395356 0.925165701070578 0.000820118994164399
0.185119205188006 0.0226010104740526 0.132311465920706 0.196255854771748 0.885961932301936 0.000711221768620781
0.21933324505321 0.0223004312542043 0.178707183819114 0.236496542913219 0.915807696714768 0.000774307374513264
0.17424157278202 0.0235491258851387 0.170638780616787 0.215851744149008 0.845953156842156 0.000738840253899111
0.195726193287725 0.022234943018582 0.123124002272433 0.191367128781346 0.896923911068799 0.00085793578281665
0.173852106387207 0.0212172169819607 0.165626629695284 0.19649732906075 0.914024672271047 0.000719230907552188
0.207048385879375 0.0223902597537836 0.154556671000998 0.316834402926486 0.915569226999688 0.000763703978747131
0.188712856561088 0.0223625825205911 0.194816099228769 0.249270025796108 0.946380143350099 0.000762334930130169
0.185558412274903 0.0227114357880199 0.193958830341447 0.195980174389679 0.861091405062669 0.000807031472142611
0.17765958777335 0.0247577122300309 0.134329234186237 0.21267722724234 0.817084159821124 0.000785563015358496
0.18539422232165 0.0242677925256916 0.15368925619406 0.20116118502217 0.986199084026634 0.000723058456298135
0.205893880220903 0.0223898217414007 0.138045186170698 0.222707730064894 0.903725123827642 0.000742543958659151
0.204266444826034 0.021815991847652 0.140148414508197 0.203488642053619 0.951173529838054 0.000698862736043222
0.178238646494989 0.0219342273378983 0.179229069253525 0.221355922331059 0.897701968691597 0.00085425858548258
0.202116225071828 0.0228963898485467 0.131548215921852 0.195978045454842 0.893063793813579 0.000711524246016385
0.20742813119291 0.0235787540538687 0.158052227405541 0.243475307182091 0.879743248402628 0.000728306902921625
0.185155567551963 0.0243220148392943 0.13198866849012 0.228979015942511 0.899140782714248 0.000766805320008044
0.183455163495558 0.0245500644485703 0.132946629726674 0.204398764027378 0.956725499538833 0.000826626406644018
0.187479113370769 0.0215645140308978 0.149753517201638 0.190385355972504 0.885614506825866 0.000854139499908587
0.177671507169194 0.0225888098660917 0.145294117573151 0.231202146849451 0.904661871858734 0.000789792994193183
0.23423822345175 0.0217833366907874 0.16665284304977 0.211608356641456 0.864231037032885 0.000713146972928539
0.171792814337195 0.0220682039810118 0.144175307925495 0.239918791256245 0.838881863996285 0.000794444067601958
0.205105581033708 0.0237391254794319 0.17118480816074 0.234383492262642 0.890729254905449 0.000731064108221552
0.199536796796622 0.021996755022138 0.130971376799916 0.20988433291591 0.884975934991669 0.000854186046474844
0.187354903066126 0.0245734556473396 0.116721325830131 0.21430490816518 0.886971464607428 0.000855963269462432
0.194146007329879 0.0222329798534442 0.166678587111516 0.218278115800494 0.888335562656625 0.000715075944767402
0.177132603865649 0.0234383540786882 0.141959388016216 0.178756908991323 0.956763370800014 0.000769596164633528
0.176555765301143 0.022531568711699 0.148310126184685 0.202389607781338 0.903351143302205 0.000723182849418262
0.203003011572567 0.0223944412798204 0.167467777380106 0.278143661372716 0.962374653202246 0.000760087450627362
0.188616949675961 0.0248901784965268 0.154309362075497 0.190271897807641 0.872646771430665 0.000754272135289667
0.178518293808676 0.022335856603508 0.183000282240367 0.198571555263331 0.884482205125044 0.000731844245041847
0.185730960224521 0.022283714887632 0.169695054554676 0.262109900240483 0.915244644617897 0.00079649543008391
0.182039389063411 0.0224169398563758 0.175556590063023 0.270885629608758 0.926237334014076 0.000681155867582596
0.190311851969518 0.0220472623847463 0.156729003563456 0.167840695549283 0.881034516780411 0.000695730563221949
0.232825151765635 0.0228187051949402 0.136530626262 0.212836038414401 0.839039276035904 0.000730096867395427
0.176851128901726 0.0226873396514781 0.13014169739757 0.244820886067494 0.912239115479497 0.000719524335690448
0.20800843030432 0.0219773691230762 0.179475690729709 0.233830934989935 0.963889986961476 0.000749418599507995
0.193113851096571 0.0237092857462268 0.137412766830215 0.25997070977102 0.90840296318629 0.00074488969431719
0.18672559159331 0.0218829411121544 0.139899814740665 0.225616111209801 0.909385183343978 0.00076725594441751
0.163963090985525 0.0246558068150115 0.136331508481934 0.285975546284728 0.88510745617617 0.000739718096417248
0.203923925078844 0.0223514608096891 0.128490386450397 0.179935793875035 0.84116631024029 0.00082182278016204
0.172338038480611 0.0228688559615923 0.180554067378205 0.208267385122199 1.0021858132276 0.000855537457241143
0.229930097721941 0.0225298643035095 0.180924671196847 0.205893538788701 0.877952641812153 0.000811249285339648
0.189193064126266 0.0247866774267358 0.173923895750526 0.254097055693363 0.865848569714132 0.000866893754750772
0.178774970131926 0.0220197808425424 0.184121403417008 0.208520963352493 0.893463743638342 0.000719176377714786
0.194925113270914 0.0222479467674132 0.147482782567404 0.219603563416889 0.926769253884462 0.000791574459737472
0.174947724087679 0.0230169921530098 0.182573750050611 0.237867757891475 0.867044532592984 0.00072943976487547
0.182697132070919 0.0214795413404407 0.180537379123591 0.209266443871315 0.999744518447474 0.000732812364284194
0.185273125738803 0.0238297918464692 0.144791423006744 0.246250836352121 0.868501382008918 0.000743397866619594
0.191957964101239 0.0215016500343469 0.16272678785265 0.244523135553302 1.04785925649316 0.000685199664228139
0.18788263501977 0.0218189643622041 0.175279064465408 0.195411214096882 0.987608165592878 0.000741635819093593
0.172938179485746 0.0258299412755348 0.16483594372289 0.261505627567737 0.877730600297208 0.000802053284658251
0.203923195748418 0.0224463025794494 0.136276399614952 0.181876211295893 0.851253241200625 0.000768411294122446
0.221024067856873 0.0223653075298559 0.175877823289482 0.279749672617887 0.899793697310664 0.000823694521976206
0.168544481539778 0.0231595826212093 0.17605039062577 0.213307997131106 0.879274830945914 0.0007029314754367
0.187992222155613 0.024329668706987 0.14973077674136 0.267972272422671 0.903449780537323 0.000691687506336838
0.178310841252249 0.0223210023017459 0.159376570917181 0.220930901612612 0.947765122739858 0.000737801012245675
0.165223594154865 0.0216454496125629 0.143104616614249 0.208755577363507 1.00064564040265 0.000707234471283216
0.176992484012668 0.0220526708769388 0.146751357286794 0.223326928138688 0.959008826302002 0.000725884212894671
0.17555892805466 0.0228120020198186 0.112378378372898 0.256616822183016 0.882148351888559 0.000843621070847236
0.179205125137721 0.0238191707852413 0.148276498724447 0.237524691549999 0.938921086979611 0.000736225264307638
0.199908717964513 0.0214591248968647 0.131823239240546 0.277886243134173 0.87490180642448 0.000736048328432696
0.180025287307697 0.0222535292050882 0.140307336608615 0.149705456334269 0.866324109573965 0.000727808644625369
0.18752437736931 0.0234313836604147 0.141338779867504 0.257811092938355 0.861727439005749 0.000740525475082004
0.189086911747193 0.0220563466189221 0.149344022926269 0.263601771577697 0.877947116902866 0.000749297039796031
0.174311770802589 0.0242521506256394 0.133071359918852 0.194466001040124 0.905503901337599 0.000745227166040181
0.193927059297558 0.0211020159759211 0.127785714502147 0.244860398692155 0.862526387585937 0.000883556698211399
0.19188025237832 0.0214412626842195 0.148739859302442 0.217155899784152 0.884832467290494 0.000719673409188816
0.189880728046424 0.0222409388127112 0.144059458635769 0.262838045398633 0.905429024275938 0.000722012217652047
0.193663424425731 0.0234848303705109 0.12714205636753 0.269118607112173 0.955567635891353 0.000771671847333057
0.174659956538409 0.0214655809189215 0.15846836485729 0.212414298398674 0.972662314082473 0.000733574106934259
0.185662864521523 0.0224972971489152 0.161617268605759 0.269212275391447 0.865403674431309 0.000782261433877987
0.168763482639907 0.0218061041485362 0.134529592661395 0.202933442106831 0.83860075216655 0.000796238595370108
0.206214179294896 0.0221379061178907 0.162649852837913 0.240729852630042 0.861574103633847 0.000725317221128891
0.205925410834978 0.0226109199366719 0.131927371115406 0.269407016282853 0.920042085461829 0.000683448158527353
0.189697682385407 0.0240351043730174 0.142045814331709 0.249078801605274 0.915673396714618 0.000731602233311972
0.193210614211524 0.0221792962328825 0.147916828904119 0.257136871045421 0.927358342874138 0.000726800379501629
0.196064943882766 0.0226084984265681 0.172958929908426 0.229891286590682 0.907962816667404 0.000763518371075746
0.180790456232841 0.0226132394058373 0.133405356709083 0.255728010616137 0.998058447872691 0.000734660481713337
0.200869944354649 0.0238477161672881 0.139780732585073 0.191742539286559 0.851872957016158 0.000667858652929049
0.205051196293009 0.0224255657618476 0.17935090990649 0.175690291790033 0.894264113566071 0.000697444584437405
0.231518085676628 0.0239188928624787 0.183827917310861 0.222100147262074 0.93595910741332 0.000733189254139775
0.188500754131097 0.0221079296524412 0.161623509805572 0.219576617325151 0.994915821447205 0.000855962356864013
0.184858898883706 0.0231527727524498 0.160461760037555 0.208729580676838 0.860694565663141 0.000822111902041641
0.224326327864404 0.0211388064119197 0.132483202491762 0.220359116863557 0.856472156459819 0.000747998939290836
0.157794471037289 0.0217918876344675 0.151804251056598 0.166422123111704 0.920764252086013 0.000799201211958629
0.178299343453622 0.0224663443743881 0.153001434718667 0.191852137287861 0.844390218517462 0.000738244137045952
0.194786761530119 0.0222268382239998 0.133217545708767 0.267449299359854 0.972218070894699 0.00074066594031357
0.181460175849169 0.0207310702866081 0.141008077524699 0.247140437439809 0.875715124392764 0.000704228780486469
0.193001123882446 0.0224641760867822 0.132455791020386 0.200978377591293 0.915223191653579 0.000704784860843078
0.186584773661054 0.0223988549731301 0.148321733972937 0.242823944406813 0.850577977794185 0.000739078656158871
0.217981179064005 0.0219499807070328 0.15954693997406 0.211843960853476 1.04005110504104 0.000718951019171377
0.180941819189661 0.0220250880708899 0.136079093215046 0.196576338067841 0.957159537213323 0.00071965278895327
0.1976132303784 0.0235922049644052 0.129698603140171 0.206696460066149 0.842368753603642 0.000879470804282716
0.223852463910159 0.023255424693575 0.121538522614449 0.204050361281718 0.894292711198346 0.000807683963796924
0.231955569386817 0.024385517121095 0.146253990285351 0.190972896475312 0.938909472107266 0.000714419379001734
