0.187 0.0225 0.15 0.21 0.9 0.00075
0.187016765091913 0.022865903049086 0.140784817387131 0.174539278529116 0.869919059921014 0.000673567292076448
0.221438785633142 0.0241512483854469 0.160169352625702 0.208972659812931 0.952347767862774 0.000731313127145821
0.149894321067738 0.0217618514410166 0.171471630501382 0.210581697586426 0.929577620213082 0.000702665645193999
0.196861950084856 0.0226470727183695 0.178540072365464 0.209124363002654 0.897457713636129 0.000796232489456903
0.202586008265871 0.0235945182021156 0.180682515465993 0.206399550169112 0.943091144243124 0.000787538117834489
0.159229990919879 0.0228254979497284 0.154443041652534 0.189966966366345 0.845232778994045 0.00074962972264366
0.177346606131467 0.0224376866795059 0.15229643618465 0.175933524663218 0.950194321970942 0.000830260015267043
0.202182081149196 0.0215206145729557 0.151698421756703 0.20409521883125 0.957984732320158 0.000679730906953525
0.186125775167557 0.0248234915650806 0.107671831688654 0.211224014475588 0.941588129131524 0.000746685046639978
0.167912788247617 0.0215675788956872 0.173737309659959 0.181657727738749 0.945195585127975 0.000709481060624288
0.173003888101961 0.0215473692220136 0.17957574776001 0.23740431713479 0.960576185846505 0.000838678530889076
0.184704371243763 0.0224075256422349 0.140050155228292 0.147631831719908 0.875588258729047 0.000807279560576094
0.204284957341554 0.0201270907024039 0.132688880745439 0.221614786745859 0.887684870265167 0.000781134894264472
0.172072201390372 0.0232056024518181 0.115081172832548 0.271665278872785 0.918813964614211 0.000805356612877241
0.157560187490696 0.0233582795057092 0.153554192705008 0.255923933675309 0.888004979064818 0.000848283964137229
0.16991924784749 0.0237851578226258 0.121663276988128 0.154595773149636 0.917221146610261 0.000688243485257098
0.182754668542657 0.0239352552453301 0.161052512780808 0.248893010340164 0.937760232947746 0.000776781175175289
0.147835173863977 0.0228153919905804 0.164468708027116 0.203667403403131 0.951971011303049 0.000818816371912377
0.196148001404464 0.0222742642572941 0.153043884464755 0.146686273596387 0.966379846433884 0.000684648528670547
0.206159013854376 0.0230047967248016 0.174715614787471 0.212993081626155 0.87395683617879 0.000653850651088987
0.206267476975193 0.0230147956982223 0.141545467628437 0.256640001591673 0.867979971825586 0.00071927082482124
0.218154566596764 0.0209966795528169 0.123364299188078 0.190566507715661 0.90454109987311 0.000718451628972087
0.179738609890155 0.0225953792120899 0.125475902239125 0.286497377883485 0.905232608712701 0.000779427020775352
0.188932534507393 0.0229430084384483 0.153396688768674 0.235818268280595 0.810965553339437 0.000643623464033397
0.196746599117888 0.0245911538949709 0.125182595530732 0.237742898841675 0.795812957544106 0.000730748057540405
0.149637527978768 0.0207421517641038 0.168488543395198 0.268645913752278 1.01158216047769 0.000787531363899039
0.171376669540679 0.0243197226557979 0.161132359699217 0.22648133535935 0.854268412149926 0.000707131126636421
0.169784031586086 0.0238432070620862 0.134719449771143 0.237832145558917 0.938293683788704 0.000660501160872361
0.177484134570196 0.0216471962507057 0.132226830992299 0.216400613423747 0.958872290944248 0.000805978484507753
0.177902458114507 0.0224634702194808 0.144072710201247 0.189425090133602 0.903857583937504 0.000657306195218362
0.199057163426647 0.0235364450629526 0.155157098080975 0.190234691416926 0.926432343841237 0.000787775692710641
0.161865586212767 0.0224218541508961 0.180088274265814 0.195807126360722 0.897312901394149 0.000810843922686872
0.22538831715958 0.0240841917341568 0.186963098872977 0.233637916792038 1.00916077817048 0.000742771275778734
0.203129082227823 0.0221589448433133 0.173455031469192 0.188394084051395 0.878610075401537 0.000724799121044635
0.184968008621489 0.0234321538490289 0.147505058218592 0.206949939955163 0.939833926143049 0.000764047558471498
0.191091822016283 0.0224400263935804 0.141817229858946 0.271967818488413 0.863392690630762 0.000705237796617412
0.226826066922465 0.0222065424761409 0.136287433321528 0.227974841354718 0.925839132366959 0.000714353339833743
0.196526908999601 0.023580973231398 0.102529259445586 0.246011904041613 0.932983660805811 0.000797100450918968
0.192169427520942 0.0233780679955689 0.143440676451177 0.171223347313247 0.943973739323426 0.000753645763050612
0.207582095267062 0.0229813583820422 0.184998893623706 0.244601399521897 0.9027433018905 0.000738205173286371
0.189629011928023 0.0225605278601522 0.151901687557632 0.169010117601119 0.909302448999003 0.000790196264383824
0.168284873307482 0.022912838765911 0.119079076263247 0.153152402635172 0.938008422461224 0.000728343013717886
0.196743874315032 0.0228423445729092 0.102461556692044 0.263658146956484 0.825036572675909 0.000781540663504486
0.18211247757904 0.0214477656278157 0.193307837220303 0.225711602062064 0.950954484798047 0.000801537528265627
0.197710473345478 0.0206542758176135 0.136026367153708 0.183258393856302 0.844734382506282 0.000773240803697467
0.174424923065359 0.023707722821149 0.161207408403304 0.226529846895143 0.924188767888339 0.000762671803486374
0.163700459553941 0.0231018193259763 0.163956661488148 0.21870868929843 0.912845691872879 0.000753209738270952
0.169231970843335 0.0205254708303801 0.153546932856953 0.216816916392106 0.889160866457709 0.000806807353938252
0.185276457910021 0.022497813497162 0.126602455311453 0.210975060174203 0.835386891247612 0.000731207830189231
0.194497887488899 0.021377626856362 0.168090612533415 0.16279242063495 0.899621059855275 0.000837753418305005
0.225575167642474 0.0214611297900011 0.165246570142492 0.207108512728454 0.849621194446107 0.00078554977672088
0.229092028761995 0.0236433237753152 0.134761714897207 0.266536827050125 0.801584889068211 0.000746274118378496
0.206209898554263 0.0211277753899996 0.113579522018172 0.188638769367502 0.809967372016899 0.000783198491761497
0.178978596931781 0.0224926035385223 0.179190186405059 0.170116826832978 0.909870568237571 0.000735295855812033
0.192085537408579 0.0242620112312385 0.141489842739481 0.162852136497643 0.895027914240653 0.000715638143986453
0.202201207121736 0.0228804486579067 0.115244225212 0.183760586787799 0.901824834974004 0.000798121077388214
0.214093771881598 0.0208394126852674 0.13541316683019 0.265814836879313 0.919866081276809 0.000749251608255947
0.166499016490339 0.0224105817475706 0.16921685844676 0.183995232876214 0.955852983195416 0.000788540469926283
0.176590073345298 0.0230295542074476 0.172264856904634 0.272176669075744 0.894486129453637 0.000759237570956211
0.177707148003725 0.0216942959744585 0.170119318811171 0.159837512445699 0.856621413187453 0.000739465057936242
0.188391032873135 0.0202594865992131 0.175915834579771 0.233143571226892 0.949356100108981 0.000765283393863237
0.183255379074415 0.0217810075848972 0.104524979059514 0.210949112816978 0.982090221018837 0.000719577275160865
0.193484532177062 0.0213075779253051 0.184701440128232 0.163932439676917 0.894788280548777 0.000673130448703788
0.230496900542199 0.0223221149280175 0.161229339220844 0.177888946945764 0.95933254294881 0.000829390279345836
0.176839338638473 0.0229635558150887 0.154246350452172 0.245280018526375 1.01941072610905 0.000788102208797242
0.22176405650414 0.0233649863525731 0.160428039958827 0.191067199468722 0.837746686278461 0.000736914060377223
0.178722861881952 0.022568079317674 0.15665328683429 0.186558428137098 0.806686764170932 0.000776592572373277
0.204084752137486 0.0223364627953651 0.127979372116225 0.213950140238537 0.934780238551947 0.00078947556478301
0.172625111381649 0.0226492604744269 0.122367705409141 0.211611010536829 0.919221381475416 0.00068844829138363
0.163412136051136 0.0242105009692375 0.114537968422224 0.250724197886702 0.986192494801292 0.000777711742837958
0.156631466542114 0.021052419331683 0.166550037458178 0.181000885769381 0.958093575708444 0.000769329223670349
0.205900180639293 0.0224553339087569 0.125170636181484 0.147516679589515 0.92666656131873 0.000817420016327053
0.159375040068511 0.0201166880506091 0.156976850842702 0.17881478228627 0.947108623903492 0.000714786017907822
0.178722770567851 0.0233607277293634 0.146455167738901 0.156360031705743 0.968272357245896 0.000709050636268235
0.200674532916482 0.0221107649587236 0.149205803382863 0.164517586342287 0.92730442916422 0.000787144155866509
0.194223702686286 0.021525068772995 0.154717954519254 0.151552570343711 0.770534320442911 0.000749548938756759
0.213831911209418 0.0227106294265498 0.123477309434605 0.201034604396528 0.940327219246078 0.000643292667708802
0.202290092285753 0.0243832051672293 0.189834662482469 0.261519809443718 0.859242805650952 0.000806881650793877
0.158361713302994 0.0221411864429893 0.144688993329943 0.226511473465717 1.02601774897532 0.000717625318808384
0.188980634400296 0.0213458608616831 0.141116598448096 0.24154999737514 0.85301413318605 0.000855673830553929
0.17063415144875 0.0221234646918628 0.182248528291052 0.223964749429028 0.862771796068383 0.000703954699343868
0.19591732971302 0.0221880946499642 0.13531991470631 0.247680563674927 0.946822469561407 0.000716537595781096
0.163844120508286 0.0209368305092311 0.162286923285042 0.194238399750482 1.02098331614715 0.000645113583636619
0.183708500267905 0.021698133795642 0.13037776225862 0.230621900747166 0.846810080417838 0.000780144717843387
0.212710124126162 0.0207771049973343 0.169865699622076 0.276409878743926 0.831476407403131 0.000752894144146149
0.148672283630895 0.023010342259088 0.165049415234897 0.21111118504696 0.940285015887265 0.000743573694362344
0.217999748202182 0.0212325684720607 0.14020648028512 0.1940003650775 0.869494020499173 0.000692460744253044
0.182801139959533 0.0223292159327345 0.163010522423352 0.209612912016834 0.873555864731304 0.000759234446974957
0.152524314833516 0.0224949546332948 0.160081669581943 0.188878838680759 0.894063771736888 0.000675176981903981
0.180467204395532 0.0220355983374668 0.161206328759976 0.181323693521058 0.86664514105479 0.000823298122529011
0.213159556832904 0.021931683304309 0.148204305357617 0.284151817041196 0.9222861418663 0.000705549460584719
0.197127889535184 0.0247145878590864 0.112199148720722 0.218758367376193 0.861822138008404 0.000703148678932203
0.17672381097789 0.0231048772761177 0.180246694493001 0.169133396114747 1.02964908333975 0.000746637483120709
0.165180397724401 0.0217429295953452 0.130920360913435 0.1823892565413 0.865973210786154 0.000764071290753191
0.1987399615624 0.0226407997728747 0.175205711350263 0.15734485955712 0.942377010644912 0.000813794951345328
0.182781828009041 0.0237931496206485 0.173116696909135 0.201508220129547 1.01830780933034 0.000702065321773668
0.19589313814662 0.0244466739265243 0.124018222407337 0.244492612291425 0.876142967292333 0.000708061680511955
0.188807422124432 0.0216263004289565 0.183264120998735 0.225637171848804 0.877576720053767 0.000858536196551593
0.19260993424185 0.0237055764152379 0.146880193717559 0.164312510195925 0.854907548682815 0.000756669692914345
0.193685606591349 0.0208821011810673 0.111406927972166 0.209271407146813 0.879383589235665 0.000770578832096367
0.187181511375749 0.0236114956475394 0.135219229522676 0.268370787937751 0.847628096483943 0.000743470640842892
0.166752686803297 0.02214416498007 0.165375630244704 0.253013943460259 0.783269622887455 0.000824569292754261
0.199821104028967 0.0216043075267058 0.13318588231052 0.212686640373487 0.834339277931124 0.000819166572038235
0.183518956316463 0.0226747468378492 0.142765949670505 0.162920578225197 0.898661148510807 0.000792208025515911
0.175614260111022 0.0226432178145271 0.199827272360699 0.27295256287764 0.90042155930754 0.000699707094014687
0.148608027979386 0.0218163248574194 0.17729793354676 0.164182516627108 1.01974776327567 0.0006874888440953
0.185609446338403 0.0239585073056541 0.150559905391891 0.158744358427502 0.986257797498845 0.000824328964816148
0.157106604473577 0.0210473884836403 0.174624638215379 0.187891484223301 0.969398831266837 0.000708185036476311
0.1743288339647 0.0228700922378696 0.129751074473169 0.158344264681569 0.990166777925166 0.00076024276329554
0.161862157831225 0.0230244123204688 0.167541165755461 0.154435114675677 0.886467424304847 0.000731205235772435
0.17290801655723 0.0222392307680031 0.115601406454224 0.18977694214171 0.886083765625562 0.0006979915258561
0.162078531474576 0.0249493901615139 0.188042468824742 0.241406161911902 1.00657482632803 0.000774018013374533
0.177108720296843 0.0219466941508282 0.157830246844137 0.201340935555387 0.924519177398649 0.000731677565181824
0.18447107871655 0.0221786720008711 0.17785356838103 0.232607651616105 0.967712291129737 0.000765750944557334
0.194403314924495 0.0228447699677742 0.160009928228913 0.27120300686563 0.803395246297622 0.000739959979116614
0.214713117094506 0.0201795010608124 0.120284352478055 0.231188142058077 0.867913311836598 0.000704858438888637
0.176589825662826 0.0238375592490024 0.197129802658263 0.172416679328723 0.805313391064571 0.000792746425679207
0.210367638741209 0.024409730322916 0.118145890456198 0.154861829250401 0.858031399459583 0.000759003622147514
0.174757670537999 0.0216832614932004 0.146759855686501 0.238065783705659 0.869203917708199 0.000741409528945123
0.180672779463246 0.0234200771444941 0.168201845170118 0.265494005127881 0.91877826400254 0.000710729793050676
0.188112556274102 0.023479496968768 0.169541043141352 0.233570174958149 0.936439687692528 0.000732044354826063
0.227611111612353 0.0248444818101075 0.172861754838495 0.217081262501117 0.88505689644938 0.000755983094470506
0.187573116838389 0.024053291057508 0.155871543346309 0.207681870550926 0.810792825879801 0.000745119687343972
0.224709711417287 0.0226762517457222 0.162771292370795 0.203535374955716 0.910514857634089 0.000834900592988179
0.197555387278536 0.0230449293569511 0.134109672471054 0.229020865084051 0.908243417316242 0.000773635050525547
0.18401317563719 0.0233210142132097 0.133045095004341 0.2525702610966 0.963090725436744 0.000712226484210043
0.17998569901323 0.023161889878783 0.18278728729321 0.228028801365056 0.938291793779503 0.000754382095296805
0.198228067810741 0.0206763167644177 0.165350171132066 0.184126405051834 0.905520618036996 0.000807248341046961
0.211041750135292 0.0238165903294737 0.151362302892099 0.155908093632812 1.01177022150197 0.000704244993091351
0.166344664844523 0.022269906019776 0.114071199706402 0.167598254577702 1.0061728147742 0.000762570915965753
0.175083191622642 0.0209325456023562 0.1082410381131 0.180136350966369 0.873217985610478 0.00082866043994655
0.180885727031953 0.020349985317953 0.117843660584782 0.256326383588721 0.843438444595989 0.000861529846659407
0.210628623769571 0.0242233449468431 0.126987490160408 0.235066702844974 0.83528206025157 0.000690933744382772
0.201698406672382 0.0226821610531483 0.107658983308947 0.222395944834824 0.925420077113642 0.000805361440819675
0.207995424620968 0.0230336803356835 0.189346103020737 0.294055099382614 0.870309748216077 0.000774368431874902
0.212534339684487 0.0216347946408616 0.159558028963543 0.165522660590141 0.895317143633093 0.000797099362519065
0.168728756435998 0.0209290056367428 0.12158931976392 0.199002544907666 0.943143796488533 0.000748248337125547
0.184261068728582 0.0221929954762785 0.141928770354727 0.218338056371382 0.83604129581748 0.000706669379419704
0.185984403720674 0.0230908931379286 0.144474404580895 0.188488013896317 0.980053369902556 0.000778630240232384
0.205230538738908 0.0235219782959842 0.176024719242625 0.22929366117235 0.797896091964324 0.000784622810297863
0.173566141817011 0.0224408163891463 0.129300226360499 0.159545862796299 0.930453806760684 0.000714449530446054
0.199225710680846 0.0230573591516626 0.151228198736117 0.185738294062952 0.924341730002413 0.000755829922661838
0.190295958250517 0.0211082181280743 0.143639396531395 0.238493094451349 0.983539692108788 0.000723561247899923
0.220394736080794 0.0203181386252426 0.139097167739915 0.147979791226249 1.0230126919936 0.000769482041819021
0.163513439573159 0.0221673494988162 0.179154883894357 0.213262880086066 0.917882048571337 0.000756195771476764
0.194184505745874 0.0206475433189866 0.135497857482804 0.252404066695285 0.961632864746918 0.000665204721349844
0.192845201520099 0.0207623099293339 0.175058943506351 0.261997879760459 0.936252863998912 0.000798774329750371
0.223952867365323 0.0225812741357815 0.155450018400271 0.232036804341257 0.92038514778845 0.00067098301751839
0.197409657356456 0.022916518844936 0.101168426234642 0.230111177814983 0.878114191553906 0.000675288645980787
0.188686033220168 0.023367407308333 0.169525058710795 0.195902147611619 0.936658407743461 0.000709258445793256
0.158732347323595 0.023477160032296 0.116329330563551 0.156726987382717 0.980637411108131 0.000723163536170128
0.184507878128516 0.0221881614703279 0.131663141990156 0.209388067294397 0.908399418452693 0.000707341225216465
0.233288309131791 0.0203718328445981 0.138160576874645 0.170053774123978 0.867006118847379 0.000724481253143281
0.164130144768357 0.0222524000668191 0.119176632150299 0.202462328327294 0.87881587009401 0.000660439420278019
0.194657091504844 0.0214711218375289 0.189789206870657 0.203540291119786 0.970163640058205 0.000724575452664385
0.158798879715445 0.0202186164909721 0.133847215721146 0.157425256307351 0.989330330678481 0.000736040053345834
0.175391077890797 0.0224215271910617 0.161897205573322 0.201283367766 0.887366219127189 0.000790589274156712
0.222382541813863 0.0219592965557617 0.117758946699457 0.186594181776463 0.833884787248772 0.000768215005220188
0.196301046816183 0.0209098208318625 0.112541867015466 0.216826059688228 0.843811658686677 0.000705449328226777
0.173974311433514 0.0226476360056107 0.162843374678176 0.203405580610593 0.863281204281115 0.000806342761749748
0.217107972491815 0.0216071983417632 0.175270049495117 0.198338665436123 0.924825309979352 0.000734498249501558
0.20552380991257 0.0222239450994018 0.160707396535142 0.215882248537618 0.844251109551195 0.000662160124925891
0.186910998959852 0.022126882336136 0.159151729402685 0.160019231670916 0.898981910577334 0.000804098475806397
0.185445644283934 0.0224444047349941 0.139310946052546 0.183459116335901 0.902879732435926 0.000709024795792795
0.16984619242172 0.0234315369255306 0.115342248817901 0.184053372054153 0.868168272304325 0.000734029224206311
0.196801315772288 0.0224414443270676 0.171489606663501 0.191514159601263 0.895314588141824 0.000785722659205741
0.182572194816575 0.0221100680979417 0.157894001925772 0.185366666004104 0.949759412800772 0.000653580691150526
0.209663797482304 0.0249223998494151 0.135802450948128 0.225903543016617 0.841407795645012 0.000796454570710828
0.187632118638591 0.022769059727968 0.168772345592559 0.207640413578287 0.970159899761416 0.000813071800906874
0.183248457700069 0.0243272497596495 0.139577059306118 0.25379039080427 0.851559855359495 0.000677741503701716
0.206233210782363 0.0225513792255219 0.143626196218696 0.278244900656905 0.903979057963044 0.000724984337997089
0.167735608094617 0.0228139428022971 0.143853995766134 0.25690486021831 0.87685559467189 0.000730758253892518
0.179197538382744 0.021996777060968 0.197431171607696 0.211340815491043 0.865047509813264 0.000830455910181229
0.169228191479778 0.0224087946888019 0.175596106588681 0.156624709614364 0.919369892129557 0.000744991741219894
0.189298257977588 0.0232020883655291 0.191918295784562 0.206158734375156 0.862070218880985 0.00081129043546412
0.1519755458045 0.0227131910413603 0.178275978012555 0.275049317870683 0.811774443254887 0.000799470513496165
0.161676618455458 0.0244304974665617 0.151290568482535 0.200076946379892 0.998615677829715 0.000654252533496293
0.186431044010277 0.0228610639520389 0.169387362193987 0.238982142141852 0.871807949348793 0.000781060036190642
0.19244542486477 0.0240690715507712 0.135324170518166 0.188411241095337 0.980286010150547 0.00084453970836822
0.160203504670063 0.0230602925455784 0.169056536440096 0.23691654213664 0.93020743914749 0.000767733657710635
0.158448553221834 0.0227676722434699 0.142927575992199 0.227338918142412 0.808990890196367 0.000676799621234643
0.170060723875402 0.0231117534354905 0.142574661507687 0.283540973290363 0.923566565233255 0.000765760037148013
0.153861907805755 0.0224352463801475 0.163606981814741 0.271310931277503 0.850260047168234 0.000830908941034954
0.164681060156907 0.0208082629813604 0.155295266211586 0.212933650848606 0.903343471731758 0.000771219512565489
0.17739901596713 0.0234691773440796 0.163279784995261 0.272873791135924 0.866240232738979 0.000764247281829281
0.192978971337957 0.0244262980968061 0.135521047538007 0.181771476535788 0.928330155420754 0.000659074604062721
0.215766049594899 0.0226946253896695 0.131151080513681 0.184661352429622 0.863567445964417 0.000852449328862883
0.188834482341832 0.0224600626012746 0.152296899060021 0.298033690055368 0.878759241663994 0.000769953856057206
0.19844644703889 0.0238252534555966 0.110925478152809 0.158405682268832 0.794057720177663 0.00074185688225
0.166360181329285 0.0233920511127103 0.185079458470493 0.185197420047824 0.912042462713881 0.000666168590669493
0.189412888763716 0.0217620992922138 0.11925775221607 0.267641856920285 0.870650571319431 0.000779337327123199
0.155345737120768 0.0225649602175162 0.161243537186457 0.250385528024485 0.969761219275111 0.000688896622376431
0.196064415078115 0.0218769735527746 0.139735016864855 0.192629899437796 0.965261101840679 0.000791891955762569
0.182621800141063 0.0226724116954301 0.130342495774498 0.281239898236547 0.846674501348324 0.000828875722130336
0.168160428735662 0.0229385372766421 0.152669126307505 0.175004154280892 0.969411859600921 0.000766827106372018
0.181180372070694 0.0215665366264202 0.152398917254069 0.197423330248628 0.886576174057716 0.000720230927259909
0.177748255554757 0.0235437934567785 0.177391117859298 0.236301801008966 0.855999136842679 0.000828510939112353
0.171678387204062 0.0238635983160818 0.163427623671978 0.229989920238116 0.943377469300286 0.000838429729677712
0.172433173770925 0.0221033551026677 0.112431357895776 0.179999815876451 0.832814228528046 0.0007626057940855
0.147646265060555 0.0229116142747325 0.121971797909569 0.271024306687316 0.961496384881896 0.000660781110225251
0.201910799513697 0.0211735329245619 0.154681572062595 0.271888200205873 0.866179249957582 0.000686329511422106
0.165715652993271 0.0231315935224585 0.167976748978991 0.242492664358611 0.91678505940464 0.000753151951096733
0.225221990689214 0.0225800400460819 0.167292179475979 0.168966344117717 0.94390149504978 0.000703599410261015
0.172669598452915 0.0228996052253968 0.12230186227966 0.163012836666925 0.8944304219063 0.000750895854549091
0.21051415675353 0.0231632474176938 0.193251658954431 0.204838680046335 0.956780479558952 0.00068968196123049
0.200990938331952 0.0243126248561693 0.190500741106543 0.208144039098029 0.890304951406443 0.000663480826169251
0.202944768377377 0.0228608468027 0.171713392946135 0.148320701522234 0.939498884116018 0.000710935742281327
0.170780573406562 0.0216180319887987 0.122109069199093 0.229057253318069 0.988045687373461 0.000797541749287907
0.220988436783836 0.0214221381100239 0.187639723168032 0.20365211586005 0.854910991328076 0.000664082964243548
0.219813585985405 0.0223625493398089 0.144959367352333 0.232412123430477 0.899184883589211 0.000745296856904444
0.194092462440618 0.0201777194978719 0.180532292954325 0.261674661788724 0.849964333244544 0.000741172953625038
0.193397777801285 0.0227051840742716 0.110938664057852 0.23526003575121 0.863944665847292 0.000823700621402883
0.197208905992296 0.0226594643541554 0.130969801553469 0.188965478812129 0.882904022805328 0.000759639957680162
0.200124092364497 0.0214008654802375 0.133700855831322 0.236367787286671 0.837952374891007 0.000762121003966654
0.22986081728443 0.0223875168059804 0.126172953567616 0.208954079206328 0.784976980173822 0.000709394199560748
0.184436571658944 0.0230188851226416 0.108320690057603 0.281801896928095 0.858832851869904 0.000729095572311606
0.216926973071137 0.0214777620059138 0.15886457082485 0.227366985577025 0.790794660414792 0.000745701650299251
0.188324914433501 0.0227095290344154 0.188358905447393 0.243732431365959 0.885615358841739 0.000748175793801713
0.203606654731046 0.023545214186417 0.133371866872908 0.217826480203246 0.909122338490917 0.000711477099046163
0.209204438810515 0.0225700285588132 0.180245562520488 0.189090317865197 0.879823673113161 0.000743268993768697
0.176604435888739 0.022506074375445 0.163560931127295 0.186683247761091 0.815528708824562 0.000789462589089348
0.184198332248397 0.0226890364620093 0.189789512135392 0.217962897311108 0.886544267637145 0.000727676345415404
0.232959585341566 0.0249760478002696 0.149765698977692 0.247936323188478 0.83819330911144 0.000847010642877809
0.201500509856053 0.0230784885136968 0.147168666384885 0.251334422006066 0.864865441671509 0.000747501080718927
0.18855699079112 0.0229540199189291 0.131078605112456 0.22249179797849 0.977825538337242 0.000841513956445823
0.177453920250662 0.0244320941335812 0.108053382811035 0.188150131100799 0.899140404342746 0.000733834450828821
0.164246871041578 0.022221009627271 0.158585663768995 0.193902499083287 0.985638714095862 0.000783166411345855
0.202936985353363 0.0229384876058735 0.109726381934646 0.265820490431017 0.8074679064825 0.000736744959486206
0.213487356954641 0.022300439696579 0.149594836910107 0.249258983521412 0.858575402692535 0.000764113942510038
0.182921513572329 0.0215819756961307 0.150935986965605 0.191332132805447 0.892966464205806 0.000724504716637011
0.192207680711394 0.0231374049545387 0.144612111929951 0.207770990520528 0.948305578572091 0.000750278467782942
0.206490616998415 0.0226709960974821 0.168201519547187 0.199760535970022 0.943972287610683 0.000770587293477115
0.216566696516368 0.0212385655130307 0.124587822607416 0.242231146602249 0.92619769902462 0.000744725090625403
0.159814679169156 0.0243679601267598 0.120079536335395 0.148715642879233 0.901345586828837 0.000751884011879666
0.186868709616147 0.0242688414456922 0.139238730345384 0.152707099258178 0.947567319867516 0.000722871659315636
0.178899191609997 0.0212075775227662 0.13729499146426 0.185958251375585 0.957504938210081 0.000777353205703581
0.227207905797006 0.022598099687179 0.193601646490191 0.176687573202125 0.892896658176488 0.000738842072871033
0.178138528670809 0.0230717479713161 0.147974021275819 0.205539257518441 0.943326996605167 0.000754613902909299
0.221410076013122 0.0214391129359835 0.151818215517759 0.263519194062627 0.906534720699804 0.000645579846661555
0.200063107671901 0.0240983565533531 0.166024113131221 0.178640370184333 0.941624544979391 0.000688916225470394
0.16805530487126 0.0207865159210221 0.127689147518546 0.210108095555991 0.883321281510576 0.00079513045843601
0.158267365177385 0.0234228378887232 0.152916668610339 0.19054110222283 0.885976998776326 0.000688131257581907
0.147672882403099 0.0247677118725274 0.190089405551532 0.17101545938761 0.829782150778987 0.000759516136191837
0.168014493214052 0.0245596085828674 0.159077336841665 0.256316747902008 0.941494735260019 0.00075395978208776
0.183856514556596 0.0224985614877988 0.146129959719236 0.15352406419084 0.927555023922486 0.000769905141746543
0.160917926280851 0.0215726240889521 0.140911019819622 0.1649322867755 0.967959016881168 0.00073301954979711
0.191105634238256 0.0230927285816059 0.16537410278661 0.182117410617371 0.829806383885761 0.000753348803454292
0.175363385638182 0.0216246264518212 0.135704173315218 0.168487796083808 0.97687976112564 0.000712643372450105
0.193188709126279 0.023951808306031 0.152646711360224 0.277934783234328 0.911247938065079 0.000707126165621375
0.204672192288303 0.0222937721701317 0.137129742625847 0.200117075017761 0.81530904416096 0.000640727623220396
0.179547049680752 0.023821139643375 0.117971902349155 0.203513209351722 0.784956926294399 0.000711284387401959
0.173142749055743 0.0222328459693203 0.159990976589694 0.190147048703818 0.903565012663313 0.000669906152629946
0.226103868153266 0.0231462468802543 0.150221844911257 0.213496709580617 0.924506057164397 0.000714938836643682
0.19813060095216 0.022669161203841 0.184331041698373 0.230581541542396 1.0267021390818 0.000775503444237679
0.197149778557143 0.02385822616975 0.170907582453852 0.244169705386506 0.860494192661507 0.000740060819984799
0.185323936194473 0.0240377714508816 0.168533440370293 0.194419688250519 0.889269073949137 0.000771777443765347
0.173791281869948 0.0220002225010885 0.144926701141658 0.181818938417162 0.895042481223449 0.000760030527572936
0.206054810213153 0.0222615303724027 0.130381603056675 0.192739746447048 0.927408628533033 0.000744459260217698
0.153077019614757 0.0228773555789356 0.13798581360067 0.237914939335914 0.946400844243027 0.000709927041552751
0.19848655330477 0.0225989277558963 0.150338494348733 0.263722126679965 1.0072565038337 0.000696130547805076
0.212797328568535 0.0216845445630723 0.192784571576395 0.157090880715158 0.80168745796138 0.000715688084229667
0.178068728874833 0.0243508020009128 0.154096162590452 0.164824040238838 0.903802190825807 0.000694814613860385
0.202780808084646 0.0241089746419382 0.194130587453993 0.154445220462185 0.947539298296773 0.000796712886659315
0.180542603534943 0.0228918276478166 0.159072339674229 0.163293260127506 0.939597443269152 0.000774875695762766
0.22122985983923 0.0241324646403777 0.149611904231953 0.27388651129832 0.912497550932714 0.000735617405114533
0.166813009198359 0.022689861200658 0.158552034569559 0.242687446409659 0.872877943348229 0.000717393644722536
0.198539977348986 0.0249722526839411 0.111718781986212 0.20875865377642 0.925307235593523 0.000841388784575891
0.192272163068618 0.0242534902045764 0.115421664661466 0.178122958724547 0.928607319091087 0.000722428996089238
0.186744089419911 0.0230477497737133 0.180887738768547 0.141683196908112 0.895672511454182 0.00078782569578599
0.169362849281291 0.0220509229558738 0.182374241289183 0.23985920496782 0.890120162545035 0.000813608719414697
0.18386607532404 0.0210168441865735 0.183328059459681 0.271115246490644 0.881938217718211 0.000657166351136031
0.183913021813175 0.0218207779416681 0.131485869659322 0.216991547049436 0.81661382591781 0.00065688663859011
0.210338979544825 0.0207877365453651 0.148526998923357 0.250350030486414 0.839691647763212 0.00077681154135342
0.196329227541919 0.0234476890745574 0.182308974718271 0.227717866989867 0.820018403923386 0.000734081652142754
0.17178804846878 0.0225926572431494 0.167924870031596 0.186487770065746 0.927960319362792 0.000724767732941241
0.206253008651668 0.0238298158106639 0.150655467648507 0.199639813056637 0.881513791209166 0.000796790416200584
0.17915269464103 0.0244965698303161 0.126362992242127 0.285168417350603 0.796634957670669 0.000738001861089625
0.218303203634039 0.0230202371756837 0.136421332805364 0.216946517725504 0.867611099658759 0.000784195637315018
0.154584282679087 0.0214971808565622 0.125684902346189 0.161152637050829 0.938991931087626 0.000783646125736017
0.205601386510358 0.0241913362386898 0.178630982711054 0.228490091985989 0.929514049237026 0.000743989410100914
0.194655199469521 0.0239000100027984 0.135662652649282 0.171561424079309 0.980909804157175 0.000640903906549388
0.205560561973063 0.0224576917884331 0.142495021726667 0.212258795101429 0.955026128886527 0.000813564573341051
0.228893576123144 0.0210525772597665 0.104669374365473 0.269566371695119 0.885633215862717 0.000857214153478591
0.203570264406821 0.0237555780747618 0.122515793275879 0.175820273179487 0.894543425008107 0.000723028374952479
0.222747325768492 0.0244973831962194 0.138538933447948 0.248938278277519 0.947372013722986 0.000782598057487487
0.185915874482495 0.0213760209698375 0.138570803112553 0.206926601885651 0.89964753021097 0.000697922171508117
0.176366858902188 0.022403547098988 0.136430912844626 0.18875327747482 0.794572738464435 0.000763354655582228
0.153501466923932 0.0226844083113196 0.134465082485062 0.228099166794735 0.836767933366806 0.000668259564376857
0.209348588732665 0.0225772109869761 0.160009371855274 0.206438652545987 0.959354604320456 0.000759243341435755
0.196753838708755 0.0222312034735333 0.121540215556897 0.191549991200366 0.976767437921435 0.000776459265974816
0.192889565961853 0.0230894544841476 0.174328569262735 0.254448414065621 0.866427230847451 0.000722154035012004
0.200476375062891 0.0221759284325363 0.153177244410253 0.217544562176838 0.938035721640752 0.000802281082451961
0.185788107365248 0.0230916841320554 0.129583723351062 0.19139406517813 0.849263006148794 0.000706811016577723
0.198986136178457 0.02199903990511 0.16815683293428 0.226503772004409 0.987659649523713 0.000716408981581543
0.212700386743342 0.0233341214854489 0.167980776592814 0.224706297195549 0.949429013459182 0.000806689978103488
0.176602650680024 0.0243479623913103 0.140524047976638 0.233315633767137 0.850434088070061 0.000706831405591013
0.160569515913488 0.0220879929130969 0.138812474234152 0.240231669433172 0.978674031486392 0.000775070078750846
0.19881872069319 0.0216443384379196 0.133845560089839 0.196247588027098 0.947970898378702 0.000661006203065061
0.184196111384032 0.0217102390060855 0.178247577212692 0.21781262459299 0.959748345519402 0.0007585264481852
0.206284842307135 0.0232717153351629 0.166079084677777 0.198332035492121 0.941666784850489 0.000788410236290685
0.166910679983209 0.0233869759975243 0.147080596943291 0.226004628545406 1.0089598905362 0.000743354757684676
0.160853140926446 0.0219037799071419 0.141596874735324 0.281053884553671 0.978944699998808 0.000782754057072863
0.208116326058964 0.0241552790904629 0.116527128402238 0.236630864984257 0.818924601037386 0.00074710906719218
0.185433036286396 0.0230058749967097 0.181587000616386 0.226360449433101 0.954844820964215 0.000744829840555216
0.176934511691047 0.0242487316104139 0.12567271979704 0.224653299688009 0.885112563451711 0.000697827686955592
0.217393217228766 0.020936316848024 0.154551559747068 0.152933676719611 0.962156305284263 0.000804358579150868
0.207647238120304 0.0237982817551594 0.112183709292014 0.225059126855832 0.889582446910999 0.000735587703734185
0.177639742315543 0.0234679641893586 0.159899859784056 0.221372370321728 0.828532487020117 0.000776837620283279
0.168718886578212 0.0220319926683807 0.148088470945586 0.194477278813464 0.885984206508428 0.000712311838783406
0.215056845051102 0.0230543672780459 0.120445560378809 0.201147299337065 0.870027652479657 0.000785310026777169
0.219931935797674 0.0237774312629889 0.188833397679332 0.165251034091592 0.888671053119051 0.000749086445670217
0.210473033129504 0.0220377431041207 0.172298638839226 0.1506698584264 0.834101332595139 0.000781875242358734
0.176469480851454 0.0236275560787314 0.12292143324024 0.219284773815116 0.885156255360576 0.000746413462371334
0.198850422771472 0.0219549868008242 0.127063603858478 0.207192134981424 0.911464207139219 0.00072947785365632
0.198713924654148 0.0232407720038161 0.173553483148507 0.22427151625603 0.981811221171588 0.000708898844227378
0.201773048579612 0.0233663970039046 0.146471462354648 0.299260221838757 0.835749804698397 0.000798988227006615
0.205128063868379 0.0219411195506062 0.151602014257591 0.191254903700285 0.987587932436816 0.000784533239099944
0.225406190728023 0.0231238835207851 0.179948187040764 0.220057588174768 0.995481760091426 0.000717069220797418
0.191698898394487 0.0235345484997672 0.193260074885121 0.265369878521111 0.83216853941539 0.000694535314571296
0.183707200973864 0.0215090161271963 0.139537109990412 0.193069373350769 0.898880714873278 0.000806463576377679
0.182513414471834 0.0235599409849979 0.146808491849545 0.205024255092614 0.869003267918186 0.000813257576829266
0.157042040052698 0.0225103185559838 0.190371282283817 0.251277193471775 0.858516393659345 0.00063791633638097
0.187621202191682 0.0216462063913207 0.13846101833825 0.206338167411707 0.867212823431486 0.000735588142960969
0.185565405678463 0.0227023254345109 0.16506074074777 0.144788969938298 0.888605700850777 0.000761110487809581
0.194188663650151 0.0214432837496307 0.125967835415746 0.202439259826594 0.841645765950839 0.000710881497913156
0.166628768582378 0.0242201189539262 0.122524373572637 0.201798963388648 0.904491025922932 0.000758017872953419
0.186094875915234 0.0201317456539883 0.137837257456552 0.172432696245725 0.82627799923017 0.000791515815196607
0.211977194666762 0.0214920871871938 0.125287662838561 0.238609903035605 0.86839958811865 0.000790843391576087
0.188832682647545 0.0230406532532205 0.122852530685999 0.219754578129926 0.798302464144981 0.000706929909192445
0.191186723704982 0.0216300747292058 0.160924677076623 0.192401735170812 0.968517583948793 0.000715720091457956
0.198908491611195 0.0227727855859774 0.132532295532535 0.195897080313834 0.855283950498489 0.000773253901100899
0.175599994650136 0.0229430894479776 0.158403945793418 0.202016485739332 1.02376406937046 0.000781895540695066
0.170085188302145 0.0238197259295681 0.157686103389488 0.277125230259015 0.843544058440153 0.000819730007833574
0.210951418280597 0.0215907238766465 0.155367534164319 0.164480977354373 0.81398498692689 0.000694380569340442
0.227034553810911 0.0225209906879957 0.126733375267159 0.195816170365726 0.917534873971653 0.000656098970048799
0.180959130359014 0.0228430508253744 0.150910234164452 0.281683045730017 0.899603333946236 0.000801619461740539
0.155614420158461 0.0247815018186039 0.13625956103944 0.172725714617549 0.900944150737353 0.00079757192532094
0.196985607981745 0.0227275561922996 0.183240381678661 0.163512412114244 0.875103772882173 0.000772226890755473
0.1951501583038 0.0228814112429749 0.162456635834467 0.243647683158596 1.03202241933609 0.00080161405953511
0.206575655545996 0.021997121002806 0.120229958153783 0.181297168302233 0.852074838273783 0.000723273315867704
0.178206190836071 0.0203184151814277 0.170840824639672 0.18240164156501 0.964803044871317 0.00073116222125412
0.186259235928226 0.0219282255785342 0.137385587663172 0.264893484263228 0.85853769728172 0.000746381340357369
0.211358817223488 0.024506441611169 0.144373111294316 0.189501155648261 0.961727228015708 0.000774060546115677
0.22484118902071 0.0237740633163566 0.125961467905276 0.248994874942729 0.881149438383673 0.00079072907706809
0.199612005074116 0.0243927479784249 0.155116369787756 0.217291927672517 0.874831959008042 0.000679325430942435
0.175130617434313 0.0215410490510736 0.139245255968286 0.171248051932745 0.964013937713546 0.000662665704595768
0.153060150558238 0.0220499643483714 0.137279800026508 0.252533276872527 0.885990589017934 0.000682233094046137
0.205674196513005 0.0239952703401145 0.149939986170378 0.244360641330636 0.958736088250248 0.000702684232473439
0.215641571095448 0.0227363919564978 0.149097475967277 0.208546172208689 0.905604676085922 0.000730048706113874
0.198381018768009 0.0241372671350867 0.147118142254774 0.233148836456328 0.942969645628535 0.000693911437886519
0.207819327184859 0.0211474340191795 0.142403186929159 0.2718623856641 0.802047491565906 0.000787161928521687
0.232337328011934 0.0224750899352121 0.195131044869907 0.19167210079845 0.872554754136221 0.000847427564257522
0.199954354765666 0.0240012205528258 0.162453931701783 0.262345277976787 0.808315894043677 0.00073688894804105
0.193980317950807 0.0233649693623213 0.181440660311436 0.236972668880844 0.923543631567654 0.000765573273568407
0.164485219373744 0.0225467122297197 0.167271938098836 0.195670666198748 0.905807748292647 0.000688802758886107
0.199739814347143 0.0228912216032388 0.134895654338794 0.219014015535871 0.8099856411541 0.00072551043729815
0.165995106777821 0.021686057182998 0.141151757024519 0.256710617638569 0.911422391687558 0.000743220149896709
0.162905462705644 0.0220663867055266 0.167971906599551 0.202148969718661 0.797149246221388 0.000803974060218259
0.194540584182487 0.0242161745811838 0.168779988249704 0.259945427814027 0.952472891130623 0.000857837246574534
0.186860288652909 0.0218903401035617 0.128347301582293 0.16778034314047 0.923436330049762 0.000757931831521904
0.168068640972355 0.0211560393515248 0.187958161209698 0.237156545297466 0.868307908532596 0.00081140506314148
0.164088077044189 0.0210033384582856 0.148554867295316 0.199560689376054 0.945767770381636 0.000691373551883741
0.18356951969045 0.0229588238211051 0.16408084250978 0.230678268368866 0.92175198896045 0.000729131852667176
0.199071733008817 0.024151300090583 0.181224695121983 0.212536656386951 0.858369558335089 0.000815168036689254
0.199098276607714 0.022463962308531 0.157730286205502 0.187583769683046 0.830544475123782 0.000740355798947319
0.167970462756766 0.0247533394103046 0.148955760271074 0.172532822401666 0.930093274635387 0.000789603513812077
0.168817375354689 0.0240162555245958 0.198878217348397 0.216423037887679 0.79873401528706 0.000780985515450048
0.162719784660912 0.0239467754017742 0.118309357326667 0.168830745103888 0.925651897999912 0.000809297247217096
0.232965069038812 0.0226155068603741 0.152744348725456 0.178145057249526 0.858178145807627 0.000668329485131871
0.183187988335714 0.0245849163427134 0.133937204339365 0.250765944293092 0.906547357942948 0.000737197804598654
0.208673711114108 0.0223943879738135 0.136341508078785 0.254552033658146 0.876942029928887 0.000752571319404327
0.173552933060615 0.0239518371881659 0.135004679369107 0.175405515984745 0.807924825961353 0.000694467533091205
0.167363277280856 0.0231951598734835 0.179346460501967 0.283634234295981 0.9285249917937 0.000784017591950173
0.158794765568267 0.0241166247555238 0.161884830661728 0.1827243016893 0.853110181153614 0.000757157853926398
0.167796462614353 0.0231079500245559 0.168308088559977 0.271676583693229 0.885997365321659 0.000795044522050618
0.227610620396067 0.0218921290095722 0.132032999411398 0.154519929737516 0.805429005094774 0.000651228888955906
0.175221799987815 0.0208657964128765 0.167324634337462 0.224536730416037 0.861415764552867 0.0007599946792594
0.164183289501925 0.0225804548604335 0.168582073747155 0.238302226604666 0.891660322897529 0.000779050115375192
0.19126072188068 0.0229998845851469 0.169834333007798 0.284010522829061 0.91130368776469 0.000789650656472438
0.20936040271056 0.0223343636127076 0.107404903494502 0.278285062044972 0.934815158039469 0.000738985651822
0.152587833625129 0.0227156133331705 0.133861695705405 0.245322843241047 0.900926842117835 0.000637634111851629
0.226160191051798 0.0211655527002079 0.151544231154663 0.22092092399819 0.984902351973782 0.000759301002784975
0.200394615494427 0.0230442868137583 0.170993080814404 0.194653062756595 0.990517653681007 0.000754547358940495
0.168654023929302 0.0242308008437381 0.187193750762497 0.269834379395766 0.828087446333815 0.000727428140023955
0.185231061392631 0.024120174344447 0.170797858517649 0.184129441220502 0.95744331205192 0.000771842503473192
0.152226144020994 0.0221950950850896 0.144602770614712 0.184776756189793 0.841389233605389 0.000686208577364134
0.151203208170533 0.0232117697026321 0.178754194914515 0.172500161254174 0.888118532514169 0.000743106841437761
0.182687696211045 0.0229439136343679 0.166082540217829 0.267857014508584 0.888781412834375 0.000716173383925397
0.151847351332251 0.0222517349381003 0.16932905845504 0.16044296700523 0.90228249428648 0.00076251272696274
0.183171275320891 0.0220370365130447 0.127563473908707 0.261319916125796 0.8089415812153 0.000689633968559561
0.185266399294316 0.0237839638656654 0.129214632771286 0.192592046929036 0.997965289453613 0.000749224716361834
0.188941851214782 0.0234356483706918 0.13016761395875 0.186087921808715 1.00349692365158 0.000758258247295655
0.214045822186305 0.0228660377236411 0.148331372015761 0.179256864698322 0.951230909759383 0.000822670609279057
0.18529476825247 0.0217637191195018 0.130975475768256 0.197070260859479 0.861723143200361 0.00075858351477404
0.205018712013173 0.0220988461377889 0.178421446815566 0.188583473036591 0.844995363647845 0.000798998317536937
0.208393360529956 0.0237390202772304 0.125743241502885 0.204727319327878 0.982517624801521 0.000738275409360601
0.216559798688616 0.0228067781270068 0.159821382042983 0.203343287345448 0.921801983966496 0.000702563720771114
0.189053044823496 0.02235113486362 0.158236664864087 0.209438335918897 0.95322645112709 0.000801507465159751
0.206411939167753 0.022522261125976 0.158803017581739 0.2410563997203 0.910701195868522 0.000691654057349853
0.17018569094197 0.0206369507361056 0.128059312888728 0.151259605026647 0.915056836379056 0.000671774658761669
0.227278726268028 0.0221019195171095 0.106171118052871 0.155913391841757 0.864793179769706 0.000773641647737359
0.230614217979291 0.0221386124568823 0.13905237042022 0.207163988285215 0.858835306893984 0.000749154129637497
0.210541560498126 0.0231778088853818 0.172528787854784 0.144300197151097 0.977127205580241 0.000835929953779249
0.199458279706358 0.0214447341975348 0.140988917582391 0.188088501564063 0.995020111619535 0.00072415206155656
0.215077477168787 0.0217952611887631 0.150935837653004 0.20094532318794 0.819936241656038 0.000754250476494561
0.172787673607365 0.022172931574586 0.160335237241898 0.216469585041405 0.815376983179283 0.000860564445545101
0.184513384437274 0.0227736224243559 0.118183961240798 0.156275694926257 0.815418528075325 0.000828667141834236
0.223707511367513 0.0228128642101349 0.15248430368926 0.207297322857278 0.920357517604078 0.000779665744314682
0.168453654356935 0.0213360673970943 0.163231345665408 0.188687040636616 0.790525147578813 0.000782251133335242
0.217444146374486 0.0218825076434075 0.174762671834984 0.180057263763939 0.980251594453473 0.000760317108432156
0.185096294323667 0.0240418649015124 0.15448888423826 0.170119245541644 0.968493715530848 0.000793105276492386
0.172809011986504 0.023779495455119 0.176833572868056 0.252761834978589 0.914974110782878 0.000725763069910606
0.182955315380667 0.0212626390560831 0.123710611133474 0.251630642217896 0.893778057362625 0.000722840679477817
0.204103054413589 0.0219238772238873 0.193979771294877 0.169617424412445 0.798525905688728 0.000704348406243655
0.178507834785603 0.0245500094953502 0.140693649841553 0.197861221050546 0.936374795548946 0.000735969562159343
0.176823374536238 0.0214109380925511 0.137870605758157 0.246614684031323 0.889033494849212 0.000783146873397183
0.16151346776235 0.0222852120648514 0.139602760872909 0.193002171757298 0.953845272359288 0.000682386896028155
0.205455807889497 0.0244940200153748 0.156684493409085 0.208211957962987 0.946736118037565 0.000813264825637653
0.215278856333703 0.0218449681396635 0.141343700405343 0.25039411611723 0.847191825588279 0.000804973529284218
0.193675453565023 0.021700777777828 0.161382566324883 0.250596986744424 0.997325552829738 0.000711728641771386
0.190892654886754 0.021310197597367 0.187022615718172 0.177477914530683 0.934037817795444 0.000698035583076531
0.195486223638658 0.0232182243654949 0.148607860903471 0.218577364520664 0.95855461181002 0.000773960635975719
0.197909642554031 0.0237181969011711 0.120979194679474 0.229909898313172 0.839498026573051 0.000721810991263714
0.171724880219008 0.0227962680710627 0.149183683437954 0.200380627018785 1.01219822097379 0.000806022940284761
0.183439007442655 0.0212542281978519 0.135344276283884 0.205351109130898 0.827656367252977 0.000776823057480446
0.173905981918669 0.0222321948640582 0.104655140754331 0.214435209909678 0.836927867270276 0.000814499174575195
0.204086761326812 0.0218199615326095 0.128817992967435 0.193017201178852 0.830365795538379 0.000776242554346472
0.187246586871304 0.021384586908654 0.133815917874157 0.26858599431269 0.865207475988484 0.000743770164514259
0.207374753705615 0.0202482090324416 0.162628089093623 0.225038007512798 0.905015035526765 0.000761503403403674
0.208153290837086 0.0225905808896627 0.138907264638283 0.185424533898678 0.908152674741495 0.000676684661082861
0.192350237210718 0.0207897065118456 0.151497431874597 0.240867214324562 0.986574990382605 0.00073863841789363
0.189893576612755 0.0219693931958874 0.130916905530877 0.256772670597314 0.916757707633081 0.000846022671889637
0.218284558453359 0.0212821712982472 0.118163361473629 0.140376316543666 0.935828712815569 0.000799907316763192
0.228270912732117 0.0226561888559118 0.143116609237081 0.187278638788363 0.851748104648286 0.000693044935976708
0.164454138913583 0.0226232526382748 0.149127142842863 0.151567623398248 0.984633961409747 0.000719672454759277
0.179064065602955 0.0202063871664135 0.112049172727501 0.231027747994605 0.823602924151562 0.000773409414184254
0.179933868284194 0.023412234264907 0.180175854968786 0.173183547833513 0.845177800291924 0.000737031384972245
0.217113050513072 0.0239348237190667 0.127102319076955 0.221137739633657 0.834453453929003 0.000835538383458835
0.181502016683587 0.0202905555643229 0.171995357735317 0.190143548648055 0.862040466184852 0.00075207350991233
0.1772058160117 0.0222084186499761 0.157171584816753 0.206177950792627 0.86288663816956 0.000728275163311861
0.180352780645103 0.0232660879253747 0.172828265849074 0.240072447052555 0.779216328592689 0.00074414190068733
0.173014664440754 0.0213913397371515 0.12885032870228 0.150285554683236 0.796062231195373 0.000706651312388325
0.179158533246485 0.0224875532474229 0.123302299694685 0.223041215249137 0.861096444904866 0.000766829383595711
0.227020100797198 0.0244874074885762 0.125271327828946 0.211864501790657 1.00916154505992 0.000829394201211682
0.178237475595975 0.0215483569238535 0.121140868971394 0.171331775385217 0.910570592309515 0.000767766659808084
0.175433733219988 0.0235977045854842 0.193311182951711 0.203645363269512 0.913823104657644 0.000746521479186206
0.204275082305067 0.0228103167684899 0.129923974134713 0.194256513952409 0.970257632501355 0.000835684682020017
0.220733540883825 0.022580671538747 0.134013537428269 0.240629013679916 0.898496906559689 0.000752661775673596
0.216407508988853 0.0217728753901588 0.16014682334826 0.204640750859138 0.914597559519544 0.000789093476257797
0.163945501193057 0.022357566788532 0.197008031611582 0.237298368501216 0.795922100650948 0.000708247771892811
0.165237874257824 0.0218174535649369 0.153917360363292 0.213252117188702 1.01749261622909 0.000720642410636971
0.16116020804531 0.0225156985190296 0.145820254091977 0.268677246966012 0.810890326811436 0.000767909076462897
0.184785871245401 0.0208160512971392 0.146572912366047 0.213720779709494 0.993270625215879 0.000725180142483267
0.219640206410783 0.022107952020723 0.158319476424765 0.270795950518455 0.850427954949732 0.00081966546700621
0.150096062621018 0.0233497407336589 0.152380030112625 0.222008031950826 0.997853901187156 0.000729014280700843
0.18010805546016 0.0237619034743338 0.154842867180708 0.24686275936824 0.870579148896242 0.000782868535212755
0.191403635884424 0.022459619040094 0.147966016746955 0.298912483528082 0.852805321552846 0.000733924211724264
0.212322103612019 0.0216625680925059 0.123285399348338 0.206278476014562 0.891039484667149 0.000742400225230866
0.225700730503679 0.0236509614781034 0.147145990321231 0.225128700024453 0.828493962834553 0.000708825923652176
0.1886438132338 0.022539793090579 0.16267659097898 0.165923757070704 0.833752797440974 0.000675896043738959
0.214382411747369 0.0211357061846911 0.174617791129895 0.148641891023138 0.908867772936352 0.000686764332108402
0.220625450685448 0.0240158891375642 0.187194605355076 0.189136985274055 0.951320219262322 0.000837130429303942
0.193311995028184 0.0212027684211715 0.165269255772604 0.2483303931747 1.00064708342565 0.000814309479165605
0.147658128004518 0.0244929082928216 0.123703142226755 0.233085957823983 0.920989051841913 0.000708484638331993
0.165097319468884 0.0229701602934891 0.167031796437825 0.247096630036668 0.786009256286159 0.000639774605728843
0.159991539374242 0.0212959449645512 0.108677823312127 0.224493598882219 0.978059546253518 0.000792041346968044
0.226978191307512 0.0226348000987387 0.138347775753672 0.248372245047417 0.944294926921852 0.000735818864316578
0.187237586363524 0.0231313258963271 0.14013173675623 0.209912011470194 0.92995420555082 0.000851799513867099
0.172479108742974 0.0221788775694456 0.160029434445229 0.253662486659608 0.936289658186445 0.000774595538907245
0.189008276672026 0.0232410296840793 0.100967297799846 0.242815519524823 0.981956056587116 0.000729217253109036
0.18680653636358 0.0225960525794175 0.16037353953952 0.255560271653666 0.78944406822944 0.000667338183838222
0.1918674839685 0.0224161863035868 0.136605911085229 0.209410299461305 0.912329408159065 0.000774739427915434
0.173886822788603 0.0237463743448852 0.142980026875662 0.247888898066794 0.883928012022609 0.000706085747578246
0.159995432812431 0.0230414906378092 0.131817832045314 0.198878389250757 0.929111054028229 0.000760500909587858
0.18247597704406 0.0217039889222257 0.123116625604073 0.222221834032132 0.817243528409669 0.000775069984312078
0.183334024191635 0.0210044853962723 0.122668815435214 0.166825864952962 0.852332529643991 0.00069067691045762
0.208234349300026 0.0215767375453047 0.156744928555259 0.24924046325374 0.939211152286264 0.000750623577945499
0.187115407355913 0.0220935583948126 0.161977390129919 0.172974950452942 0.822981525265495 0.00079619519584729
0.168378192024797 0.0220927132520068 0.167077943350194 0.199318626355477 0.786383211492079 0.000826981619219935
0.190351257718545 0.0207563827781416 0.131655758703028 0.223892173528767 0.892407912251736 0.000849270136254345
0.190647919311198 0.0242404600147952 0.153271188282418 0.225809520154462 0.829493304056847 0.000711095645117675
0.196837151194362 0.0204648166023494 0.136181549137325 0.221350449659528 0.767929626102801 0.000705708889211677
0.158819073840476 0.0248053905059677 0.145304425209894 0.234853018900077 0.820114139218114 0.000805294573469432
0.179642972254311 0.022489471602093 0.147330977907537 0.239897243792404 0.829639530248225 0.000770004911486442
0.201001606657183 0.0238209835638463 0.153405380261931 0.253319942094634 0.889339675925616 0.000689370714090476
0.188058230039475 0.0223535980258816 0.163043514031398 0.208827050531481 0.832898184154083 0.000789815855851037
0.183315923316457 0.0221658822415198 0.162904607692928 0.212376874316195 0.901273028569832 0.000702197673756619
0.18706805368874 0.0245339980587646 0.139865839540408 0.248411041652761 0.947459630092642 0.000675295110394785
0.208115006026615 0.0224554160598531 0.150857623586614 0.212130019985048 0.92860169229584 0.000812118904522284
0.175388166568789 0.0231489996399248 0.156803508152817 0.205465234173032 0.892161124742367 0.00070903285882653
0.211405958133957 0.02004913873146 0.125410858768549 0.194750261792516 0.900985399742484 0.000787630068804682
0.172050440111959 0.0219249672096118 0.10891537919687 0.238445989474354 0.884995449696016 0.000669356766710344
0.151327066073285 0.0217300613757305 0.156803862914304 0.225716976748746 0.94798139840959 0.000763220688326044
0.185699064074934 0.0217343927721539 0.162618878738621 0.150424584838753 0.800995120573704 0.000743804122546229
0.181323439914545 0.0226819517915967 0.186144416895657 0.253844068376175 0.86656219107688 0.000657727500938232
0.183467237217865 0.0213367194245926 0.119374902116565 0.276920543157382 0.964393776503289 0.000748393034696793
0.152956959312865 0.02207456075261 0.192144328599157 0.206359613735662 0.98652458001367 0.000764966384403604
0.179361035432984 0.0212206691053337 0.158458995299816 0.195183315983965 0.893865015172396 0.000752472996718524
0.219777876470123 0.0220310289068307 0.126278452114914 0.168671410980646 0.865193693531721 0.000726735647138655
0.213012403150585 0.0235071023977252 0.162779049546032 0.253516889552722 0.962819892656128 0.000781024539171627
