0.187 0.0225 0.15 0.21 0.9 0.00075
0.181544975654343 0.020105558972292 0.148340372483449 0.172991833355579 0.842042692493604 0.000721086431277691
0.219093526233681 0.0222916974272235 0.170633343305584 0.217760639848802 1.01320969959555 0.000742971696952519
0.187243924042398 0.0236814480814955 0.184837108074962 0.192899562381909 0.980003478485375 0.000734744381193159
0.194401615278209 0.0212643337867424 0.181620800782695 0.223968645096724 0.925197705661132 0.000833323977827911
0.176381281026349 0.0208736637412345 0.14470801797845 0.179533273911195 0.926570873988077 0.000808050219117122
0.180401343281375 0.0214674906967924 0.1250653718713 0.218475285272181 0.820103789516989 0.000790359208926844
0.192395003018211 0.021022231615214 0.124181867860049 0.192268689957545 0.937003103222381 0.000757866470446296
0.205410082123264 0.0214105162678224 0.105455936686422 0.188407340218929 0.962370476967301 0.000783958119448732
0.164982272912104 0.0205563904503014 0.165174360459486 0.185915715327476 0.873074227961684 0.000746523637520727
0.182036144652359 0.0236619521218917 0.144551616285254 0.288598965548468 0.981018520492779 0.000755477098884678
0.207432869113917 0.0220299123079707 0.131480100198014 0.173333135284353 0.786169762177796 0.000792707420054948
0.203755606727978 0.0217934013163879 0.170102967687916 0.244549338470019 0.861866310557737 0.000669392313384177
0.183171419403987 0.0231771626573642 0.1461611553941 0.205565832065087 0.872985428819745 0.000715713669071815
0.174996094945628 0.0212179868831317 0.154026251343798 0.20538927108191 0.920235800225114 0.000848500369513088
0.17626582849591 0.0232893345690611 0.142108317034014 0.243174372685063 0.830776428922434 0.000802834246751149
0.168021128297494 0.0212463045840285 0.149566284400318 0.1738145848137 0.933272428003988 0.000774004073251907
0.217648229908542 0.020403708691177 0.138111605955459 0.21369924687973 0.830478695350612 0.000733215728947895
0.188887548342139 0.0221011558533459 0.129950939582179 0.210394369218146 0.87186871889437 0.00079071681097063
0.183292987675646 0.0220740123725376 0.145531323111599 0.235371777819107 0.916257275992165 0.000734752942258449
0.17938854394376 0.0211047501109557 0.107495166959052 0.197123972617391 0.860727377296826 0.000772264683584443
0.197198430924635 0.0235108314728592 0.145370148843 0.240680476039366 1.01784191133004 0.000698145404426883
0.161285635472948 0.0221636813547036 0.118724095580531 0.286413146836523 0.896040011470116 0.00073659967501225
0.196049970283201 0.0226073149640938 0.180500534015863 0.256731770370978 0.894581467069993 0.000642498379824151
0.212304684307864 0.0214833985719685 0.136691017556555 0.19977485070535 0.953155291783067 0.000686504355321886
0.216133240327979 0.0237832422778751 0.11865173067909 0.154855750917609 0.957055346574715 0.000760738042449815
0.182249273914122 0.0225912348276619 0.144366937546348 0.190582791900063 0.94029960567014 0.000757463612640712
0.179527728528831 0.0227610034923873 0.159640111093223 0.256530204290385 0.954650211389193 0.000765697153465139
0.20828880378527 0.020484050581731 0.174483233826821 0.191510190092542 0.851105249397641 0.000683896185249681
0.179362836779223 0.0207108189320898 0.186519014422422 0.207146288344503 0.92691081981141 0.000678062378829778
0.208744205742655 0.0235350818790041 0.128865598413249 0.232015192990413 0.897310692935808 0.000735747619105299
0.194852116576422 0.0230524151907659 0.156736459781345 0.191047174493205 0.940294230552914 0.000766847477469486
0.171661075120277 0.0221322673598558 0.130882512899037 0.191217136968785 0.946110989740107 0.000744021518853461
0.164966855929179 0.0221717864179471 0.17623811063729 0.200116477023978 0.781474987089371 0.000858764746332957
0.172177408707589 0.0228448346010259 0.14544973823979 0.221111507582069 0.847096677093161 0.000698743925867268
0.1759364101512 0.0226953726596845 0.16331532321122 0.159142656615113 0.935835226798722 0.000670531931894241
0.195222660554195 0.0221526453446437 0.153409211421633 0.2061415256116 0.991407149707623 0.000749662720726267
0.200022119350826 0.0216961706131487 0.166809911969391 0.264515224716527 0.878312500151149 0.000718422196979626
0.173268353550998 0.0228538817040214 0.173333702181408 0.206468082140809 0.914320650844421 0.000730690311461342
0.207287921839764 0.0233969187918103 0.143677742398381 0.187850434924594 0.870569445785349 0.000735973120319938
0.162687438267374 0.0241887829299828 0.168274989704419 0.173292365248119 0.900514086805106 0.000720613721640915
0.188301919937092 0.0229299400592231 0.140337104041268 0.257356926266818 0.812493851496623 0.000685846829845722
0.195253637258243 0.0220524059755342 0.111246547422081 0.218597538296953 0.919658121985134 0.000809842704159562
0.173281191529372 0.0227279303231778 0.149680978771575 0.165990321390385 0.822942425911122 0.000640125792974692
0.206315718311272 0.0214004514649912 0.141064371182113 0.212193949573863 0.831716607198971 0.000741526548640122
0.178255785705005 0.0235804866430265 0.114100171429265 0.291479153290664 0.891139451822598 0.000823465647452876
0.187772955848936 0.0249617149014769 0.139056231323618 0.163851891829327 0.860228372338199 0.000765381238146711
0.195519713621513 0.022548882123136 0.141429845670544 0.203868950809492 0.835123412997632 0.00081125720576955
0.214887005876515 0.0225153534535343 0.15743268103759 0.196215194128205 0.84910667522013 0.000695569511686458
0.179079901889622 0.0233908465812376 0.118687105149036 0.219060168582514 0.896244983583229 0.000693218938516949
0.172605509703713 0.0234237455046007 0.135422638810107 0.272125111384182 0.897955316187717 0.000755009584295744
0.203483146374339 0.0233145812253157 0.112188643880834 0.208348387719443 0.948652344026685 0.000747152113277796
0.196136436816301 0.0236294521522091 0.160698739457295 0.240744350094184 0.869771055463275 0.000774666810937371
0.194022460713308 0.0210590936835996 0.148766615365154 0.222954696906863 0.858576484311532 0.000727515190134242
0.207865936939121 0.0222247843372523 0.138488100287809 0.194625356184804 0.974356894379039 0.000820219874231775
0.206623508040187 0.0230945578247197 0.138222888771541 0.24736297826859 0.918319518871416 0.000729086620045907
0.171540720554486 0.0234943862436241 0.154185046893174 0.232323026738379 0.800275523210498 0.000694118671823268
0.170670469012939 0.0214189104727861 0.157792124067176 0.172434643212201 0.912358758661281 0.000779727917296456
0.162739481296828 0.0212983479212199 0.142277833010038 0.20796633282501 0.945956826483293 0.000735302364621275
0.170759668999991 0.0225000954446901 0.16239387368842 0.235216890549965 0.885836666073406 0.000746092426639231
0.180818545767119 0.0217920752649182 0.16821301019318 0.240826119195568 0.787033356376313 0.000716065231798401
0.167356718970465 0.0245578630929423 0.126183940526412 0.206988828998467 0.790234047401349 0.000824652290283483
0.179839021979879 0.0219426158227496 0.146672773851741 0.228556492146583 1.03076055626252 0.000854277279831934
0.205182558472361 0.0242757246562248 0.156318667560852 0.194321932202669 0.814972296941316 0.000700804043270671
0.216310056230769 0.0216738521046399 0.151071159542944 0.170195858494021 0.778503934031854 0.000795229673658905
0.181254795634016 0.0214941847309717 0.158009061981697 0.191220205246459 0.899323698231114 0.000753377403073677
0.190286813940468 0.0216391513952554 0.151057410088735 0.19451878777608 0.824463392065792 0.000722501288940072
0.186270149098909 0.0223876803627286 0.123100613988807 0.222563592651378 0.820214672943957 0.000743077613009511
0.205207490249242 0.022987239761943 0.152447894472397 0.249428783681878 0.881019532507108 0.000689438402775714
0.201642516640172 0.022253711598688 0.170934826967565 0.160357240483701 1.00105828417994 0.000728311590528022
0.215178283149247 0.0202818152337613 0.104640413904662 0.265120944023034 0.947559664545124 0.000708607209326533
0.201359115363386 0.0213130764806499 0.109036717531645 0.155342182270746 0.896466276426525 0.000753260322357862
0.191827426477448 0.0246716681709574 0.153154964073535 0.202841212379758 0.848156092987403 0.000681606828784696
0.199791774830331 0.023589768178038 0.139667745338334 0.218747056781849 0.912432886156757 0.000746421250343251
0.203592384695732 0.0214188996957322 0.145737840450419 0.264595625987383 0.796795039731888 0.000723711235037849
0.206064926463289 0.0226605418322743 0.150742672281793 0.204108966400711 0.987832376258393 0.000768320212682545
0.172190701396809 0.023725771364809 0.115585058403218 0.197631946110237 0.937565118699844 0.0007894558586601
0.189361568578443 0.0224711511555908 0.165435285851259 0.195663214946561 0.857608752799968 0.000758096442009186
0.181263095088281 0.0217043206974904 0.160269090332807 0.172135591146211 0.905039151476223 0.000809017231982775
0.179246322382317 0.0231624073596384 0.190842444561582 0.294867598120846 0.836307250228252 0.000741918144221107
0.165999071100088 0.0220709981030814 0.135490841222107 0.146253236065865 0.876689928715746 0.000744036952537926
0.170109705778174 0.0216022109905052 0.159811567636802 0.232121726687749 0.773780652202925 0.000681599815543367
0.200182898901501 0.0225201669416275 0.174145573274165 0.239679432509152 0.925252663700258 0.000714359495863579
0.182392827743308 0.0212065125214139 0.12661015830514 0.24254608612473 0.90225151343539 0.000711778392663569
0.201199813951849 0.0210610881873245 0.170930131332206 0.187851569343868 0.835416543476946 0.000764159242354617
0.184537720874677 0.0214554676532892 0.171364354910861 0.176710010502219 0.927825912052419 0.000776429873550929
0.187318156278717 0.0217191991093969 0.189703407150746 0.241553408769697 0.85349859064807 0.00076453734054732
0.170111723087819 0.0241943038015053 0.121836731111318 0.2261393608509 0.875521086481468 0.000715954139018649
0.158864802495645 0.0207431219633692 0.174844428156098 0.270146984842127 0.914068017113509 0.000824382973475777
0.189231303070808 0.0229723816268387 0.174374608882169 0.26707844269182 0.784425904235233 0.000821148176129294
0.205323173488245 0.0230750179217861 0.138123642177282 0.173245426424182 0.844225117173099 0.000796820948662339
0.175631245933041 0.0218515481380392 0.116771137525145 0.154703481989807 0.876619696418129 0.000716659711103172
0.195122274086825 0.0231605163038077 0.174265714861736 0.182799047339708 0.902437409554191 0.00077381852995051
0.175903004063715 0.0215221038200702 0.174313432059563 0.204519730892433 0.887628461293706 0.000757645709073123
0.216975043705967 0.0238209852871445 0.174558182313248 0.298171788644561 0.785704394203435 0.000753366324963155
0.178857741838169 0.0217222436976916 0.11160719091036 0.189678514935211 0.873925138215054 0.000712689761413926
0.17977564088753 0.0231757275554502 0.156887379720202 0.289926423551765 0.905549163699413 0.000729492784987646
0.18387933570657 0.0222416458352446 0.107959529211458 0.192743489307422 0.89821132832515 0.000772687710428922
0.187087540762512 0.0222751648403132 0.159848246411039 0.199864482295306 0.891239039857081 0.00077452809625135
0.190371507221544 0.0233918559658704 0.124247302154241 0.145053554339944 0.808148696534453 0.000758314593896466
0.177333185426176 0.0202210235941487 0.155166047396873 0.163245157023995 0.954959203679606 0.000778077021980328
0.201060247343833 0.0230040256383679 0.120873685779842 0.187946748429579 0.883593011047213 0.000789887300121176
0.219932280713399 0.0217862104932902 0.189071590533321 0.282522778333819 0.974849098361755 0.000702513203489694
0.207835490217116 0.0233110507165409 0.162159178832326 0.231712723424472 0.899466371465527 0.000789725891635225
0.200304181059697 0.0232292052313535 0.15406982845184 0.199056186388126 0.894950200502008 0.000757901448331607
0.165488686177819 0.0222728310732303 0.155453264977954 0.166990875049984 0.921014101948748 0.000759707458843031
0.186024142877476 0.0220749830624881 0.161900548156 0.166572461996377 0.842234315856899 0.000746778005184772
0.186473956496121 0.0219311333799728 0.152824614597407 0.16917365291196 0.773112067760064 0.00083560481770341
0.182460139111517 0.0212013973979141 0.113945765252126 0.176423317612469 0.897321244350411 0.000652087971821681
0.197110888118053 0.0237122967250819 0.116007969046156 0.263174193427843 0.904721849212875 0.000723141216034451
0.173574576294032 0.0228259772303359 0.132789062449405 0.170770413679943 0.852198100756549 0.000721332383412798
0.204030533526867 0.0230330769726026 0.115887686050144 0.246129697501563 0.873632705826546 0.000789497255179708
0.189443973759778 0.022038541721147 0.164984667170814 0.236780177036554 0.930604918771653 0.000761020786565576
0.173917397287824 0.0218667315795737 0.115507574859909 0.165352371327293 0.949191707762933 0.000751739569961541
0.190799068072601 0.0227679011966441 0.146585914458264 0.249466945731733 0.928885401576214 0.000697699527393996
0.193619574238634 0.0216125104827783 0.156771276376725 0.187729057057981 1.03460530955111 0.000666775578768825
0.191087573848085 0.0200249400617438 0.108964727088816 0.250590740019286 0.940173914075105 0.000733681459396898
0.199326160259008 0.0209823909292182 0.105182334145195 0.189396730745582 0.848158075193475 0.000658695348839582
0.182719073731487 0.0217121047015836 0.166420958678016 0.242857900796318 0.824537355287801 0.000690918900968565
0.189421063009006 0.0242025765485391 0.149677885120226 0.168088031088828 0.777126953499315 0.000703507873872529
0.208518739730073 0.0223610425538508 0.108473718534533 0.17766972119991 0.892126550315206 0.000702659065629854
0.205477731401214 0.0230704641492905 0.163044206442646 0.204531838656664 0.957772295782394 0.000722875805615259
0.20421128766077 0.0225878123863688 0.113568912937371 0.280885158568592 0.910584501022514 0.000748475786771343
0.173747396429175 0.0224468253686766 0.183320205138293 0.25743427889288 0.869832336998243 0.000802869418353808
0.20320401914288 0.0216875897244419 0.123817259513627 0.154111183420716 0.80779807544865 0.000742709523141708
0.199492288561722 0.0213734830089056 0.166718832602082 0.152106989394147 0.902825409781859 0.000825016119796345
0.205531666922421 0.0235968835140075 0.161467954630625 0.265675855254303 0.876236944850207 0.000749606862826861
0.184939693330988 0.0238694978101907 0.13181629322073 0.203800298268921 0.965845076937522 0.00069527867044832
0.175493299227565 0.0218622001824531 0.190867376030039 0.235810853443469 0.875943419676695 0.000745289965134061
0.156742591403131 0.0201644680730723 0.176742123015236 0.239169735800347 0.962006040067868 0.00071009435695868
0.203307105940756 0.0219175178815839 0.133205927204734 0.260861871273036 0.869842367819098 0.000777762840737836
0.19215874252042 0.0229088387275124 0.164182572075611 0.214994919044056 0.814980296741637 0.000744089487552776
0.18632306572736 0.024174266940352 0.137640821792088 0.149047234214863 0.852731171153036 0.000759818165735676
0.178476635494881 0.0236540742189251 0.155507540896633 0.184683036993914 0.992875596576297 0.000662615961357437
0.184457804877101 0.0220809400289454 0.128464075741058 0.206373797953668 0.965070919790184 0.000683517574870394
0.175242556091539 0.0248761394560333 0.164803261484825 0.214007546451738 0.86876702776393 0.000769336119201195
0.219586121755762 0.0211900811144139 0.121212535256031 0.172797666269317 0.960519393854872 0.000748046407606735
0.186156897119068 0.0210391575459289 0.172691788281601 0.249513582391953 0.93165736276454 0.000648875085271915
0.195027132959263 0.0222200100983849 0.139331584881326 0.166104794657009 0.88117644635766 0.000859784542509327
0.188806427255406 0.0229094567509351 0.149184181968567 0.278417803178885 0.901552455360515 0.000695728779670931
0.205401947507138 0.0245129288486259 0.153473421428237 0.209235856693854 0.774096964840942 0.000687831043665049
0.159112652441109 0.0243653529785735 0.137989369373511 0.198383727199796 0.916581552519728 0.000695750462149957
0.180631374765772 0.0230957404324898 0.118620679895026 0.238958197082089 0.899835627692478 0.000791124569653308
0.203596242736255 0.0219966402257522 0.198407317993174 0.183862121484856 0.97461761301698 0.000787098197356272
0.203199125887888 0.0226976932677323 0.113566072934818 0.234462862975172 0.995699674109859 0.000726100961566992
0.197789792936537 0.022604918141838 0.147750554559298 0.207308290122989 0.982469133626212 0.000731157026738138
0.189191470324553 0.0226986652716345 0.129035558037374 0.193862791884949 0.856404176995926 0.000725588107484166
0.177667795285017 0.0231650567591161 0.171326616511945 0.209306428028052 0.836605298901319 0.000691664039680793
0.187193951203767 0.0242227223134725 0.196887364594072 0.224956997671903 0.781979535757594 0.000670115413168131
0.195058676147118 0.0217285274745249 0.120591702783446 0.149231564181432 0.847156475399982 0.000778874699571518
0.200526335229957 0.0206851440399352 0.166052319219753 0.267190641178252 0.986018833089526 0.000837308334450608
0.202287148879521 0.0218856275104861 0.163173180346784 0.284954514813456 0.908280272567809 0.000699741557068185
0.199766443501293 0.0213185288934531 0.120418244913977 0.240902625762103 0.916638381448877 0.000768757208108946
0.197811293268838 0.0232614391716343 0.144292138677328 0.235647238751055 1.03461102983729 0.000802391087761963
0.184964034491489 0.0214359285041231 0.117130744945985 0.235008013603959 0.887172122233617 0.000679931900793352
0.205286284043711 0.0218799845219083 0.171496167265749 0.266826201172403 0.795131582512726 0.000751873886833799
0.206081787200304 0.0218936919071156 0.17938851673018 0.226770610396749 0.864984880208415 0.000758770865445833
0.173283982914264 0.0232608510813333 0.162652666373228 0.165575367832826 0.869752083068345 0.000747538608173145
0.196539924905013 0.0225508412232945 0.132854014119235 0.205773270014999 0.820089367772412 0.000679902045500477
0.19861503789056 0.0245006623819344 0.161885869052441 0.200566717472369 0.901132277520565 0.000733184423106153
0.201952905782441 0.0224561931608013 0.167339012454225 0.183188545877813 0.82420339176856 0.00070501696563848
0.187052290814733 0.021723128434064 0.122477849322656 0.261807039223014 0.875424085234318 0.000749614492066235
0.161804565780767 0.0239122684969807 0.128047634866039 0.205315652144441 0.869075059136195 0.000770086550325497
0.178494667212077 0.0241254996198533 0.140146269273574 0.235448957736709 0.98681686792469 0.000743154790565529
0.185963365352034 0.0232123071115787 0.131711999046535 0.219723609369123 0.828087028629975 0.000781736638604976
0.183152568060472 0.0223713370283142 0.144157626768154 0.212180816550767 0.971192647589477 0.000758219592021412
0.198025673440564 0.0232658404535026 0.173388019378079 0.245755339547037 1.00825576910236 0.000765573963013182
0.177841421624959 0.0214935739181133 0.143472265966976 0.196611911781723 0.859715761085648 0.000821397682020143
0.173244428711731 0.0212644535362494 0.136804244571214 0.204270889050509 0.836645588666479 0.000798566508010947
0.176247561133463 0.0221440550117901 0.130114610177769 0.272360912791604 0.965740823052452 0.000744775464276327
0.203915983946454 0.0222938623310163 0.133893749635824 0.23628917363928 0.856544524828014 0.000789266349529553
0.209784648257666 0.0224245029766049 0.116913907040918 0.169859690226961 0.880194865686307 0.000718095830257944
0.180797918327056 0.0212681230476619 0.112158191200933 0.155859983647518 0.879222155285909 0.000772513411707877
0.173727531757628 0.0231737062090634 0.159098437376937 0.212547461624889 1.01473112908967 0.000750219701820432
0.18123326253483 0.0240173084530406 0.16940893719462 0.198053984993115 0.830308575166044 0.000681655010741569
0.192454781546258 0.0230360639380505 0.149725761181275 0.210516916273775 0.954153497978577 0.000713661467186208
0.182349595924144 0.0202316057264678 0.134321461211853 0.220449215932694 0.883361147506106 0.000701708743145237
0.17997421327588 0.0235075109439162 0.179132950404412 0.183503221370472 0.909880245194737 0.000763015559140871
0.163241078798315 0.0226117525255542 0.160582627336082 0.1821530026711 0.90406610482841 0.000803465861787343
0.212919605344453 0.0247695197193009 0.160437470231221 0.203529750896863 0.840234670829285 0.000756365542845966
0.18009469408899 0.0214085855338559 0.127783245327766 0.289220645500412 0.887356932101249 0.000848489514154707
0.178290165658803 0.0225764681041308 0.15250201252245 0.253359867242979 0.867475069357132 0.000652030449301382
0.187206536672437 0.0221539929318847 0.150240927795849 0.191999753573366 0.955068164076933 0.000811576206323493
0.164079700866175 0.0212215812309545 0.162361988156683 0.233155451899378 0.902205223948511 0.000714483752540394
0.192082981801682 0.02368995370601 0.14790042251661 0.167227158998964 0.830830930943461 0.000797941863529241
0.168224083936365 0.0235386152804175 0.183177923507992 0.265665746643284 0.940135452066346 0.000725051936252088
0.189445849206008 0.0236564413909244 0.13896014602598 0.17076941364613 0.981402528125625 0.000684913254776205
0.202109707753795 0.0214590425021341 0.179341641380188 0.230775303177005 0.958501849910157 0.000752233760705942
0.186171275394105 0.0241511497266361 0.155012437194121 0.230362507294218 0.887170028044309 0.000860749185439968
0.171427541605031 0.022044785576201 0.164748858381592 0.172974504469727 0.913420501781867 0.000732011700918168
0.18059785459178 0.0228435044984434 0.178732943917092 0.240737273185608 0.931893428457295 0.000738292156807654
0.180339784788434 0.0219417072209559 0.176421681542084 0.242684822037425 0.861213885936476 0.000744452830228071
0.184493452734221 0.0226961973572681 0.143938226664159 0.175076617224302 0.907541570832769 0.000811565322845872
0.178016107663381 0.0226564291205066 0.12085185925121 0.214747347058524 0.875561321872445 0.000690393672085074
0.19634991622967 0.0224040178081316 0.101251574930146 0.223108242422334 0.917246431773954 0.000681293672319225
0.198008398504352 0.0236287425660098 0.127126772870569 0.220690029460935 0.928551092396975 0.000814682199999617
0.160733470174466 0.0201062968190105 0.192568992532383 0.195907745708547 0.854964750039762 0.000712694541458489
0.169223409683052 0.0215952115955153 0.165802945563217 0.159835046202021 0.901392191131004 0.0006702089881573
0.201701053922899 0.0210746058758057 0.1596212750337 0.244194590125379 0.947834133356931 0.000795580501817486
0.195125851880439 0.0244716288716484 0.130815482764979 0.193847062823722 0.820256834854858 0.000703400598068218
0.181672115071036 0.02276180183057 0.15464187271876 0.290623706894556 0.811291626733872 0.000738809159704635
0.174269840473713 0.0217347260336029 0.118075818553457 0.195284608492905 0.8639238349885 0.000712088277715826
0.209376619864672 0.0237349297834324 0.16049953389963 0.199446173854109 0.811629373947406 0.000729585456718337
0.179816582338215 0.021506766231251 0.157892649055533 0.227773315507584 0.925614153396782 0.000698063858783181
0.175668465689564 0.0230028576095758 0.156206467654732 0.224202337762903 0.926876659720476 0.00072366200799596
0.197464516825239 0.0234179851792462 0.146939928342618 0.206534945775922 0.924136688871788 0.0006639396530672
0.187043808823704 0.0221389070039239 0.132810717955577 0.233172828916865 0.900099740631505 0.000801629454515323
0.214917327724617 0.0203301267465057 0.197696670690406 0.175618609929168 0.937423073963755 0.00078781130673363
0.201626218612441 0.0220986195161082 0.151428969206283 0.230103646460454 0.916636686747767 0.000778888089005477
0.212410403187377 0.0219275819238292 0.171486514108242 0.239639079944632 0.855453207398107 0.000722354130660335
0.173296773460013 0.0242149504271223 0.173955204283746 0.229407447334556 0.945176965183558 0.000804291575099181
0.173903224451762 0.0220676083393263 0.142817236927959 0.20199073672695 0.925676872342552 0.000753301499421399
0.166483412884259 0.0208006755373839 0.15968707635551 0.274433571933943 0.906517252945086 0.000791560039694508
0.188780924258433 0.0221347231651179 0.164522563203207 0.208523595165675 0.988097375004561 0.000784838477391993
0.214069960104262 0.0240250826332929 0.176385871255351 0.215044503671021 0.861747924435576 0.000782696420074689
0.159905768950675 0.0242139764703053 0.109746786408232 0.191636637674576 0.896710015119448 0.000778420758317382
0.17993775828645 0.0231448420362747 0.145440990379563 0.198635781490847 1.00607826658183 0.000775230139945095
0.17448227263134 0.0218206249396179 0.127574201690111 0.153697505901945 0.860655881807601 0.000642025905979447
0.196061658786702 0.0225375590770063 0.179529347677411 0.190159566278966 0.873813585340848 0.000792354969337698
0.18933614282087 0.0229048068878278 0.174233678180912 0.233770214671904 0.806826683434628 0.000694254311249256
0.184255747450401 0.020711458509489 0.171058013574363 0.278114417511674 0.786564346097504 0.000780566093259775
0.179104773755165 0.0224456378635589 0.152448824314876 0.21540315587476 0.981530495300675 0.000671351043857235
0.17208244563596 0.0240209127429932 0.137145436293621 0.194461257090564 1.02130591027709 0.000773266856938057
0.17336298440715 0.023786682547177 0.143317019319264 0.186284681196046 0.963468241203009 0.000701248571812463
0.184099929399017 0.0226782844119883 0.153189676655242 0.235999636365191 0.902066963146075 0.000763252699287375
0.19141254499006 0.0205624367232448 0.157824512640555 0.209632775169953 0.917106780380003 0.000746741202975074
0.182732862130314 0.0246795708285446 0.135620660853431 0.192741853066562 0.931532666783697 0.000728477395428124
0.180036608744138 0.0228694260476925 0.1421119820107 0.177945873417537 0.889759605032213 0.000664264340507436
0.189091983644728 0.0216551975571111 0.158666505977468 0.180056940911872 0.881970347509054 0.000824862797986677
0.197512319760956 0.0232501334736654 0.132203514202369 0.150029430523433 0.928634975721159 0.000787470352683641
0.212457811766998 0.0243633209500776 0.1797297479438 0.252124426229697 0.967254302154119 0.000693078827663196
0.186197519837702 0.0217918941841922 0.141000672367237 0.155749982152898 0.937423375628357 0.00075215826461476
0.210953390845292 0.0224673218655681 0.148448876907613 0.268708476375601 0.869572181130468 0.000734541633927059
0.193185254986072 0.0231490600422762 0.161153471563931 0.26161418745777 0.839440619863742 0.000752451347004884
0.198066994445353 0.0222479942756208 0.17959632486445 0.182325870740532 0.856685151312229 0.000741132709205412
0.184150274636942 0.0216177420388453 0.142618368428008 0.243771789176454 0.854283721520119 0.000770531409419932
0.177868383224173 0.023448723129605 0.132212356965087 0.203960485038637 0.89455462557627 0.000706317678858228
0.182079146056588 0.0239549004880031 0.160277371406604 0.204518340340476 0.837691377917968 0.000748258077153955
0.180638752519321 0.0209653417737761 0.131119446386784 0.215695492404599 0.91809916886755 0.000739255375080206
0.173809020900493 0.0236072154214147 0.199591269037225 0.257776076506441 0.865235319350321 0.000732768525742504
0.173506393198272 0.0222720465322419 0.134740247931254 0.164762056417203 0.887176875143235 0.000731887917265882
0.168815230302322 0.0247703679948034 0.180731038913194 0.188215627468388 0.856916010320632 0.000783115553913393
0.183266103843967 0.02170560597753 0.11325964665811 0.277963667247801 0.972325102410327 0.00078364194640999
0.175768454235085 0.0222810522631548 0.105977948469496 0.192936068578479 0.827431898761683 0.00074951306199556
0.169856518901249 0.0210550783569485 0.166029448705068 0.258441522292764 0.88588638211295 0.000790825400026037
0.205877654643601 0.0211279719033759 0.174487933215011 0.177333900322384 0.87853731135977 0.000738931394065265
0.200424679275107 0.0221553379223954 0.134361094014078 0.262103325918551 0.917853777796464 0.000748995883313346
0.170715131635674 0.0228152910753657 0.189465279123518 0.232509926851115 0.926206965455309 0.000812816536058987
0.196162426427175 0.021883106790069 0.172762184204626 0.19962354681872 0.953704254211296 0.000816290303694249
0.16888092929216 0.0201818854932788 0.103221138405668 0.186899873925399 0.920043278043931 0.000721340673092945
0.182699518657572 0.0217711333374511 0.15546041694337 0.19440897915982 0.989863697781052 0.00076540865626814
0.187255520596104 0.0224195971502692 0.15114969975384 0.215216887939081 0.918625062993126 0.00077730651116432
0.20589868258743 0.021824217239502 0.194540484837708 0.180645628330281 0.82508860529545 0.000832282308070267
0.198013813851546 0.0215211830128106 0.133155030579684 0.258771481945143 0.92952624886018 0.000790982776012222
0.187930700507138 0.0214062745531344 0.177998064737872 0.226417414193058 0.877794340036498 0.000805180861093771
0.212484348387807 0.0233616582948643 0.138444083868474 0.298064190940523 0.791185238925002 0.000792551984658217
0.195094779525157 0.0245730667832045 0.166829309207237 0.259218565625983 0.840138173755213 0.00070370745566777
0.202002911621028 0.022697455744202 0.139799772389479 0.175110424970382 0.962615115637547 0.000785928530066961
0.177766233766105 0.0224569647975671 0.150010034040768 0.204535058297352 0.847021773393651 0.000834520639592506
0.163302851137277 0.0249950688809796 0.162623614610854 0.260282934011128 0.857928067480785 0.000731829537339171
0.161222608161536 0.0215030390923518 0.113673055673599 0.231856516274701 0.95769063880605 0.000809003014081201
0.176185397700899 0.0221924386734586 0.12373742662733 0.216206809945399 0.805183089134115 0.000787054134539457
0.165013162906197 0.0215646127007551 0.160363874685205 0.167159095499422 0.901903625082471 0.00075238862557866
0.20390593977341 0.0239871805070406 0.142219637346541 0.149976081141828 0.812114064936248 0.000754581267580139
0.195552197691113 0.0210188105612238 0.122745636941582 0.262147391562398 0.902341860297014 0.000693462734591363
0.164576839782589 0.02123071959748 0.127638833647855 0.177717825469385 0.956526812300927 0.000745268879680796
0.185569034715258 0.0223715289560227 0.154898569758287 0.217403095695064 0.855348965809445 0.000802159231339918
0.190517289615033 0.0221725123462192 0.155518756473593 0.222897076549419 0.945224694399301 0.000753596148372099
0.220941301057472 0.0227656299700736 0.145644271114978 0.198504914902244 0.930249897554404 0.000762629520584472
0.186560463760542 0.0248319836487951 0.171042411892943 0.173807803280173 0.87943339451473 0.000766540691766683
0.208484909260034 0.0210623982061355 0.108018497081971 0.26903436329426 0.932728473047831 0.000694928090068136
0.175884742477443 0.0208656775774316 0.111948360614744 0.247650358260147 0.852798710866142 0.000751419473197473
0.212227127147905 0.0224608330209924 0.127161322701658 0.189076968362248 1.03475057193794 0.000785538963131147
0.218536518145887 0.0231091002207267 0.17722095556623 0.285375023880731 0.877668961050453 0.000769809702716373
0.18042106722681 0.0208895746299561 0.163199999813369 0.185739789263981 0.933710947188884 0.000657302561527931
0.157670298962146 0.0212820142240534 0.183949762343676 0.210278381193536 0.839503063038211 0.000790101426061951
0.214395065143434 0.0221042842819097 0.1350876758277 0.17911989566899 0.908479891655026 0.000734086426369915
0.183389627025269 0.02293502810619 0.150478408850966 0.195336345345353 0.979478288164477 0.000783080838082615
0.213652519420305 0.0208083595130178 0.119153720763661 0.23414378638739 0.993049074371615 0.000718511349244454
0.180733947425165 0.0235609058369125 0.156581197475611 0.254649244403354 0.933584511110127 0.000664762293860906
0.18014483966833 0.0227566141956624 0.13088366226055 0.219789908577504 1.01257495609298 0.000711241843155558
0.206204326772856 0.0225232319617232 0.150895841816947 0.210481904355913 0.955755112377085 0.000811088656193685
0.171624327498714 0.0233418746240424 0.120563310996886 0.183592183529793 0.973811940359822 0.000735452256044716
0.202419325457695 0.0231790327395528 0.15712064783227 0.219989445894415 0.944459004312099 0.000849499977817268
0.189461627364388 0.0248157355490292 0.147254910781456 0.207655834938107 0.883394987112068 0.000759107524397886
0.207974374666841 0.0239659151262978 0.160975482965532 0.279850517945342 0.934462549551694 0.000695981484126949
0.17851750296125 0.0240812334777859 0.152703168294687 0.177001840819192 0.919180754696643 0.000732797544774168
0.176880871681716 0.0214836080894392 0.127877349798813 0.193351415782547 0.972554488196961 0.00074913159708658
0.201773128694738 0.0244094002188772 0.168357474663874 0.221532553797192 0.94807909032877 0.000758092701347195
0.186987528517194 0.0217504540402301 0.180619804218463 0.173498700182428 0.912718416122589 0.000801564738263922
0.188081547622003 0.0208350616891482 0.101277325675794 0.229200448940567 0.951665049379524 0.000714394842233793
0.185571145728054 0.0248376103955731 0.174132203853887 0.2225764161164 0.908465704645377 0.000739663917876062
0.178450900443574 0.0223790108958735 0.139799672970724 0.224251484876155 0.965753545339486 0.000747177286799958
0.192967290076141 0.0229675657539321 0.145437108003838 0.261440581602885 0.942913082870574 0.000726792247350258
0.208609489531388 0.0217064226694847 0.163004946130081 0.178789923828988 0.766628632941381 0.000714983067777147
0.171436381950634 0.0233566652025637 0.174791170993912 0.17365029627401 0.929323712458419 0.000861212500272231
0.206338520924192 0.0217393537081324 0.110539618097279 0.252187411381317 0.888473276648932 0.000687688624036141
0.204143233912913 0.02302525880294 0.124368634700306 0.252538190690929 0.910966273197373 0.000731036078041732
0.163521953152752 0.0219409757559266 0.120768530223563 0.197598327946116 0.93487378121069 0.00070389757136272
0.169020420342427 0.0217731520453572 0.116291194242538 0.240651351611539 0.922627792666076 0.000699805667822078
0.217459803118602 0.0222321907295274 0.177002413320423 0.246632951132488 0.930924197283057 0.000769850767323727
0.189086081917291 0.0247008860594047 0.12988753736864 0.215632235511504 1.00941346796369 0.000799890162142048
0.18723837451146 0.0231796738919157 0.128871251993657 0.218107901996791 1.03014142723479 0.000780457865540265
0.165586332416158 0.0233741357917376 0.121277623368503 0.206482945271904 0.91807371843387 0.000814185423808948
0.180774964646675 0.023305672165521 0.150084009894916 0.223135373787794 0.894149812118342 0.000674949411328449
0.156570247448343 0.0214440519925292 0.1832733431264 0.20215753841426 0.841648939765667 0.000741529130128084
0.161790637948165 0.022153473523361 0.106225770154319 0.18136714540324 0.914888780557391 0.000666834527735988
0.162341336869266 0.0202947499074552 0.163994891663857 0.220747705919606 0.905035052682352 0.000653773762709312
0.175589169760786 0.0231318295923072 0.126590783753274 0.194528819876254 0.937344123253592 0.000740085458521824
0.199832326352705 0.0237964596353023 0.188102800277626 0.181162629204079 0.899660948381118 0.000703718481950675
0.180151563569116 0.0231803814442077 0.114096379174726 0.192101755225858 0.947172688886853 0.000652536000250955
0.159520303877944 0.0247655799231154 0.130524787051835 0.26145434020826 0.825805453609264 0.000663815371274284
0.180545617311443 0.0206889775362256 0.187794177146959 0.249718692680903 0.786235816671071 0.000698220396468918
0.19292909277841 0.0229617677066898 0.154714313591119 0.218365432854316 0.845188291696492 0.000758091104550386
0.192069248045217 0.0227884207806395 0.129406854221065 0.222065569218302 0.932908150364107 0.00077529771482331
0.182342043822174 0.0234489726996582 0.151177760830233 0.17870106986038 0.816054776386606 0.000749018241485891
0.188902838405974 0.0234140690951774 0.124181712919504 0.247499633157448 0.892305063026155 0.000719898528213861
0.212371991236459 0.0234767718072828 0.196298178134345 0.245137763010794 0.894768272042039 0.000775581967820262
0.218697487119132 0.022751422524271 0.129699212342385 0.200463233202704 0.865309893983594 0.000806746659309696
0.183341447509361 0.0230941886893191 0.162100044221341 0.176718915923499 0.832931538894049 0.000757022277158176
0.218979689082017 0.0227007100903626 0.167160046449507 0.228970153108434 0.940535789561875 0.000747816714872426
0.202841332899002 0.0205000445431336 0.129742167340611 0.173485215701962 0.877286876425347 0.000786331149313374
0.183794158291481 0.0227709412109144 0.154724039973289 0.228648768658225 0.813652076921674 0.000820739721015335
0.193040201112844 0.0209582890805087 0.19368030355439 0.234309663589331 0.886422851111976 0.000669864448578075
0.207161793317338 0.0219509526299248 0.116348341081787 0.189006670065093 0.886865366835716 0.000696457395369807
0.195509014486702 0.021894011689131 0.153024301646674 0.181637778371539 0.776019765700975 0.000738651125316613
0.175826419879434 0.0227637738179291 0.185336972108325 0.211192382449855 0.81722748648517 0.000815486006242046
0.175758362143964 0.0232835136004099 0.132776054900794 0.173474056117557 0.90843086099601 0.00071186602920339
0.158442753874291 0.0233392856012355 0.15579741962822 0.146361640496682 0.861538739205213 0.000765374393882513
0.202266285904723 0.0232064818667271 0.143410668936901 0.215169059685258 0.925924552855799 0.000727838518742891
0.193721476271783 0.0224389762936239 0.141885637166342 0.173028124802137 0.776750174830203 0.000756148628432498
0.191069535424416 0.0229049710633482 0.117138849534388 0.205337057727421 0.921645674414449 0.000789091876294703
0.197697194474775 0.02148114933498 0.161689461568497 0.283283917977922 0.947297446094274 0.000800821760078923
0.186416457656153 0.0224689985192495 0.170285872401355 0.210350745412063 0.872710740233342 0.000693554178837001
0.216023052260647 0.0234358690784052 0.137542785879161 0.23336481630781 0.895823029936635 0.000747768003316702
0.188729090398535 0.0204856843360124 0.136999689963983 0.188230245585799 0.785585206583505 0.000752864730235537
0.19167221973974 0.021613228813707 0.119117219245953 0.202936141457173 1.01180408825173 0.00069784018033196
0.207040493205709 0.0238403775540448 0.142679077627007 0.273003662460308 1.00761359156923 0.000769198274718439
0.177220683133818 0.0237977582985147 0.151174622036225 0.268010195848374 0.863944241472563 0.000713650177117492
0.181237854686974 0.0228061898751055 0.141960560904458 0.1741197965396 0.892994616086237 0.000668083601494246
0.189252897785755 0.0218227176457841 0.190894042198991 0.143231934657689 0.931103392145959 0.000696178481468956
0.203323597882799 0.022615725272527 0.159673216034208 0.198525907841015 0.878576605590183 0.000776352446449682
0.164624222252715 0.0237010610804522 0.117569471360106 0.183815263815623 0.931472951524454 0.000689809826265628
0.184692167945428 0.0225505589909869 0.140539947785575 0.283251801026594 0.904338909936219 0.000767829526595895
0.177871154037097 0.0223842490548752 0.137563365909169 0.232619971425736 0.885666022625319 0.000833118975045805
0.180431200968282 0.0244867623176779 0.191770944389761 0.264253787312777 0.882494178240431 0.000794027687457441
0.204219355704857 0.0224430740419995 0.142486627179789 0.175390239409544 0.957292660522524 0.000794855220339825
0.196948395284687 0.0231414817230382 0.139718690297272 0.228822636466186 0.986610906126589 0.000704841550404513
0.190994582334144 0.0234286474048275 0.193910199924505 0.152376782757011 0.825636497134907 0.000733774628230036
0.190501359370411 0.0223668464937213 0.107174721947846 0.212767178955801 0.948462512554267 0.000759587197049977
0.17615022414337 0.0235404040463613 0.15879808700653 0.226044744355402 0.888446124492316 0.000682568919947848
0.163608217487368 0.0218351624746457 0.167872617369204 0.241477437067615 0.867990558475796 0.000698831856847077
0.181497996800634 0.0208615617965464 0.163096395421892 0.18576272868729 0.859549509204923 0.000839480876592539
0.156532106923283 0.0224379535850011 0.177259955690252 0.187098438386816 0.901018861915837 0.000753015568443274
0.185066030716049 0.0239460811638817 0.156022862842762 0.191189089897848 0.960003972524951 0.000784428459451397
0.1953543183361 0.0216201176164619 0.172865126900813 0.16429929015361 0.888214766153383 0.000791521361513691
0.168253375876319 0.0229657177431328 0.128248675885747 0.288655769324454 0.8369623834831 0.000798661749158787
0.178298090587886 0.0221318846031328 0.102232980588113 0.254455550545374 0.981588826462128 0.000664001397663927
0.179704056176458 0.0213640239486148 0.191232322657862 0.240443633093435 0.961045757017144 0.000773022786392769
0.21588988206783 0.0234350817627302 0.161261564252889 0.26582488571895 0.969749308977411 0.000740888963989114
0.175345815292274 0.0227484808644353 0.140692563357906 0.237552444366838 0.952627500803142 0.000778516440940798
0.177472172137904 0.0240118445012629 0.189331979355978 0.174013540153419 0.879693327199726 0.000699493840848176
0.169581125854764 0.0213176343396158 0.109807723450179 0.222751558458301 0.935641381466106 0.000708966241244188
0.187389001825675 0.0208421245115742 0.127574350659613 0.216642884475701 0.836593554600913 0.000686508477332631
0.216567466899474 0.0223667228670201 0.114188593538776 0.16162078143047 0.956971225152749 0.00070596512665127
0.202051062220507 0.0201825374405762 0.150916515737338 0.204362768256195 0.798677302347066 0.000766717232928062
0.196450822559328 0.0233874225496084 0.194332307337737 0.292442445562498 0.960738809854721 0.000723497546584232
0.19186031994888 0.0228030506559839 0.164426791484246 0.235717197430484 0.875360005073642 0.000805315765455755
0.186928639639428 0.021230524243037 0.157918439141232 0.234093844031891 0.793996707593711 0.000770200010233818
0.202959016311574 0.0234630021918519 0.162357501724755 0.217917014474468 0.922624518398179 0.000674721696039092
0.17544448867871 0.0232555866546381 0.160585644622791 0.162483189441591 0.766108311544467 0.000751691429054846
0.180767599861508 0.0226623200182818 0.141119271955205 0.192675184903716 0.861426615242815 0.000759060059363991
0.185112261237361 0.0210376521998569 0.10913589855298 0.210944957189357 0.904982723273111 0.000709935640330473
0.187439317966659 0.0219953402653538 0.151798250685204 0.178247135444458 0.927717356957369 0.000696850405630758
0.179809917622705 0.0239656549923473 0.164608436540709 0.267989529461586 0.939607118125668 0.00074389075643639
0.158380897654044 0.0217989152490395 0.121867477058105 0.226656217006337 0.842853354634506 0.00076416518545808
0.180496697767139 0.0239301110516561 0.175561286116976 0.168738851183336 0.983648407224226 0.000660986184810815
0.176140713266356 0.020953180602261 0.174912913335144 0.286366298691859 0.896559416361174 0.000711264175270332
0.164363921127761 0.0230099265770055 0.127609246480141 0.170187474041065 0.831922188442979 0.000685286691472295
0.179905370962303 0.0242711046037608 0.17546300572564 0.243204302069417 0.790781956567103 0.000760511884806052
0.169788661389551 0.0247524949786969 0.171581050193042 0.266163209502035 0.912242734035131 0.000795089129164638
0.175538885414705 0.0236161823535157 0.144641925460138 0.222869057292825 0.901814465248211 0.000854129571913052
0.196363949729303 0.0223769164373528 0.181801496585311 0.142034785740692 0.809577603362027 0.000727799852468472
0.165885306966711 0.0223044538563266 0.173378395809952 0.177569388530443 0.90895513422174 0.000768434778571127
0.199699229165984 0.0223475269535706 0.112664085000729 0.200838503028505 0.960646503370363 0.000776145633135457
0.19730459975211 0.0234495903676497 0.16655890279742 0.207847189518582 0.953098466837439 0.000832166240017055
0.165303712843826 0.0235040665022324 0.169356480821996 0.249174331238928 1.01497125743144 0.000815367173692296
0.189297697770166 0.0242200330936498 0.109231949945523 0.217976600963862 0.833855190396673 0.000817484359337535
0.186273268906456 0.02273188733402 0.141857627053477 0.197169446440361 0.833718713096039 0.000856124565292177
0.16226137920031 0.0224592759693519 0.12967443896268 0.252097202531095 0.909893718981804 0.00070847744763192
0.166925074079105 0.0223555060249632 0.195984810525701 0.216432208103392 0.834212602423264 0.000777949261268811
0.19364599589132 0.0220986613356106 0.150136220120255 0.290844638637299 0.856707343191138 0.000741147824017214
0.180992627797211 0.0222588608072908 0.183730862483142 0.255845525699916 0.898942571407893 0.00084079814053685
0.183441327369792 0.0208833233017729 0.131015777400888 0.216199717412434 0.92187877502516 0.000740457773246971
0.172600845436961 0.0216637403270378 0.140380068016515 0.203602059761933 0.981882573908378 0.000695781784776556
0.180875281773661 0.0241986750870177 0.146440966090267 0.213648539210486 0.796415830500566 0.000777967082189623
0.176903816572816 0.0216754935989074 0.146008150587774 0.219828173477147 0.902303851505413 0.000691623436261158
0.192946959339567 0.0226047154025174 0.134520571696442 0.271320636442885 0.975105161225163 0.000642273738310669
0.194796760235839 0.0220369226064146 0.19532403213691 0.245488985168989 0.881117813070751 0.00071818391939351
0.213498457981129 0.0216184066758001 0.159998679366522 0.262316775413344 0.840002685458345 0.000796274358476735
0.160161290226095 0.0236221231616676 0.155848062559839 0.236658130878232 0.890368840129403 0.000748878723922406
0.203837059598298 0.0222711093152267 0.178423907822607 0.214938085717571 0.97140381803943 0.000652395502714864
0.212565908002704 0.0240313831334872 0.156211377125595 0.166003915323326 0.904858103162 0.000724141072183513
0.19164418252065 0.0240459353085355 0.138496542639422 0.22019448823 0.899191249144391 0.000664874874693235
0.195530174843198 0.0240619336177784 0.163113215922279 0.214568380420504 0.805049185201685 0.000749532001164451
0.200750700705411 0.0206805869398887 0.141818925377498 0.208323577022193 0.890376419614814 0.000765924739475196
0.189828076293661 0.021879582800607 0.188996786914208 0.213878910878693 0.960267526583643 0.000712067131595623
0.179064020236291 0.0208971754088128 0.139369662420286 0.20119329484992 0.920749591475124 0.000748907773528088
0.168829635816379 0.0225063401483388 0.159117485729737 0.199557371745016 0.828749841772118 0.000776593289104241
0.173887754058438 0.0237402105155107 0.185823886463403 0.231639346009145 0.941149343728864 0.000776682587881866
0.208092557446034 0.0218794439450393 0.164058963283509 0.216186683066803 0.907690859615116 0.000766034491129379
0.189318910592059 0.0235878018791102 0.11583865048326 0.212164035658253 0.797552458313903 0.000684587257438318
0.190053384990615 0.0219099660161068 0.184898344669915 0.250230814380994 0.968681907852368 0.000777070612989342
0.183676925853309 0.0231947410556075 0.15110954600767 0.246309003486407 0.893082670084862 0.000680395438754403
0.202428972909225 0.023430774866737 0.177194365660964 0.232541354822891 0.901320140668005 0.00075229341651787
0.192216201341941 0.0226104035143282 0.115965932127276 0.164924757554771 0.891911982910681 0.0007576775944145
0.167540105359709 0.0243435615556066 0.132890795584799 0.206377544876543 0.96373890282655 0.000683502431617489
0.199722766360247 0.0213921078391072 0.170113243139139 0.140702245492192 0.871146427605256 0.000717427021436901
0.187358558143027 0.0225931924848203 0.165901904607218 0.212046728458893 1.00593721956524 0.000768087556952087
0.199130535923712 0.0234291243178676 0.119019811310367 0.168695190168495 0.887951618248573 0.000752599835875731
0.213826856937008 0.0217890624493589 0.168489129023578 0.16868392537936 0.981704156947215 0.000730423340757894
0.188853601414215 0.021883310614622 0.152020979258623 0.18043912877412 0.951769559391392 0.000834180502290325
0.195587259427963 0.0239618077733834 0.184652598186913 0.151642589968912 0.878606012401246 0.000824881144936102
0.171088913173381 0.0221562447674715 0.118147879256359 0.274373443483122 0.964713598383893 0.0007164555870724
0.177738105693562 0.0224394211653146 0.14342076639343 0.225815846408456 0.834194265798548 0.000646266107655265
0.171979764119775 0.0217445846550392 0.129850755435983 0.198411097845618 0.875300699032475 0.000767954925947232
0.192015276741375 0.0226487207818161 0.164227265423656 0.162635008012912 1.00602899140389 0.000820449058085719
0.169633107518427 0.022686859302989 0.136372375762741 0.229990085870318 0.857369661706694 0.000729337561796572
0.178522471967219 0.0203669269170699 0.182988623511844 0.215956107440969 0.995400552217066 0.000761000623855671
0.16740161624029 0.0237106566000282 0.128533449986153 0.202841367216584 0.925541146043899 0.000848346259902428
0.17280438287065 0.0217751012009262 0.149114637317239 0.212457116265707 0.926748267774302 0.000744784844319438
0.161894506021361 0.0236966397258912 0.138798663746104 0.267137257099333 0.907459484143828 0.000776970868497409
0.204317814318847 0.0239366883203611 0.133045945340094 0.206541026247448 0.966163386588215 0.000784465873310697
0.184706762026875 0.0235744903070008 0.165710466097454 0.197609110365947 1.03142723253528 0.000767041107397879
0.182568103516895 0.0226684501439673 0.151528074658022 0.205551313209581 0.82338688976275 0.000686360334734337
0.191646881658191 0.0235535400276296 0.129081961897864 0.195547960917687 0.843282516282395 0.000825984589403499
0.18846742319164 0.0223697148276865 0.173596169078817 0.23840045604842 0.847701885013193 0.000757141120450238
0.19282123855308 0.0244287344773136 0.162596259060792 0.180016871879381 0.896597675399698 0.000786541882406037
0.166750407293828 0.0239108654635283 0.183077689756295 0.190734372049621 0.894609421919065 0.000689114770810232
0.191301340529488 0.0212373209868748 0.158340948037396 0.188486083963642 0.867436634774043 0.000764514527622905
0.184642724077594 0.0218575995460747 0.146299093266338 0.228036229496484 0.833837055833105 0.000743516869394826
0.19046718719458 0.0234867158606365 0.157590176854288 0.2291602738555 0.947419825664316 0.000695464300902663
0.218849972280229 0.0229428274875718 0.103275411247663 0.296941016603542 0.866416241266168 0.000788063526101783
0.183171895334653 0.0239514174019477 0.101231125218013 0.180297362270518 0.914862600399327 0.000760963335258659
0.163043756827995 0.0245871523988198 0.188547290595273 0.227339391052737 0.864740109786429 0.000690447241843463
0.202831909654205 0.023380772792158 0.155587662927991 0.184313608829788 0.958861826177812 0.00077295532746184
0.171922673762147 0.0224470656626258 0.134600783918382 0.249553629932282 0.938583954951317 0.000840283721082111
0.170832080970592 0.0230390808358959 0.14241419218571 0.23899154936509 0.978031690869072 0.000739466846854573
0.184515808140986 0.0221168426168644 0.168877465059854 0.222508790278561 0.893066346587126 0.000795006146631087
0.183196948063606 0.0223248755142962 0.189339038009031 0.215568777509816 0.857920631328457 0.000767479040333711
0.188240851764071 0.021943727439556 0.194820593220583 0.218535273262127 0.885618125091044 0.000784808675985248
0.188678242500533 0.0228442088249659 0.117467687524562 0.273078502850369 0.86772786715981 0.000692028544032188
0.201269043731009 0.0216246941308826 0.142420186292956 0.270067427700163 0.852666137572938 0.000704359937601072
0.18446212597014 0.0230529660994264 0.14188067528495 0.235250365557848 0.975280111491392 0.000740159172713286
0.168014514395833 0.0204608980293573 0.165706376682147 0.227081180815496 0.952725773539115 0.000704311341641783
0.186202897437031 0.0222324249743293 0.154465566391139 0.188053759073236 0.939130840920049 0.000775052240629102
0.183168651873883 0.0226642060277937 0.170924751960864 0.215281453189903 0.867779058879206 0.000777161645195955
0.178880180192516 0.0226370177293758 0.108960401662436 0.285139669050464 0.941243343205542 0.000746307715855717
0.21924065147415 0.0239875381493414 0.158982953002095 0.198418605360829 1.00961242538509 0.000779817067561243
0.196505744363993 0.0230236728281334 0.156257614348932 0.26926774821399 0.819406624564876 0.00075702835913895
0.191200304740732 0.0243338823861652 0.160970039645859 0.142238248548043 0.927807533362786 0.000714703418644142
0.167703720746696 0.0206606957816075 0.178313043736179 0.22565479881533 0.894053618878938 0.000768251723517832
0.197133478421603 0.0220062892014764 0.150117574011232 0.2011198013281 0.887269254565269 0.000824069508992566
0.178792867723595 0.0239832432656993 0.14322887853982 0.187432032598366 0.909378690852061 0.000816142624756877
0.194096687583423 0.0224766422809206 0.166606911760416 0.188156730440679 0.836694933279299 0.000777625405403775
0.192523072364094 0.0230140055136918 0.165447528950248 0.200022920315809 0.913303323256015 0.000822562627134406
0.187321625121881 0.0210943599952251 0.146621724326434 0.213239033728423 0.937001729462692 0.000774857609755732
0.171074843755516 0.0229245455576912 0.175530478203944 0.24011123150914 1.00674873233958 0.000768284695113146
0.203975833727232 0.0227830188647046 0.147908007869697 0.170572334916572 0.828663814558046 0.000750503997851051
0.183821698403343 0.023814406610187 0.170611602588992 0.266934747841234 0.957623433174498 0.000747582578982135
0.191909664478648 0.0240247461454089 0.159616493282596 0.253466778062303 0.834755103083082 0.000782641587361716
0.166754314276596 0.0200632025270037 0.168813413663819 0.287784971832263 0.806714022572421 0.000803138364006481
0.200109797877652 0.0220802634593513 0.149991855367988 0.242408979687296 0.919331946780034 0.000732033332095401
0.215600680564408 0.0222195940785504 0.111805723766761 0.230994753639626 0.912623044401703 0.000760206869946402
0.170841513806349 0.0230087320280488 0.170622008858207 0.228060951873707 0.981641304561152 0.000644621488388853
0.175754622181365 0.0249564411386525 0.14089034463741 0.217896751156355 0.847497327273526 0.000706957629931331
0.212744188647063 0.0224958871371935 0.175873299161697 0.181458913742815 0.870229607015826 0.00079072770970594
0.175011060720718 0.0209819888704424 0.138253376099091 0.186673200317158 0.893092845533204 0.000684244312647783
0.175276493686388 0.0215170342398882 0.152411134539325 0.268432250710681 0.888406964496612 0.000686966089674409
0.175422950957815 0.0236780782067149 0.179507733069409 0.202329580116805 0.822537434277291 0.000722845083392733
0.178205997178621 0.0234807826843867 0.158387895702749 0.233950655063865 0.818818238092229 0.000757353960611706
0.18393199086328 0.0223768654363016 0.119045427072489 0.253877646975196 0.887325689425133 0.0006474617460572
0.195742638930629 0.0214684908225908 0.178050184612213 0.187248578006275 0.832528327384449 0.00079390521836896
0.182115354662128 0.0219432939972352 0.115301896264296 0.141365291698424 0.931745827593058 0.000666880263078147
0.187915339285858 0.0234636257369205 0.156746723511712 0.177345876832182 0.927710950728796 0.000827024591082692
0.205515544678389 0.0219455652325329 0.17422681235177 0.166405989275985 0.877291159460041 0.000754864966062939
0.184493517104262 0.0222768130991161 0.173878527049713 0.270637251619847 0.879403359317669 0.000791068030951518
0.203402073317475 0.0227974561830724 0.148881704723495 0.18623712137391 0.934660972319552 0.000679240298635345
0.189854176164188 0.0205213993445556 0.172936594175088 0.270104241038171 0.940135657873022 0.000772206683792239
0.178687705717127 0.0220443692476883 0.13354050013432 0.182909894392898 0.985457336106283 0.000762732147432991
0.181633587868971 0.0230112041743085 0.144865531083763 0.210932987909696 0.895651608531941 0.000762851737306984
0.175240890788876 0.0238842121294474 0.117593009918265 0.158182088142061 0.873766958566632 0.00079964446299164
0.211721466816116 0.0229321507700538 0.156997185210035 0.239938471943949 0.925556141907363 0.000743494764924834
0.172326578335512 0.0217221826288228 0.140093636107851 0.242405837240844 0.817218158944276 0.000702773727879722
0.190930395659924 0.023129941637173 0.166112047565284 0.219382727382726 0.881027857621419 0.000755304184612089
0.19477973635577 0.0242814246475388 0.122475546308913 0.16313494084903 0.918587940096389 0.000746474985889186
0.192885112158968 0.0212977315044474 0.10953737076773 0.166818649249613 0.915592131089278 0.000717278618241117
0.189226991159821 0.0228490409255431 0.144169711781493 0.15718087943585 0.904893616567533 0.000658446798091673
0.188337122392355 0.0219139187306125 0.175580736950688 0.223427545235689 0.829393993527182 0.000666555408762135
0.206021143489655 0.0233736764473107 0.168371338983585 0.241350844403205 0.928719236788908 0.000854387973693365
0.188959246093049 0.023234402570495 0.122317715896123 0.190979467010948 0.929080429746352 0.000715892125289667
