eta 0.796875 0.627832 0.965918
Age_group Prob_SP Prob_SP_low Prob_SP_high Prob_SN Prob_SN_low Prob_SN_high Prob_EP Prob_EP_low Prob_EP_high
0 0-4 0.015246 0.011934 0.018538 0.956064 0.952614 0.959532 0.028690 0.027368 0.030011 
1 5-14 0.079731 0.063814 0.095125 0.816692 0.802902 0.830943 0.103577 0.100910 0.106279 
2 15-24 0.580722 0.521793 0.626735 0.346543 0.308502 0.395257 0.072735 0.064686 0.083010 
3 25-34 0.602789 0.544533 0.647844 0.342473 0.303621 0.392705 0.054738 0.048476 0.062807 
4 35-44 0.642111 0.585654 0.685044 0.322838 0.284106 0.373769 0.035051 0.030780 0.040630 
5 45-54 0.647543 0.591396 0.690139 0.329849 0.289982 0.382397 0.022608 0.019804 0.026264 
6 55-64 0.619880 0.562302 0.664088 0.362839 0.320638 0.417802 0.017281 0.015179 0.019970 
7 65+ 0.534855 0.475279 0.582311 0.445566 0.400101 0.502639 0.019579 0.017378 0.022252 
