ID imp_con imp_vac i_con i_vac
1 7809473.25901551 7693973.02710673 166930.16210854 157699.056371167
2 14176839.6469612 13831915.038057 325998.348968012 297614.848297179
3 11380844.9006898 11169934.4593212 271817.341966194 254370.691903424
4 8933171.1656282 8816455.26795376 188349.02112478 178947.192001554
5 12068499.6094674 11833738.8959369 271381.41931299 252328.127300551
6 11388810.5796559 11185195.7040272 233342.396159035 217256.049134463
7 10049721.3041883 9895154.07783221 192993.321496248 180940.543218057
8 8568031.05899054 8400694.59526353 159713.3432341 146950.702105903
9 11686323.6252263 11468681.4032933 254435.330678543 236850.351543102
10 11040373.9186782 10804108.8828147 241992.608693598 223015.459592333
11 8391556.12143571 8209712.00974223 177229.6639992 162610.212443291
12 15141465.979469 14770972.2708423 337532.626351852 308617.976896535
13 9763274.01532007 9605340.29267783 191484.170217505 178957.428977289
14 12748926.9527677 12483730.067547 261276.063729987 240276.360875792
15 12811748.0781844 12549803.6135903 276778.810611249 255884.129538566
16 11557064.8006973 11317822.3192157 239974.724185494 221074.550680495
17 10835106.8237785 10673385.6631461 231914.477785958 218962.925553646
18 15620854.6740319 15266100.0147073 347023.263907966 318374.676496974
19 5865197.36921287 5794341.24686305 137292.73387274 131496.773390903
20 10413714.0434775 10210720.0898018 224711.103653519 208383.629016103
21 10502032.5947358 10345851.2809256 226626.057496666 213911.862485226
22 12431506.36551 12106143.7867479 218689.426230906 194211.695066575
23 11622779.6643131 11361299.6502076 261253.065101947 240410.79319371
24 6439747.56793415 6360976.42257557 145604.623815696 139153.148420362
25 10375053.4360477 10167406.0983172 220782.273443249 204078.990292515
26 10201766.7570928 10039753.7698231 194641.158249895 182055.157604386
27 6867552.1005723 6764393.34782144 129032.726738019 121049.118555287
28 14937190.9003211 14614331.513411 340025.725881273 314044.174016193
29 11230562.9802269 11040261.5920361 231919.40596183 216817.020898096
30 12290305.2711029 12040380.9847248 239224.956310958 219870.439097175
31 6495030.67835386 6388886.50070582 165786.148208373 156915.778416905
32 10821802.3425397 10624808.1133152 259188.94713537 242808.378856866
33 13180022.9535042 12958288.7001239 324183.648015263 305702.797114715
34 10459781.3008759 10273782.8800789 193414.055840163 179168.802442542
35 13709388.7340661 13349665.9343284 291695.396346267 263264.966803996
36 8963635.28913263 8831046.74499301 188634.104968286 178076.376316153
37 11702028.6494311 11438154.6304924 269466.805868751 247877.514138338
38 9818819.4168448 9645454.60961105 203154.355039187 189401.039584853
39 8143022.78041395 8035562.24712532 136276.459319549 128140.146946155
40 9741710.33960352 9555292.14707365 179116.489968112 164890.509796067
41 8273863.60559284 8155065.38445939 167819.824167761 158450.454968959
42 8235849.15635568 8118955.60605036 182706.795549083 173138.881847243
43 14805851.0172152 14334231.5567988 324128.237862548 286871.566053834
44 10458620.3873492 10257626.0576097 220994.315397746 204815.64485148
45 9048589.25425837 8904568.90800379 163864.134669817 152905.045241128
46 11790431.8976733 11529577.8539812 261147.939650938 239894.787923191
47 11885965.9879376 11671994.2351264 260219.671954738 243018.918363932
48 12841906.6453846 12612839.3667737 276481.064906819 258024.618435942
49 9521936.70121025 9351752.22113614 209623.000556737 195705.390673307
50 8009173.04630826 7886338.43603026 168801.329573394 159043.179226225
51 10933208.7067449 10639623.2689594 207383.955234862 184934.83374905
52 12220177.2711902 12039075.1718385 266664.27712865 252044.597830971
53 11672878.5259762 11463641.806406 240872.917222754 224426.384238444
54 14341325.5706742 13985701.7068523 313223.552621691 284773.536535941
55 12259488.9903138 11961051.7415218 280205.669129891 256329.189986941
56 15179968.3047564 14830072.9223094 345481.188843443 317101.095827246
57 16095024.6168524 15682737.7231612 376447.123937756 342289.348269043
58 15140103.5734492 14770258.1631416 353047.64424176 322506.412611097
59 8730377.81301679 8627053.81669732 186957.054601297 178640.648378425
60 10571204.9160458 10374888.6566499 202413.056107956 187131.917801954
61 11407310.4908902 11211744.6286828 243746.163075807 227987.571336719
62 12051174.2850495 11817567.8404521 224241.121828688 206280.809236195
63 12173402.1351679 11939484.7795532 272199.797781464 253039.087151675
64 14375027.0950611 14080074.2534253 342891.966373705 318388.8345408
65 12067024.765459 11788267.765645 253354.709419061 231191.577954815
66 9457629.63692592 9311614.76624313 202352.015008899 190663.946578312
67 9703236.05907918 9517001.98086854 199652.437638741 184952.835714688
68 7966240.36260358 7828815.14755892 182215.624600358 170920.198744604
69 11624232.5363641 11415398.3296862 276160.783981188 258889.254110913
70 6603221.81205077 6494418.35811075 131701.595247635 123136.958320043
71 15114493.7902736 14749858.8723471 239371.250502031 212791.191099629
72 10794339.0952307 10613625.5846594 210695.734521106 196351.104711105
73 11953950.8365869 11713899.0155159 211155.772131767 192939.658857419
74 13433764.403297 13201707.1853239 282795.497414786 264080.531942984
75 11349371.0630872 11090030.7257668 198824.627451881 179458.442360669
76 8494313.90785591 8372165.18007158 152980.195931944 143663.466552007
77 14261227.935334 14030279.3496289 356240.384936543 336888.849795941
78 9936179.36058089 9774910.34075646 216803.574694391 203601.205907044
79 6987890.12766862 6874909.69672699 145102.690156361 136110.10876426
80 13928239.852008 13660683.8803839 297600.465836593 276325.175645398
81 11127182.1079314 10912777.5822307 251894.646992751 234429.873494203
82 13276699.2204706 13052062.4108359 287232.061238564 269048.089465852
83 11024827.955596 10832026.3424592 260771.011211313 244880.419518942
84 11804903.6178268 11550290.6224198 248860.595505959 228608.11288603
85 11120026.8847368 10839625.8336933 244919.932224425 222598.366599768
86 6561552.81707842 6460487.46958229 151209.342949504 143022.392850383
87 9366326.92884726 9244641.74237275 173456.106156913 163991.175545889
88 10003043.0413471 9862277.90698212 223600.7209551 212081.423472464
89 13469312.9746015 13252413.193558 288848.508950649 271471.806567453
90 10112012.0813877 9930123.593029 218438.723108053 203815.471011625
91 12720494.5143501 12429543.0438344 280403.655642361 256910.63340966
92 10222358.0987622 10017531.9220078 185114.722476638 169534.866892802
93 11152759.1184785 10929260.4389729 271538.691706346 253038.469636103
94 11068800.1482759 10878188.0954594 233790.56093152 218356.349439265
95 10449398.6710852 10293315.2864619 228846.660507613 216102.153817247
96 13378945.9796257 13136366.4106257 309998.985340379 290106.676361126
97 10580413.6725372 10354196.4205801 202675.111993083 185161.169616441
98 11609070.2447349 11412255.7424932 230075.342211917 214667.116352147
99 9122167.73324468 8937476.89966788 211857.479897854 196691.995302942
100 11627149.7739789 11379129.3086185 251057.248735688 231162.381260728
101 11806816.4818213 11602892.1576645 249325.204393753 233008.993107788
102 10192884.3010175 9977071.05448835 195412.362610853 178430.379378461
103 9850178.40921141 9673354.65721393 215645.576230436 201427.044061254
104 10791563.1332467 10616186.6421028 229265.542484859 215142.949152996
105 10986470.8939954 10769463.9875778 241317.624865247 223812.386152032
106 9132109.93525258 8995253.53777171 199133.518035003 188069.996990325
107 13047706.4207234 12823169.1240694 308573.752602845 290066.427328813
108 9528122.57606122 9334843.06155783 245080.616208004 228590.478268821
109 9993433.05976593 9816370.04981506 217413.672246344 203160.670561389
110 8681665.48940317 8517591.47335989 189718.126980022 176503.274768358
111 8097388.60868275 7979189.04380626 151744.542340707 142574.578898965
112 13094460.8226666 12878416.3015156 314889.435546232 296920.533959956
113 8935254.09485833 8745539.44085454 187407.842818547 172346.135122421
114 11210732.4522148 10963229.356488 266857.839600173 246358.463712404
115 10212429.3336335 10025958.2425103 206484.866726111 191625.795566187
116 5528948.76872802 5417561.38100599 107723.754091993 99116.421853331
117 10333274.8309352 10117499.3653258 177061.266606355 160921.65857908
118 10906676.5970258 10745201.8710703 235441.868446043 222517.98979816
119 10594327.6555646 10369913.8545647 215713.642816395 198162.01102292
120 11070889.8715895 10902667.5533561 252426.652025882 238796.585805763
121 6957081.16831388 6842831.46094801 135930.677787169 126987.637633914
122 13496442.3352084 13220851.6168154 257109.571797724 236065.023169983
123 7951494.88476135 7804362.93668314 180134.061786924 168266.537738971
124 11816136.6499807 11629723.5733149 243371.504595627 228492.725462929
125 12037011.3212629 11782096.2482301 256378.107250842 235920.016396697
126 11203571.0267765 10998467.7614856 252533.939500171 235814.936176785
127 10733503.9331803 10592135.4213067 213011.530749197 201898.667550111
128 10902836.9224843 10725869.1801455 235576.408875891 221162.603882683
129 9053585.62455752 8914130.62728732 194077.764970282 182803.55373703
130 12384893.9249461 12097814.6665685 276295.287702834 252776.269559068
131 12032054.6965496 11706819.7665313 251316.952637245 225858.241141739
132 8728495.83924555 8578471.27875414 169661.98020704 157974.377542951
133 12790478.2508636 12463273.1155085 281272.65752531 254953.381412407
134 12739951.7182731 12424716.203522 243051.542019329 219019.771640596
135 10195272.095784 10021639.8057635 216845.581722286 202887.631314597
136 15206818.1265659 14799502.7143273 359144.149224802 325698.195032543
137 10862297.4118241 10661216.927379 216439.375125326 200730.099008841
138 8444570.55479883 8314375.88602016 152018.635411355 141939.132171481
139 14049629.4631779 13695348.9206549 324855.430558847 295593.614925411
140 11086702.1589401 10851461.8875173 260268.2759861 240944.870374418
141 8146988.35296761 8011070.02894506 184686.496738126 173628.916056548
142 12355307.5874765 12078314.5461162 280288.310436653 257626.585754281
143 10195963.8493733 10015831.8173782 220586.016824423 206033.474003828
144 14283485.2588685 13917411.2210633 328586.008994553 298773.453716907
145 8295058.0549853 8162270.34034073 160217.625574585 149892.700103843
146 8850714.5476216 8728111.8906604 152337.79886316 143051.065737085
147 10470780.9517235 10279423.7482353 250075.346363034 234143.882201391
148 9937572.17902861 9790822.7667774 244097.188674728 231813.030993557
149 8515654.56365636 8367584.0162366 180423.598203985 168674.598684891
150 12388912.9069919 12097040.7751514 280640.487974241 256855.004058934
151 9975777.08530273 9833239.36389946 231958.448831531 220225.586160459
152 12992222.7059841 12732390.3036548 318792.705974415 297605.772510496
153 9786330.92968049 9595089.24918372 216238.962931054 200869.186144807
154 13726754.2661154 13391600.6540154 299904.93475031 272924.147451307
155 6053963.03999607 5959465.90888474 144441.573342621 136627.816707511
156 15494675.0366838 15044280.4332482 331788.732377398 296016.772569269
157 14664981.9258999 14313432.3275452 317278.038841009 289633.070026893
158 6918190.11066057 6816142.2615958 154560.627343859 146288.394964287
159 10359904.5650232 10137801.7759196 234378.261043167 216225.400092359
160 12543923.2477638 12245092.6713382 251034.574916324 227964.976740649
161 10897537.6722119 10685030.6698999 247750.874283865 230461.204606339
162 9611448.17184495 9432822.73558749 196114.388198781 181939.139080565
163 11391723.6744403 11189283.0394966 261852.203022787 245187.212144873
164 10145570.7410998 9907145.54672271 187173.165205039 169061.044633204
165 11814666.3494055 11596325.5009715 234050.266649674 217027.697987497
166 12385157.4897563 12100985.9484194 247353.682786114 225382.557333908
167 12507971.5646063 12197636.3345596 284594.196505666 259342.862267387
168 14077107.2315514 13822910.0052969 329554.715515526 308488.448270359
169 11927985.3945803 11645202.6895546 235361.520010113 213435.949879802
170 9780469.89927983 9606545.17370986 195441.688625434 181801.221342561
171 11569258.6803414 11343642.91247 227009.989459215 209249.411387092
172 9489837.49268931 9333817.30953103 200717.713066913 188217.624779899
173 9463028.80015485 9288149.79441384 216976.699490156 202633.941775596
174 10500905.6326416 10315757.3218761 219629.95338529 204932.085315152
175 15989614.8794139 15638748.5862101 378968.910281333 349604.842212445
176 12251417.4915995 12023050.9218327 255377.379047733 237268.521505097
177 10912609.8342326 10702584.4449327 247138.367064021 229877.94379882
178 13855379.6280148 13521843.248316 330142.670215121 302985.04908018
179 13257860.9148816 12976933.7822199 303528.815949799 280516.088139193
180 11469073.9367828 11245684.9061518 247650.559597569 229613.440648702
181 12287275.2819613 11977112.8764675 247493.802689728 223635.827339004
182 12070556.3207349 11831365.8265815 216454.36111711 198354.105786885
183 9937283.31288916 9794993.36217489 190057.776622322 178947.872506946
184 14161974.1228643 13851466.8074427 290429.610275907 266010.127814643
185 9567484.28250662 9415000.27463642 214080.194468579 201698.998187245
186 8048119.84282676 7954012.70821096 174612.297388238 166948.440885213
187 11299345.4123512 11048599.0238072 222223.795906081 202791.323302052
188 7764801.83043129 7639055.79107492 165093.190133256 155034.809281837
189 12407736.4076461 12143017.7570986 280029.28507092 258803.491087769
190 14179344.6460954 13840659.5186203 321173.838311531 293802.183805746
191 14649596.6048835 14320082.0840778 305930.859744973 280183.78160997
192 10288842.4328495 10103018.0832883 233295.410981402 218140.413575649
193 12824720.7958715 12554899.3903898 275506.342115581 253902.341086637
194 12908783.1442533 12611712.510377 312903.926633027 288315.551921431
195 14429039.0938451 14092405.2424768 311121.905081113 284284.46314938
196 12530835.6761394 12306090.1289947 292743.881122368 274090.371216586
197 12449826.8181399 12122567.7632619 288615.173846849 262048.768585633
198 11283484.6718147 11093916.6348286 220614.613333584 205871.114050384
199 9765785.18500925 9583116.31880338 186999.768396526 172853.473095318
200 12680709.4630506 12365612.4142541 282115.204672178 256827.221989278
201 12487975.7802247 12155539.3562076 259952.727365683 233673.764061473
202 9132447.99329467 8980841.2125855 168968.266117581 157334.275126747
203 12840978.426094 12534764.2552055 263471.732126163 239334.910911494
204 7885318.57987747 7760850.7528772 176079.773019526 166035.162538275
205 12634055.1350973 12415162.3383135 219193.789454488 202521.300756708
206 15294090.9275055 14979702.9543376 352700.292192723 327108.700690366
207 8562237.66064759 8442320.26074112 173679.173588201 164126.084184623
208 8284510.99281725 8150124.46024081 178087.233292413 167307.557317183
209 10815768.0327582 10603681.3640338 222929.139692287 206153.302095201
210 11244664.1277245 11067261.1957198 278199.163985831 263190.135339794
211 11994814.6817156 11757622.4867867 275516.484675926 256180.86020218
212 11486183.3118287 11303467.2794485 267314.731418693 252264.934747822
213 12524554.1016517 12312351.4699417 212440.165765543 196504.293367358
214 13233885.7944377 12965296.0463591 282126.599585143 260631.01138354
215 10372076.0645831 10203336.6176287 226169.270167843 212448.282354132
216 13942594.054918 13676032.4535407 290241.969179147 268801.510907833
217 11111398.8663077 10902617.2334727 215462.100116628 199122.450504527
218 8666509.06702409 8539080.98614217 173844.284464267 163768.361060631
219 12544710.6856345 12293669.2339195 259549.911269268 239593.24204091
220 14739210.8730983 14462372.52938 331256.163616211 308634.287498031
221 8555146.74474338 8422028.41067091 150619.219773846 140491.822101342
222 8264316.61410459 8158968.20543546 188537.07470556 179965.450412999
223 9426489.75117397 9289880.39472263 191702.228722908 180845.658407891
224 13534084.5091433 13265953.8779542 324316.518963133 302019.314078643
225 11504116.2347706 11209840.5043912 233400.725858445 210898.052155802
226 8998087.74170186 8834627.25027924 210395.613989068 197029.073347322
227 12582398.7542748 12381118.1816247 277701.333122651 261329.130056574
228 11368698.1887969 11182862.4683675 226784.837482957 212306.018402708
229 9786273.69018518 9612232.2880758 205367.760396309 191521.155439114
230 9564870.19678126 9418629.0544303 195624.508128064 183978.630951771
231 13445275.5760608 13201828.1615259 318238.422198357 298191.744456521
232 12340853.3194809 12117201.3532891 240158.860960019 222907.861572335
233 10647607.2276068 10464028.5494803 219265.690683039 204800.755185711
234 14834564.0973033 14473946.2856522 371472.009968002 341082.432152152
235 10423430.390142 10226571.6435274 192581.557631747 177592.507380902
236 11905051.5728296 11691930.2091233 256857.266552142 239551.53679913
237 12365655.8685155 12161552.3170062 229942.893542939 214279.478544172
238 11705287.329389 11458299.2060496 263779.263668135 243400.709446678
239 10153505.2438821 9994284.58381298 207871.874067555 195199.59696059
240 11067986.1743779 10839816.1531906 230724.396641426 212531.75913228
241 8576753.61975086 8461349.46294634 191782.027099306 182353.374418325
242 7536211.50345444 7407971.14395271 139912.169211658 129967.371486765
243 11350308.4804764 11106402.0902555 242105.140669457 222781.155607256
244 10244769.8204735 10072117.3386018 235191.496051607 220909.36351237
245 10270375.2290917 10070501.6849748 241677.525313672 225158.000698913
246 12222143.8759027 11952807.0981578 242868.512379727 222165.513093478
247 14095570.3500965 13756052.7883696 335075.11464867 306795.834740834
248 10491814.2683633 10311028.6166601 233071.221667287 218419.087132807
249 14428048.9122931 14095971.510237 293919.497155295 268301.723251726
250 9109017.80552486 8997419.94209313 160650.804783641 152113.727350987
251 11506894.9701543 11186447.0517565 219219.204295886 194542.128270191
252 12916903.0604036 12628927.646308 287608.437803267 264359.264608027
253 15770080.31551 15303417.1746883 356497.161972305 318803.169450548
254 9214900.12937587 9069990.30484693 196456.216195065 184832.748128223
255 11172313.0647702 10983886.3706638 247672.043203301 232234.889432528
256 12958064.7657205 12667143.3023415 276457.557570795 253108.558522381
257 12299000.208844 12040990.9720176 267671.866630349 247336.370461243
258 11006127.1409905 10845411.5680929 210971.475894446 198450.575387793
259 8134311.27308531 8021385.97316886 194274.038772469 184944.060903967
260 11750473.7504198 11488438.0229755 233319.81586673 212890.141325794
261 8328057.80258841 8231240.10093784 207501.250586789 199385.53323444
262 13007388.4896557 12656956.4883476 292246.15759828 263743.189064131
263 11788923.8704843 11579374.6035759 216780.065396827 200781.384361686
264 5725493.44275354 5660861.91977077 140091.439142323 134760.852372815
265 10610731.6808965 10391892.9166577 205981.090270853 189103.353848452
266 9207657.54385259 9056847.21110071 204727.783613328 192481.019624171
267 11391661.2839025 11200656.3206154 262157.743329208 246331.518395797
268 11152127.1742399 10987290.2665049 238944.116057161 225818.061564659
269 12836240.2807247 12588236.0583558 246059.455884761 226860.966149976
270 11110628.3366743 10841133.5204854 229031.65978469 207929.015429248
271 13704459.9127817 13454530.721251 295164.677120315 275136.103253894
272 7291063.01945099 7201600.84795783 163227.059944602 155866.929447999
273 10267708.8989825 10090755.0731705 219507.846447561 205223.511907755
274 10880451.6038273 10670850.4814363 235736.66185936 218856.299865385
275 13146418.1383176 12871777.4928781 284419.597654979 262304.949967453
276 14557006.0890628 14297977.0886903 308567.043900169 287976.771170145
277 8783373.4718181 8644877.54414625 174583.975821972 163673.831286055
278 11594505.7228152 11340652.8192229 250481.218229667 230340.674199977
279 8403512.7881474 8271324.33481162 185345.33520101 174660.19774137
280 11888795.2760966 11675411.9443382 269026.503060073 251601.089439367
281 13891483.1229397 13618641.2651582 303423.263191195 281538.332496127
282 8969614.49740478 8814957.681213 186662.827954393 174410.318929263
283 9587098.1439459 9405975.68114711 177138.903256371 163153.353051357
284 10078942.3059194 9945149.44401002 216558.479391234 205785.238865145
285 9523913.06618363 9376650.05660593 206335.246829989 194468.124094409
286 10776424.5840555 10572411.4363878 236815.784976806 220395.429343164
287 10874453.5557458 10641823.6883054 204415.040623859 186698.462743838
288 11801833.0065364 11582800.4999351 241246.824803947 223969.49721307
289 13367977.6844573 13087236.2059738 322407.357717995 299072.900878301
290 12296268.396055 12104209.6691204 241373.906142345 226290.137205732
291 11697906.2347284 11482583.7935959 268569.849901777 250994.445345015
292 7508529.76904384 7371592.86881189 146077.194047234 135414.415498594
293 11071055.3183115 10852780.2944539 249604.785062052 231785.171844674
294 8568471.65719601 8456880.40595575 189819.623333181 180684.79419676
295 11205867.4742588 11023725.4856884 233862.410266067 219227.969441277
296 11744684.4076407 11454016.8855541 243383.480639208 220427.217621315
297 10885485.3750369 10716311.8232922 241308.264253569 227630.93858385
298 8356242.73259269 8210991.78828931 172013.198185722 160485.204824682
299 11090712.0037945 10913208.8077053 208180.069745637 194413.01792173
300 9705794.92950232 9559112.74392751 229936.283983002 217732.035244111
301 11446812.0570802 11169521.2937207 254573.457545252 232162.836562255
302 9096400.68207439 8997924.34408429 195123.058001113 187181.894563415
303 10113191.6079353 9915800.80580869 237186.297970087 220757.84924622
304 13144491.43652 12936350.0160072 301291.108721398 284234.641139356
305 11528924.1061181 11343780.6182138 285176.792071527 269627.982505664
306 13227381.0914932 13032301.2578438 327090.086614499 310862.831472763
307 13362414.6779602 13103534.8922565 294178.016501352 273476.426058671
308 11829154.9706421 11610829.24896 237233.402718737 220031.3491916
309 9194490.0563674 9051281.6160784 204879.603730174 193318.625387104
310 9732634.82670068 9612186.2117185 219686.697608369 209898.911630556
311 9606075.99312147 9446754.17943489 195317.857516419 182679.891082025
312 8892563.5961459 8762632.72406461 156150.235983118 146264.709364332
313 12371923.5909853 12166870.1235234 287932.392641643 271011.126943378
314 10236300.9185163 10044472.8794737 184164.163441344 169511.325638534
315 12148106.1209455 11881350.9639254 290250.993678356 268087.390818375
316 10755008.3572494 10507137.0160218 224001.929940693 204358.359496869
317 12858294.9060187 12537930.5812032 264163.176214249 239107.190499672
318 11032118.2973751 10816566.0269455 196603.161196599 180040.726364193
319 12235658.7563431 11963329.2254294 227424.195815314 206639.345814846
320 9683073.11333077 9547781.84859917 206668.755419154 195861.751184916
321 10828337.1271632 10651966.6545899 252921.228754557 238361.554762167
322 11290400.4018679 11013041.3958186 232661.455669602 210981.510215666
323 7189255.61408633 7080233.28378073 146244.974169478 137538.13459789
324 11850407.2609382 11626689.4199075 238593.071362893 220937.902339932
325 9801205.27065602 9600725.90783451 208324.410770167 192459.694539575
326 10547452.5668893 10355821.9403567 234831.431254741 219270.168634647
327 14145402.6420765 13869025.6185804 362180.347018121 339028.56465673
328 7769925.71763826 7667889.15193502 167125.25286799 158908.557598222
329 11127751.6063095 10916290.1133424 251717.597483102 234504.337447963
330 11047319.6968646 10852254.7813671 249168.996521914 233359.3179055
331 10788212.9906682 10598427.6946276 223466.634117313 208400.162206499
332 9361640.00219611 9212954.47130129 191961.851289031 180104.131237093
333 8911053.37876332 8771907.58908811 178346.559338981 167485.881411838
334 10806087.6658501 10599285.2192515 236819.194564306 220089.586969115
335 9272029.0406168 9077675.16444765 211509.788546607 195733.287060332
336 11402843.6289418 11237705.4634061 197108.420985264 184769.602598993
337 12574495.877166 12331521.7975933 284044.820068798 264300.951541909
338 10013921.1822518 9855196.92920823 237833.622490343 224637.301248791
339 11336543.3858136 11136059.8979896 256522.366464803 239994.996884743
340 8772708.83126196 8617617.86106775 209042.967390878 196284.839698767
341 11981813.4460221 11769100.7939134 261366.625211695 244062.338697946
342 12701996.4663287 12409536.3097871 244449.893632071 221784.34245527
343 10716029.5257155 10520210.7370125 261058.665217968 244906.606654767
344 7545601.61435577 7409961.69928723 163725.73732555 152827.644800766
345 8830477.05275035 8684454.77251173 179453.540903079 167973.787429366
346 11199951.3389843 10937990.8546106 270647.097074849 249051.907897419
347 13311520.7284932 13011798.517547 276908.580849764 253378.642311821
348 11472240.2447006 11221766.6099173 236826.502996646 217072.744140928
349 9403436.10389482 9281496.66809776 163017.31250392 153704.693745799
350 13373691.9447374 13059332.0404912 297612.075013093 272358.545277853
351 11255551.8447836 11022649.4979333 246641.150933255 228025.187783472
352 13169418.2233595 12846169.565845 267145.127629138 241960.607622409
353 8169968.07353792 8046777.38477828 171525.689088468 161674.622223618
354 15236430.5539491 14869700.2004688 358194.429563098 328680.829908239
355 10924596.4631736 10747807.4889011 206786.247996606 193104.315682923
356 8065020.87757023 7924626.73324694 189463.096826791 177831.745205737
357 10583963.0454878 10355456.6471802 193698.852297508 176441.068279417
358 11124131.7804137 10897244.2721369 262698.160736162 243916.080755362
359 15234592.0403463 14781158.4130307 339360.359868646 303467.936646108
360 10792257.7472061 10581571.6541935 245581.294109821 228398.963021749
361 12297530.0703037 12010342.7840874 234225.830041903 212349.897956022
362 12307230.3058637 12103668.491236 279410.338152438 262731.443145567
363 12419701.6553387 12209042.88645 258434.036148441 241665.110543127
364 7525122.82020946 7425692.80771884 164819.73030161 156761.465868615
365 8242629.16278361 8106258.62044903 181239.952552705 170111.663172669
366 7325730.92350502 7213864.42196381 158253.227913596 149268.745512275
367 13613952.2159972 13371867.9452608 289665.756828085 270087.608568928
368 8417384.78659139 8276294.58971609 178475.11242973 167158.925433687
369 14531252.7291602 14198994.4253162 325658.81989815 298927.425635247
370 10769339.7669462 10590573.9042271 238445.448326952 223988.289236909
371 10537999.3849364 10356499.8306539 251636.700505096 236524.738336736
372 10927779.3385964 10716111.3531979 259736.902877725 242268.345164269
373 8392309.0523824 8245530.78647516 178358.764738225 166636.812584433
374 8457767.39535147 8320805.25386083 203759.14112594 192309.292669065
375 12154976.1772031 11926779.9412338 253209.106605866 235102.164912959
376 11154236.354612 10948455.4214742 256859.068693413 239886.747394792
377 11718684.1603233 11415102.9462388 261760.506965099 237156.604130492
378 15272941.708511 14995095.6076602 379319.239263934 355965.177312
379 7120004.25866784 7005468.90548357 149790.291793124 140580.807031941
380 11992183.0823043 11709112.1347691 285663.037150087 261917.081766071
381 10511438.134721 10334227.345602 254060.574057213 239400.443800891
382 8005015.07839801 7900207.85538062 181699.215588524 173122.461647704
383 12276919.6160297 12054058.5965532 272459.348111818 254372.626482547
384 10006284.2386217 9843273.92040122 205960.880932974 193048.584505293
385 11603520.4529 11387203.7281714 222362.461730966 205690.504570819
386 12508300.5996134 12270212.1646352 275464.949779898 256579.358544241
387 14929678.9826065 14573937.1979135 349788.513913645 320551.680277442
388 12460748.1685263 12245199.7131985 290871.930947868 273123.89406854
389 7739888.48395359 7607017.81017637 148990.341104384 138679.855299903
390 7168018.05975516 7045773.1915733 168701.533081178 158665.737774606
391 10027068.277291 9876372.10788406 224045.39924143 211733.471123177
392 14630891.8651191 14358573.3429385 337634.885735452 315412.811906654
393 8512502.87650541 8350934.42765926 183701.733813148 170657.398735475
394 10369589.6985314 10212953.0579468 199513.504380597 187264.170834909
395 13668426.9096567 13414522.1999954 267936.802595447 248030.704028039
396 12305059.4347178 12098677.9932408 287396.625984337 270437.569304818
397 14646410.0701813 14283887.1841542 325892.040522458 296741.756727141
398 9919632.26913129 9772907.71456401 228206.99859343 216143.330902565
399 9119743.88585547 8979158.92800265 152782.724734502 142188.883545278
400 13503745.8093718 13260163.7046116 338144.734862653 317647.975975427
401 9303801.27007118 9118414.05168628 204136.733812241 189230.185260615
402 8457941.24758145 8337445.15292177 171108.767784831 161536.395693256
403 12187012.0757305 11916264.5319984 252893.87336318 231407.01321012
404 9186142.60371004 9052699.41386594 164367.243652104 154126.840177895
405 11911868.1058237 11723987.3211786 255003.194117961 240007.744641064
406 16005721.831178 15679633.3953875 412680.199102597 385213.953430172
407 11265213.1254864 11092642.528407 210202.15740095 196838.592266996
408 13594374.4511223 13251727.718756 301443.375767223 274013.60103844
409 12330318.5439216 12090784.5952372 284612.450928802 265030.213657805
410 11070147.5652043 10885960.1075821 215317.808781014 200791.48962159
411 12026503.7083785 11793681.3377732 274583.213318409 255595.375683205
412 11228916.112296 11026662.5818287 252869.012704235 236397.597651155
413 15264346.1956694 14891764.658335 367284.302866629 337020.579661942
414 9683512.57332193 9501196.26656722 220018.914784419 205175.850951171
415 10647772.9433618 10422388.446046 227420.929446089 209379.03609589
416 9388072.14011701 9200471.50104942 218730.989584697 203314.503205051
417 12872202.4600151 12642941.1264868 287154.795516395 268869.58441401
418 12241615.809067 11995032.4412282 263161.618455911 243122.786985662
419 9769498.64330018 9555602.36705565 202973.197025628 186115.081397959
420 10676443.5471769 10493136.9852038 248106.244586282 233026.164508667
421 8678061.86299052 8493082.49416315 214562.483111935 199227.609655405
422 11132853.689294 10936797.8345006 260535.339530357 244319.86610053
423 10086663.9635121 9939018.4672865 217824.279727792 205836.80322629
424 15824219.0531241 15416374.6496231 366583.802276923 333321.735632911
425 11072397.8082476 10863701.6037955 255477.024420575 238293.440074658
426 13397413.5817348 13082100.8014108 277052.333547667 252102.774382434
427 8964566.16341237 8786190.18949906 184879.140570734 170726.809942408
428 7606162.17347972 7499399.01933144 183692.313293188 174784.431298556
429 8907071.18903331 8730561.53194923 185949.700559786 171944.657120096
430 12538276.4886474 12225791.882904 302524.664748515 276832.186656984
431 9928954.65403466 9731351.38575942 201066.21158459 185519.559097055
432 7478355.48158097 7347806.31356031 175837.929270791 165085.983039738
433 7727286.17001815 7604702.56504659 167219.744545566 157345.593927532
434 10826310.7989028 10684110.3489902 250162.162011175 238321.202661666
435 12977781.0843054 12728572.674572 271939.722782933 251907.02622012
436 7685089.96420547 7568826.70560892 162341.456393344 152984.890289426
437 9246945.68380251 9137124.36047706 190484.049434739 181706.726465298
438 7924421.5754102 7793634.45660874 190142.551123757 179317.659363836
439 6760468.99727734 6665717.81316024 135299.528029383 127867.080176467
440 13978749.5028109 13663319.8807626 310714.30202427 284792.942333085
441 14904211.6892557 14560500.4812732 348666.263524646 320652.112856947
442 9911908.34606014 9753134.86479283 217231.828451536 204300.036229017
443 7863499.58056043 7698069.49945207 185950.542138595 172354.506934427
444 9875751.85221477 9704523.72681594 225658.000014856 211665.407455816
445 8386421.57677369 8245775.8057648 184405.995928622 172956.888834834
446 11218607.2974661 11038090.4310863 230851.900582844 216557.289000244
447 10293360.5868785 10064284.7936262 183369.676060122 165960.924234022
448 8802479.09908889 8644537.86157919 202608.922186229 189560.591071635
449 10655548.6350694 10429403.9868094 228763.66468556 210699.526806098
450 12809488.2716938 12515887.8663207 290976.537245964 267339.388124426
451 11786613.0797237 11579052.6385464 239810.933525895 223443.084369096
452 10160997.3526703 10022002.7486176 209572.561765798 198557.0046334
453 8351677.58304526 8225273.00126664 160716.706420576 150898.818233331
454 8203703.81822405 8058208.24876718 169179.073047747 157556.651069271
455 10518649.6855455 10334543.7381245 233084.164608941 218239.060915617
456 9689121.82438918 9556817.28395865 197034.312518456 186541.462606128
457 10447835.0217625 10290953.587793 206871.432237949 194562.854740886
458 12622152.3069259 12372571.6216542 279570.20679224 259386.829018683
459 10113043.2324678 9895417.26816002 197691.314720842 180778.958647576
460 11040605.7090755 10887246.9906626 192186.074947121 180466.729206721
461 8539571.66993207 8424276.31506737 167584.221066999 158470.229335288
462 9877958.12090879 9722907.00271762 235064.661424162 222174.874183024
463 10563116.3917022 10380437.6283635 224156.083488079 209489.375178227
464 11732545.4361466 11557541.1071662 224290.032698216 210607.043263031
465 9359202.89357661 9221817.76552473 210683.795426767 199410.218034881
466 11491735.8166825 11260727.8148633 275162.681693872 256029.054668464
467 10888907.5192084 10688681.859848 216719.602496815 200931.900192912
468 10067698.5596759 9906992.35975649 233892.551916916 220458.563125804
469 13096779.4070793 12784526.3777232 302758.537697787 277219.761321661
470 6973330.80468372 6858622.18897073 171241.24197012 161642.749578753
471 12191510.2629221 11994270.4371825 286155.904343162 269910.708152736
472 11104336.9105478 10949936.1069575 224284.961737931 211993.148130343
473 9803263.93649886 9624310.09717355 195683.481407977 181619.872640105
474 11425834.1809538 11252258.1852018 234135.55386148 220369.578714342
475 9038316.08854791 8894331.10876416 199290.372332921 187496.456796338
476 9068072.02322185 8936307.02055294 189651.564218777 179075.096752086
477 8888418.49084303 8729414.86953551 188400.796317963 175666.218643495
478 13211595.766383 12874154.7923507 251235.781815173 225306.785591851
479 13254932.835459 12928248.8839143 270853.141290516 245134.068674893
480 10225301.681089 10033827.0882437 225494.526861177 210066.523785333
481 9805794.16942924 9658430.38817021 192957.294702044 181483.183906215
482 8969944.47137048 8844384.77622097 156981.178621507 147482.648245418
483 9079594.13312797 8933775.48594755 188778.065967399 177107.169260526
484 11092972.8306962 10863899.7789055 217143.641061931 199530.969831029
485 10042201.9127158 9822853.62535282 192189.165342911 175368.798993011
486 9119707.40268327 9001293.41983607 199785.439750422 190178.204486906
487 10011815.1756355 9853447.39225561 199532.60390934 186960.970658423
488 9261405.68296211 9082428.94472617 193312.694323625 179068.228333152
489 10135255.4913046 9971278.71431729 228604.495405118 215118.199500333
490 10879482.2218843 10634238.8366963 222924.578337386 203521.983728088
491 12538103.3250086 12329231.5867344 312812.091125047 295022.693123283
492 6905126.86571648 6796661.56053592 163502.978684322 154478.390518528
493 11362370.0461714 11126273.6800289 260304.70174399 241015.974426193
494 13799980.4042382 13545407.7069609 293139.633942776 272619.801869431
495 12189880.4989954 11983304.4310469 266476.35722272 249675.484630647
496 11526193.2128949 11298350.8603653 266517.91579311 247991.543045581
497 10060468.5101201 9882153.02104517 176944.267873699 163455.091922217
498 14542096.5319987 14208313.1644194 373062.000189306 344878.896497825
499 11732483.5270468 11525729.5388071 270999.771134893 253933.473265442
500 7869929.93813519 7758310.55244434 160186.266209312 151305.000311569
