ID imp_con imp_vac i_con i_vac
1 7809473.25901551 7716439.68268854 166930.16210854 160655.778869804
2 14176839.6469612 13952372.0887759 325998.348968012 310162.27001018
3 11380844.9006898 11158570.4397724 271817.341966194 256422.728107883
4 8933171.1656282 8801008.74031974 188349.02112478 179668.791757146
5 12068499.6094674 11849449.5790644 271381.41931299 256464.071117753
6 11388810.5796559 11189284.2751226 233342.396159035 220093.937413306
7 10049721.3041883 9895997.81136922 192993.321496248 183134.448555074
8 8568031.05899054 8414666.9659274 159713.3432341 149813.266169185
9 11686323.6252263 11470894.2101742 254435.330678543 239446.199426638
10 11040373.9186782 10841158.7249956 241992.608693598 228059.522606602
11 8391556.12143571 8229975.4421685 177229.6639992 165960.355917695
12 15141465.979469 14795017.4113103 337532.626351852 314911.727183416
13 9763274.01532007 9605686.33108312 191484.170217505 181084.397002819
14 12748926.9527677 12488363.9569011 261276.063729987 243669.273642248
15 12811748.0781844 12554560.0834297 276778.810611249 259557.543987813
16 11557064.8006973 11339959.4981948 239974.724185494 225361.984343694
17 10835106.8237785 10653652.4240791 231914.477785958 219430.115262504
18 15620854.6740319 15315337.0995129 347023.263907966 325947.907454226
19 5865197.36921287 5775531.26501961 137292.73387274 131130.525537796
20 10413714.0434775 10248054.8494498 224711.103653519 213387.694415096
21 10502032.5947358 10325780.8859224 226626.057496666 214780.750093061
22 12431506.36551 12160299.5338917 218689.426230906 200870.819245565
23 11622779.6643131 11412987.8726558 261253.065101947 246819.604493451
24 6439747.56793415 6347077.21860373 145604.623815696 139377.360338376
25 10375053.4360477 10200665.0437801 220782.273443249 208898.402917197
26 10201766.7570928 10060012.126473 194641.158249895 185390.969401881
27 6867552.1005723 6762734.94518383 129032.726738019 122327.903036804
28 14937190.9003211 14655676.2946194 340025.725881273 320814.178366694
29 11230562.9802269 11039432.3719618 231919.40596183 219115.236483363
30 12290305.2711029 12053474.7880954 239224.956310958 223762.975188882
31 6495030.67835386 6397219.32609831 165786.148208373 158897.753336877
32 10821802.3425397 10630065.6013858 259188.94713537 245861.039086614
33 13180022.9535042 12921198.7696077 324183.648015263 306150.358707806
34 10459781.3008759 10292369.420561 193414.055840163 182642.948861226
35 13709388.7340661 13466963.0958715 291695.396346267 275057.36505896
36 8963635.28913263 8798525.12332547 188634.104968286 177682.626274569
37 11702028.6494311 11529231.6091559 269466.805868751 257579.410506909
38 9818819.4168448 9673051.87358258 203154.355039187 193319.218789061
39 8143022.78041395 8038291.69446966 136276.459319549 129743.095322419
40 9741710.33960352 9575543.89675516 179116.489968112 168409.715571175
41 8273863.60559284 8171945.10396373 167819.824167761 161220.108242969
42 8235849.15635568 8102436.46404604 182706.795549083 173704.39897517
43 14805851.0172152 14451811.0551504 324128.237862548 299549.163950075
44 10458620.3873492 10276035.6267892 220994.315397746 208690.014490461
45 9048589.25425837 8887559.3163593 163864.134669817 153469.900264922
46 11790431.8976733 11519081.5934629 261147.939650938 242395.372749687
47 11885965.9879376 11687063.9258161 260219.671954738 246859.790462641
48 12841906.6453846 12603331.7772001 276481.064906819 260493.62642761
49 9521936.70121025 9358622.73312413 209623.000556737 198474.20708922
50 8009173.04630826 7881639.46701375 168801.329573394 160160.710748901
51 10933208.7067449 10725573.8547105 207383.955234862 193525.592675626
52 12220177.2711902 12006079.0576159 266664.27712865 252502.404740225
53 11672878.5259762 11495468.9732601 240872.917222754 228986.370831599
54 14341325.5706742 14040827.6516399 313223.552621691 292209.466021848
55 12259488.9903138 11986771.2281705 280205.669129891 261459.138430351
56 15179968.3047564 14800500.4561504 345481.188843443 319728.336509589
57 16095024.6168524 15753602.7093231 376447.123937756 352122.985598243
58 15140103.5734492 14832573.0201795 353047.64424176 331506.923501977
59 8730377.81301679 8628979.21609391 186957.054601297 180191.410204798
60 10571204.9160458 10384001.3078269 202413.056107956 190099.688771659
61 11407310.4908902 11265714.2783741 243746.163075807 234230.012822491
62 12051174.2850495 11802357.3687522 224241.121828688 208006.219344149
63 12173402.1351679 11981782.0653177 272199.797781464 258970.108735099
64 14375027.0950611 14115780.4431763 342891.966373705 324753.173788215
65 12067024.765459 11842727.5572034 253354.709419061 237823.854648523
66 9457629.63692592 9306352.73074189 202352.015008899 192353.554712243
67 9703236.05907918 9550088.96790476 199652.437638741 189165.679360701
68 7966240.36260358 7828820.44664701 182215.624600358 172678.525345952
69 11624232.5363641 11384725.0691122 276160.783981188 259037.362315948
70 6603221.81205077 6506448.3177303 131701.595247635 125299.557993615
71 15114493.7902736 14851635.2243231 239371.250502031 222712.526873241
72 10794339.0952307 10636464.0512359 210695.734521106 200090.473619191
73 11953950.8365869 11770086.6625499 211155.772131767 199351.351290711
74 13433764.403297 13225553.5580102 282795.497414786 268534.985259247
75 11349371.0630872 11148387.0660916 198824.627451881 185806.108753035
76 8494313.90785591 8350870.11174932 152980.195931944 143644.551833295
77 14261227.935334 14007342.3914708 356240.384936543 338377.402016292
78 9936179.36058089 9796148.66902188 216803.574694391 207127.573793761
79 6987890.12766862 6882669.15418212 145102.690156361 138172.473559233
80 13928239.852008 13666860.2983639 297600.465836593 280344.6567776
81 11127182.1079314 10953749.2317108 251894.646992751 239870.289195822
82 13276699.2204706 13061950.5628845 287232.061238564 272995.114860949
83 11024827.955596 10827507.9514669 260771.011211313 246908.14737811
84 11804903.6178268 11598964.8982378 248860.595505959 234931.534904897
85 11120026.8847368 10877898.9758939 244919.932224425 228117.905631496
86 6561552.81707842 6459359.01497104 151209.342949504 144172.394689689
87 9366326.92884726 9234348.04654636 173456.106156913 165133.297350879
88 10003043.0413471 9860651.58627927 223600.7209551 213924.723444109
89 13469312.9746015 13203688.5280001 288848.508950649 270796.299613661
90 10112012.0813877 9937991.38546142 218438.723108053 206661.491228664
91 12720494.5143501 12455480.5575271 280403.655642361 262066.359775976
92 10222358.0987622 10046978.1394354 185114.722476638 173609.708132528
93 11152759.1184785 10963500.4742981 271538.691706346 258174.42839991
94 11068800.1482759 10854603.5812794 233790.56093152 219364.413662088
95 10449398.6710852 10267699.9850053 228846.660507613 216460.748341632
96 13378945.9796257 13107450.834293 309998.985340379 291072.867815014
97 10580413.6725372 10395106.4344852 202675.111993083 190275.853237693
98 11609070.2447349 11444252.0331228 230075.342211917 219254.163161016
99 9122167.73324468 9004303.10159767 211857.479897854 203439.344365715
100 11627149.7739789 11395391.9690148 251057.248735688 235115.222111839
101 11806816.4818213 11580930.4875537 249325.204393753 233930.707964993
102 10192884.3010175 10022236.940983 195412.362610853 183986.3869824
103 9850178.40921141 9651542.80597247 215645.576230436 202321.378406111
104 10791563.1332467 10626757.6718496 229265.542484859 218194.818764527
105 10986470.8939954 10765417.9009178 241317.624865247 226159.884231003
106 9132109.93525258 8997553.56388534 199133.518035003 189993.553334033
107 13047706.4207234 12813967.0721679 308573.752602845 292416.590013896
108 9528122.57606122 9348804.25692637 245080.616208004 232095.971536147
109 9993433.05976593 9816609.28108778 217413.672246344 205407.689542847
110 8681665.48940317 8550925.92351449 189718.126980022 180599.759164254
111 8097388.60868275 7984921.12369464 151744.542340707 144484.052193005
112 13094460.8226666 12875511.3196871 314889.435546232 299607.590769978
113 8935254.09485833 8756787.07630759 187407.842818547 175346.860643691
114 11210732.4522148 11019535.1436067 266857.839600173 253024.795559816
115 10212429.3336335 10051510.4245891 206484.866726111 195542.882419909
116 5528948.76872802 5443529.92347067 107723.754091993 102161.365533995
117 10333274.8309352 10174702.5174721 177061.266606355 166905.601661146
118 10906676.5970258 10725381.1285056 235441.868446043 223258.502634151
119 10594327.6555646 10397169.8660749 215713.642816395 202488.699744126
120 11070889.8715895 10902390.0988711 252426.652025882 241064.989990621
121 6957081.16831388 6858282.43238576 135930.677787169 129486.163278996
122 13496442.3352084 13244580.0249851 257109.571797724 241141.4735773
123 7951494.88476135 7801132.32732635 180134.061786924 169696.075855934
124 11816136.6499807 11639208.9164311 243371.504595627 231382.236814394
125 12037011.3212629 11823488.7039894 256378.107250842 241949.517778436
126 11203571.0267765 11002968.8884834 252533.939500171 238693.500469034
127 10733503.9331803 10569181.7014857 213011.530749197 202458.552310369
128 10902836.9224843 10762121.5537395 235576.408875891 226026.853580901
129 9053585.62455752 8905239.9965772 194077.764970282 184040.866991068
130 12384893.9249461 12142481.4640332 276295.287702834 259118.858119288
131 12032054.6965496 11788190.8570134 251316.952637245 234779.391295878
132 8728495.83924555 8588834.22812989 169661.98020704 160675.096816982
133 12790478.2508636 12533127.092214 281272.65752531 263702.290129121
134 12739951.7182731 12500438.39309 243051.542019329 227370.730999941
135 10195272.095784 10037463.8365543 216845.581722286 206423.200523884
136 15206818.1265659 14809317.2377156 359144.149224802 331036.610343285
137 10862297.4118241 10683348.8017253 216439.375125326 204647.472974337
138 8444570.55479883 8331292.48050557 152018.635411355 144800.649252551
139 14049629.4631779 13761447.4271659 324855.430558847 304716.169539835
140 11086702.1589401 10895416.8969815 260268.2759861 246716.215642737
141 8146988.35296761 8017216.86636419 184686.496738126 175717.463433465
142 12355307.5874765 12093826.5904883 280288.310436653 261738.693679708
143 10195963.8493733 10021201.4803895 220586.016824423 208636.257162217
144 14283485.2588685 13998481.1462314 328586.008994553 308554.801286136
145 8295058.0549853 8179194.05965175 160217.625574585 152662.690465593
146 8850714.5476216 8719498.18260602 152337.79886316 144092.583159251
147 10470780.9517235 10291462.1919943 250075.346363034 237578.179226533
148 9937572.17902861 9796455.33802634 244097.188674728 234162.543784448
149 8515654.56365636 8397935.5095911 180423.598203985 172488.950987465
150 12388912.9069919 12096413.2772314 280640.487974241 260269.750967248
151 9975777.08530273 9823211.94003573 231958.448831531 221559.229665589
152 12992222.7059841 12713109.6183081 318792.705974415 299389.573914678
153 9786330.92968049 9617537.90975651 216238.962931054 204615.292412812
154 13726754.2661154 13403322.7451662 299904.93475031 277781.853289466
155 6053963.03999607 5961794.91814122 144441.573342621 138010.017267663
156 15494675.0366838 15089796.0156739 331788.732377398 304164.307335459
157 14664981.9258999 14315334.2361373 317278.038841009 293698.305267188
158 6918190.11066057 6816391.35850217 154560.627343859 147596.278738659
159 10359904.5650232 10151387.7293188 234378.261043167 219690.749628383
160 12543923.2477638 12242516.8499311 251034.574916324 230855.018174498
161 10897537.6722119 10671024.4833846 247750.874283865 232019.748085525
162 9611448.17184495 9470145.38060432 196114.388198781 186640.912132612
163 11391723.6744403 11205142.2637882 261852.203022787 248901.926925541
164 10145570.7410998 9949168.24519205 187173.165205039 174317.976712053
165 11814666.3494055 11567590.0543465 234050.266649674 217939.287174871
166 12385157.4897563 12169588.3178471 247353.682786114 232929.047196424
167 12507971.5646063 12260273.1142816 284594.196505666 266807.720925043
168 14077107.2315514 13824778.9716198 329554.715515526 311763.818125599
169 11927985.3945803 11682847.0535243 235361.520010113 219195.165442859
170 9780469.89927983 9617145.65836782 195441.688625434 184688.846097946
171 11569258.6803414 11363998.9000507 227009.989459215 213395.303937952
172 9489837.49268931 9332121.95580551 200717.713066913 190234.827500328
173 9463028.80015485 9305680.42769174 216976.699490156 205932.983904267
174 10500905.6326416 10286151.3525933 219629.95338529 205226.173362946
175 15989614.8794139 15673329.7960649 378968.910281333 356434.945259259
176 12251417.4915995 12066218.211792 255377.379047733 242828.06968537
177 10912609.8342326 10759932.1111292 247138.367064021 236395.352155152
178 13855379.6280148 13579290.784158 330142.670215121 311232.885678423
179 13257860.9148816 13063677.7535916 303528.815949799 290167.932687573
180 11469073.9367828 11267832.5344371 247650.559597569 233950.692256961
181 12287275.2819613 12037230.7024949 247493.802689728 230780.236751487
182 12070556.3207349 11894386.6053009 216454.36111711 205059.670492356
183 9937283.31288916 9815030.92528183 190057.776622322 182064.649528796
184 14161974.1228643 13882299.3547415 290429.610275907 271590.772852051
185 9567484.28250662 9433993.75947617 214080.194468579 204981.980845201
186 8048119.84282676 7928358.38881505 174612.297388238 166539.463666253
187 11299345.4123512 11079288.32933 222223.795906081 207637.579294203
188 7764801.83043129 7626985.32213549 165093.190133256 156061.069445491
189 12407736.4076461 12161279.1877638 280029.28507092 263413.36274532
190 14179344.6460954 13874946.6271472 321173.838311531 299731.555534891
191 14649596.6048835 14309082.6821518 305930.859744973 283235.367647052
192 10288842.4328495 10120117.5993393 233295.410981402 221632.667839614
193 12824720.7958715 12578289.7150295 275506.342115581 258530.818419057
194 12908783.1442533 12624254.2685976 312903.926633027 292842.122999782
195 14429039.0938451 14098174.9015529 311121.905081113 288055.867765574
196 12530835.6761394 12262720.8959553 292743.881122368 274092.601222354
197 12449826.8181399 12180331.8940002 288615.173846849 269467.878871551
198 11283484.6718147 11073607.8885111 220614.613333584 206495.804177396
199 9765785.18500925 9612002.3388481 186999.768396526 176897.510884531
200 12680709.4630506 12424686.5628924 282115.204672178 264247.313398294
201 12487975.7802247 12241066.1470763 259952.727365683 242783.989282279
202 9132447.99329467 8986707.87728968 168968.266117581 159589.986646368
203 12840978.426094 12554835.6671851 263471.732126163 244140.134976779
204 7885318.57987747 7771342.70128006 176079.773019526 168202.970420994
205 12634055.1350973 12431455.6307711 219193.789454488 206592.782966052
206 15294090.9275055 15039246.9742434 352700.292192723 335381.027657181
207 8562237.66064759 8440002.15640329 173679.173588201 165621.733354526
208 8284510.99281725 8166323.18867811 178087.233292413 170176.673926811
209 10815768.0327582 10622507.8922704 222929.139692287 209656.875027091
210 11244664.1277245 11030333.1876352 278199.163985831 263209.3514808
211 11994814.6817156 11812454.7587952 275516.484675926 262989.623354404
212 11486183.3118287 11304751.8446813 267314.731418693 254858.389984822
213 12524554.1016517 12319676.2432101 212440.165765543 199671.033096897
214 13233885.7944377 12949738.9253927 282126.599585143 262926.126510039
215 10372076.0645831 10215339.5260159 226169.270167843 215811.726017406
216 13942594.054918 13656539.0903139 290241.969179147 270680.199042821
217 11111398.8663077 10903985.179585 215462.100116628 201892.212609639
218 8666509.06702409 8524235.08278198 173844.284464267 164475.915144285
219 12544710.6856345 12290222.0801599 259549.911269268 242389.706321449
220 14739210.8730983 14454656.5282344 331256.163616211 311277.123223111
221 8555146.74474338 8439142.18108133 150619.219773846 143219.982386723
222 8264316.61410459 8147657.65766796 188537.07470556 180600.738258971
223 9426489.75117397 9277537.73545595 191702.228722908 181771.760211154
224 13534084.5091433 13269648.8750908 324316.518963133 305253.684024034
225 11504116.2347706 11264664.6566946 233400.725858445 217508.542930334
226 8998087.74170186 8863121.68751423 210395.613989068 200975.160138485
227 12582398.7542748 12358641.4173072 277701.333122651 262917.646739081
228 11368698.1887969 11132416.8308926 226784.837482957 211646.815049188
229 9786273.69018518 9588334.72467141 205367.760396309 192139.518603644
230 9564870.19678126 9402000.85387801 195624.508128064 184867.834764678
231 13445275.5760608 13193332.6878169 318238.422198357 301044.747539093
232 12340853.3194809 12110097.9383216 240158.860960019 225017.055792019
233 10647607.2276068 10449297.906514 219265.690683039 206419.812810079
234 14834564.0973033 14478901.1628529 371472.009968002 346142.840291671
235 10423430.390142 10251640.026892 192581.557631747 181328.242853618
236 11905051.5728296 11717275.2803304 256857.266552142 243809.033344253
237 12365655.8685155 12178736.0758228 229942.893542939 217930.847840767
238 11705287.329389 11496069.5424329 263779.263668135 249205.991669939
239 10153505.2438821 10009826.1786681 207871.874067555 198402.497339417
240 11067986.1743779 10871988.6421287 230724.396641426 217492.04551236
241 8576753.61975086 8463055.26441065 191782.027099306 184260.120246387
242 7536211.50345444 7435060.55346059 139912.169211658 133317.03416372
243 11350308.4804764 11111137.38883 242105.140669457 225840.593906662
244 10244769.8204735 10055310.2297231 235191.496051607 222132.825510859
245 10270375.2290917 10103830.4874465 241677.525313672 229895.160691987
246 12222143.8759027 12014784.4040336 242868.512379727 229147.436046962
247 14095570.3500965 13881895.1229592 335075.11464867 319753.448723954
248 10491814.2683633 10332158.6139493 233071.221667287 221969.469189036
249 14428048.9122931 14136647.7116758 293919.497155295 274751.099400566
250 9109017.80552486 8989128.91915167 160650.804783641 153210.780493173
251 11506894.9701543 11288893.6022571 219219.204295886 204543.235287133
252 12916903.0604036 12639355.8997742 287608.437803267 268298.082566943
253 15770080.31551 15457697.386823 356497.161972305 334212.370894067
254 9214900.12937587 9101457.91840143 196456.216195065 188800.435294424
255 11172313.0647702 10970629.4884554 247672.043203301 233805.737031932
256 12958064.7657205 12696570.3172166 276457.557570795 257928.74378471
257 12299000.208844 12035522.374213 267671.866630349 250170.632147144
258 11006127.1409905 10830176.0600543 210971.475894446 199564.736958092
259 8134311.27308531 8006277.10134306 194274.038772469 185379.572601339
260 11750473.7504198 11552037.3389258 233319.81586673 220131.804138683
261 8328057.80258841 8174697.08016221 207501.250586789 196773.269697817
262 13007388.4896557 12701762.4079073 292246.15759828 270349.32490305
263 11788923.8704843 11592378.2782289 216780.065396827 204280.768183624
264 5725493.44275354 5645862.2883558 140091.439142323 134575.184525
265 10610731.6808965 10411361.9147554 205981.090270853 193066.485596334
266 9207657.54385259 9062260.94288477 204727.783613328 194846.381040442
267 11391661.2839025 11197940.1809467 262157.743329208 248877.633877647
268 11152127.1742399 10915183.712001 238944.116057161 223066.116726492
269 12836240.2807247 12622874.9003917 246059.455884761 232047.214382718
270 11110628.3366743 10946542.14754 229031.65978469 217880.246198238
271 13704459.9127817 13477283.1688905 295164.677120315 280238.6213157
272 7291063.01945099 7187105.0990354 163227.059944602 156283.294673267
273 10267708.8989825 10109948.3344908 219507.846447561 208791.993819694
274 10880451.6038273 10697445.564901 235736.66185936 223238.801162515
275 13146418.1383176 12888796.6602599 284419.597654979 266789.088139735
276 14557006.0890628 14296338.9600711 308567.043900169 291306.818444556
277 8783373.4718181 8611351.66503411 174583.975821972 163248.566693394
278 11594505.7228152 11362812.3184032 250481.218229667 234834.501082092
279 8403512.7881474 8262739.37405884 185345.33520101 175659.119677585
280 11888795.2760966 11706650.6385353 269026.503060073 256764.774041095
281 13891483.1229397 13678925.0531921 303423.263191195 288930.351676532
282 8969614.49740478 8839192.61143127 186662.827954393 178006.417877669
283 9587098.1439459 9398480.86731887 177138.903256371 165015.73746341
284 10078942.3059194 9927687.49442888 216558.479391234 206389.537697021
285 9523913.06618363 9380816.95734192 206335.246829989 196710.79120191
286 10776424.5840555 10563143.8029096 236815.784976806 221999.756805941
287 10874453.5557458 10673216.392566 204415.040623859 191111.596858638
288 11801833.0065364 11630116.5823819 241246.824803947 229757.39297435
289 13367977.6844573 13065723.2421571 322407.357717995 301055.614009323
290 12296268.396055 12102050.8518749 241373.906142345 228545.708990578
291 11697906.2347284 11516262.2906125 268569.849901777 256213.879323266
292 7508529.76904384 7386723.99670599 146077.194047234 138142.516558275
293 11071055.3183115 10876065.4412239 249604.785062052 236059.887510717
294 8568471.65719601 8433180.50629039 189819.623333181 180712.054138002
295 11205867.4742588 11041779.5127192 233862.410266067 222575.010787097
296 11744684.4076407 11490481.5135241 243383.480639208 226004.280419614
297 10885485.3750369 10714465.5690138 241308.264253569 229588.235165634
298 8356242.73259269 8211670.14692442 172013.198185722 162385.036746966
299 11090712.0037945 10931933.9620859 208180.069745637 197903.040859454
300 9705794.92950232 9555609.93598553 229936.283983002 219453.611989431
301 11446812.0570802 11243104.2594685 254573.457545252 240207.96164238
302 9096400.68207439 8959330.40768319 195123.058001113 186036.15769075
303 10113191.6079353 9930142.78992515 237186.297970087 224283.564997626
304 13144491.43652 12923917.4424324 301291.108721398 285989.719762428
305 11528924.1061181 11336233.0806018 285176.792071527 271588.621017081
306 13227381.0914932 13038096.6887139 327090.086614499 313914.799433892
307 13362414.6779602 13066488.9873546 294178.016501352 274210.488386355
308 11829154.9706421 11651672.8966083 237233.402718737 225481.180859961
309 9194490.0563674 9042625.87220122 204879.603730174 194660.306066674
310 9732634.82670068 9590252.57851295 219686.697608369 210033.00301293
311 9606075.99312147 9477436.65673812 195317.857516419 186803.305929593
312 8892563.5961459 8765560.08067275 156150.235983118 147963.676334168
313 12371923.5909853 12172337.8482163 287932.392641643 274222.128473958
314 10236300.9185163 10079554.9251486 184164.163441344 173908.61760139
315 12148106.1209455 11930545.9979027 290250.993678356 274792.510063357
316 10755008.3572494 10576526.6623377 224001.929940693 211889.765530842
317 12858294.9060187 12587865.0389609 264163.176214249 245697.429778411
318 11032118.2973751 10839328.7088269 196603.161196599 184003.352928163
319 12235658.7563431 12036289.7365827 227424.195815314 214539.756060235
320 9683073.11333077 9530356.08774722 206668.755419154 196529.22361302
321 10828337.1271632 10661483.9996235 252921.228754557 241324.234961088
322 11290400.4018679 11073255.1373136 232661.455669602 217960.336050555
323 7189255.61408633 7066368.10251671 146244.974169478 138077.027443736
324 11850407.2609382 11665106.3256078 238593.071362893 226325.553895968
325 9801205.27065602 9622955.92476361 208324.410770167 196198.647582689
326 10547452.5668893 10374186.5326747 234831.431254741 222940.829922584
327 14145402.6420765 13894579.5453051 362180.347018121 344736.301428487
328 7769925.71763826 7670752.75961058 167125.25286799 160562.657786229
329 11127751.6063095 10959092.0621082 251717.597483102 240143.849649291
330 11047319.6968646 10805713.7879204 249168.996521914 232377.898330646
331 10788212.9906682 10630755.8592965 223466.634117313 213087.739366104
332 9361640.00219611 9246464.4262195 191961.851289031 184320.181872675
333 8911053.37876332 8761797.45484405 178346.559338981 168539.824950382
334 10806087.6658501 10596024.9836736 236819.194564306 222322.913764887
335 9272029.0406168 9063523.57289048 211509.788546607 197156.144192877
336 11402843.6289418 11250848.6040107 197108.420985264 187556.319464843
337 12574495.877166 12367368.1232168 284044.820068798 269756.395962377
338 10013921.1822518 9865243.92757165 237833.622490343 227516.279464125
339 11336543.3858136 11079085.1747694 256522.366464803 238811.528060249
340 8772708.83126196 8643478.37520909 209042.967390878 200065.585933794
341 11981813.4460221 11790323.3609442 261366.625211695 248256.14392905
342 12701996.4663287 12475723.0378199 244449.893632071 229583.784309135
343 10716029.5257155 10529073.7686351 261058.665217968 247964.410257349
344 7545601.61435577 7416895.11893496 163725.73732555 154820.923451406
345 8830477.05275035 8710843.54212533 179453.540903079 171582.251481721
346 11199951.3389843 10993862.5043693 270647.097074849 255836.884239099
347 13311520.7284932 13039257.9505855 276908.580849764 258727.86645529
348 11472240.2447006 11274375.0615131 236826.502996646 223567.940464865
349 9403436.10389482 9266365.71968244 163017.31250392 154430.258195053
350 13373691.9447374 13147180.5799737 297612.075013093 282476.973671687
351 11255551.8447836 11102164.0365228 246641.150933255 236092.545163131
352 13169418.2233595 12874300.534075 267145.127629138 247484.610061224
353 8169968.07353792 8042151.02994996 171525.689088468 162906.493848554
354 15236430.5539491 14896813.2724517 358194.429563098 335377.645608608
355 10924596.4631736 10759781.9970011 206786.247996606 196127.516784153
356 8065020.87757023 7945266.31505415 189463.096826791 180999.833571848
357 10583963.0454878 10391544.8461703 193698.852297508 181138.214027459
358 11124131.7804137 10938499.573374 262698.160736162 249753.378865912
359 15234592.0403463 14941120.7596351 339360.359868646 319349.983417698
360 10792257.7472061 10591290.3440908 245581.294109821 231678.495088136
361 12297530.0703037 12052570.3301608 234225.830041903 218186.117696296
362 12307230.3058637 12098558.9604565 279410.338152438 265166.992028245
363 12419701.6553387 12210634.0229151 258434.036148441 244435.433943604
364 7525122.82020946 7425667.30298703 164819.73030161 158239.687952214
365 8242629.16278361 8146003.45796411 181239.952552705 174652.541328932
366 7325730.92350502 7218560.80500483 158253.227913596 150987.153249501
367 13613952.2159972 13388022.752854 289665.756828085 274569.704542771
368 8417384.78659139 8269433.17869171 178475.11242973 168429.876188464
369 14531252.7291602 14302862.798382 325658.81989815 309770.428076162
370 10769339.7669462 10606991.7940747 238445.448326952 227450.820565828
371 10537999.3849364 10360693.4231232 251636.700505096 239142.317915491
372 10927779.3385964 10725186.6061195 259736.902877725 245481.444220912
373 8392309.0523824 8282058.24632009 178358.764738225 170948.073325678
374 8457767.39535147 8316844.24398404 203759.14112594 193765.70223159
375 12154976.1772031 11931783.690089 253209.106605866 238184.258218871
376 11154236.354612 10936585.3086737 256859.068693413 241515.595261801
377 11718684.1603233 11469991.3894046 261760.506965099 244323.322782784
378 15272941.708511 14998719.064505 379319.239263934 360400.523930683
379 7120004.25866784 6986527.61433126 149790.291793124 140763.698334413
380 11992183.0823043 11763944.9637185 285663.037150087 269001.790073658
381 10511438.134721 10326981.7452393 254060.574057213 241373.71498907
382 8005015.07839801 7876005.02552561 181699.215588524 172980.33739672
383 12276919.6160297 12040261.8182693 272459.348111818 256437.995857824
384 10006284.2386217 9848042.82616486 205960.880932974 195482.840458458
385 11603520.4529 11380491.2890506 222362.461730966 207817.826118067
386 12508300.5996134 12289490.8363265 275464.949779898 260896.28419956
387 14929678.9826065 14588008.4760787 349788.513913645 325208.519202825
388 12460748.1685263 12210092.6813364 290871.930947868 273427.14410038
389 7739888.48395359 7613626.49410091 148990.341104384 140738.542106156
390 7168018.05975516 7068416.55900197 168701.533081178 161809.224655024
391 10027068.277291 9872314.46988226 224045.39924143 213252.261244334
392 14630891.8651191 14351256.0394529 337634.885735452 318804.77627975
393 8512502.87650541 8366113.36402928 183701.733813148 173601.109100845
394 10369589.6985314 10224600.2202926 199513.504380597 190085.636617826
395 13668426.9096567 13370675.5387081 267936.802595447 248439.698370974
396 12305059.4347178 12065465.7707756 287396.625984337 270427.481821287
397 14646410.0701813 14389478.3215801 325892.040522458 308052.244058953
398 9919632.26913129 9759122.01108417 228206.99859343 217197.219195651
399 9119743.88585547 8988684.42152994 152782.724734502 144464.722844347
400 13503745.8093718 13272434.0585484 338144.734862653 321956.420512507
401 9303801.27007118 9137005.56805185 204136.733812241 192535.571736682
402 8457941.24758145 8312747.31583712 171108.767784831 161453.937915064
403 12187012.0757305 11970078.5682849 252893.87336318 238071.192339307
404 9186142.60371004 9054565.33039395 164367.243652104 156144.227871386
405 11911868.1058237 11693416.8918418 255003.194117961 240642.490532095
406 16005721.831178 15660476.2748005 412680.199102597 388047.920810709
407 11265213.1254864 11076246.4103609 210202.15740095 197902.551335971
408 13594374.4511223 13323131.4287719 301443.375767223 282809.122845117
409 12330318.5439216 12121264.0576354 284612.450928802 270196.488501799
410 11070147.5652043 10886487.8318776 215317.808781014 203283.092554257
411 12026503.7083785 11801155.5067665 274583.213318409 259124.934304889
412 11228916.112296 11027197.1645706 252869.012704235 238996.827966294
413 15264346.1956694 14922919.4684069 367284.302866629 343324.930749004
414 9683512.57332193 9504212.06880797 220018.914784419 207515.959562372
415 10647772.9433618 10466882.5147961 227420.929446089 214807.002737912
416 9388072.14011701 9236763.33138388 218730.989584697 208064.909365524
417 12872202.4600151 12639494.6829714 287154.795516395 271382.41482357
418 12241615.809067 11990953.9860843 263161.618455911 245710.538512367
419 9769498.64330018 9603907.57493756 202973.197025628 191870.836472879
420 10676443.5471769 10492445.1585533 248106.244586282 235120.447640565
421 8678061.86299052 8521230.42954852 214562.483111935 203448.730939473
422 11132853.689294 10928868.811286 260535.339530357 246189.224471826
423 10086663.9635121 9915039.40894862 217824.279727792 206110.880906526
424 15824219.0531241 15462694.1059681 366583.802276923 341242.595667252
425 11072397.8082476 10853988.4971912 255477.024420575 240517.10914671
426 13397413.5817348 13099775.4759411 277052.333547667 256746.872700966
427 8964566.16341237 8824617.01533424 184879.140570734 175352.39304799
428 7606162.17347972 7494664.77295646 183692.313293188 175930.846095695
429 8907071.18903331 8764619.64703087 185949.700559786 176329.875879353
430 12538276.4886474 12332776.0052198 302524.664748515 287872.452752016
431 9928954.65403466 9804220.66926283 201066.21158459 192794.927313085
432 7478355.48158097 7350947.78859559 175837.929270791 167042.982719556
433 7727286.17001815 7632750.49506079 167219.744545566 160826.715016701
434 10826310.7989028 10665342.54086 250162.162011175 239074.833713037
435 12977781.0843054 12777931.7219185 271939.722782933 258263.905981428
436 7685089.96420547 7561063.46566421 162341.456393344 154017.213195784
437 9246945.68380251 9114057.06093587 190484.049434739 181825.860761827
438 7924421.5754102 7804807.87001328 190142.551123757 181657.790585541
439 6760468.99727734 6663790.09591084 135299.528029383 128947.535607225
440 13978749.5028109 13674459.4316037 310714.30202427 289248.051474105
441 14904211.6892557 14565370.9561358 348666.263524646 325322.655343564
442 9911908.34606014 9733827.36652173 217231.828451536 205130.639665929
443 7863499.58056043 7689738.39553496 185950.542138595 173611.962312579
444 9875751.85221477 9714444.59743713 225658.000014856 214540.520574496
445 8386421.57677369 8247660.78185177 184405.995928622 174797.702544955
446 11218607.2974661 11062464.9011694 230851.900582844 220530.39895432
447 10293360.5868785 10107353.4654317 183369.676060122 171109.110951127
448 8802479.09908889 8663473.3154575 202608.922186229 192951.174101043
449 10655548.6350694 10491522.7326757 228763.66468556 217683.104470634
450 12809488.2716938 12576983.6907492 290976.537245964 274729.136486139
451 11786613.0797237 11563954.1548401 239810.933525895 224999.217681862
452 10160997.3526703 10001335.0540054 209572.561765798 198893.280089156
453 8351677.58304526 8214148.71743183 160716.706420576 151703.332342666
454 8203703.81822405 8058634.83136201 169179.073047747 159326.420428392
455 10518649.6855455 10327011.0823749 233084.164608941 220098.641747784
456 9689121.82438918 9528104.37234478 197034.312518456 186436.238826614
457 10447835.0217625 10300573.5119418 206871.432237949 197360.10364321
458 12622152.3069259 12406116.5948923 279570.20679224 264765.706501838
459 10113043.2324678 9936202.51205103 197691.314720842 185872.920765307
460 11040605.7090755 10895234.0484627 192186.074947121 183043.116759821
461 8539571.66993207 8408702.78710841 167584.221066999 159157.978746393
462 9877958.12090879 9717519.4700246 235064.661424162 223895.376278261
463 10563116.3917022 10375793.7793731 224156.083488079 211416.845440533
464 11732545.4361466 11579804.7310149 224290.032698216 214181.023045537
465 9359202.89357661 9219481.8628114 210683.795426767 201024.531607185
466 11491735.8166825 11283183.5603404 275162.681693872 260525.835559508
467 10888907.5192084 10743158.8657849 216719.602496815 207202.739440215
468 10067698.5596759 9929616.36817463 233892.551916916 224295.731685046
469 13096779.4070793 12819009.0583207 302758.537697787 283312.630599971
470 6973330.80468372 6863214.49788592 171241.24197012 163572.738715448
471 12191510.2629221 11977606.4040907 286155.904343162 271503.894151664
472 11104336.9105478 10963478.6616588 224284.961737931 214926.323734863
473 9803263.93649886 9634502.5170019 195683.481407977 184426.442148402
474 11425834.1809538 11240465.682232 234135.55386148 222040.370301943
475 9038316.08854791 8905237.87687332 199290.372332921 190183.390403786
476 9068072.02322185 8940548.51310838 189651.564218777 181108.869722613
477 8888418.49084303 8748094.52020981 188400.796317963 178986.394827689
478 13211595.766383 12924618.3830208 251235.781815173 232005.312430056
479 13254932.835459 13011000.7341149 270853.141290516 254268.092546007
480 10225301.681089 10045424.8692829 225494.526861177 213200.449433123
481 9805794.16942924 9651815.55767826 192957.294702044 183085.917389682
482 8969944.47137048 8821652.49745787 156981.178621507 147663.794599796
483 9079594.13312797 8944825.08799956 188778.065967399 179780.445885936
484 11092972.8306962 10899199.7709439 217143.641061931 204520.76478364
485 10042201.9127158 9857820.38150911 192189.165342911 180037.602408169
486 9119707.40268327 8971965.30222298 199785.439750422 189796.673949596
487 10011815.1756355 9827160.4436178 199532.60390934 187393.72509144
488 9261405.68296211 9098880.62242128 193312.694323625 182130.052196448
489 10135255.4913046 9967511.40666723 228604.495405118 216930.367592487
490 10879482.2218843 10664059.4290735 222924.578337386 208065.718965777
491 12538103.3250086 12346931.3394688 312812.091125047 299171.443821963
492 6905126.86571648 6787329.47249916 163502.978684322 155261.898946477
493 11362370.0461714 11179559.3660734 260304.70174399 247455.89275155
494 13799980.4042382 13583534.4542745 293139.633942776 278452.3639283
495 12189880.4989954 11953043.1976087 266476.35722272 250283.796166663
496 11526193.2128949 11334838.0422761 266517.91579311 253430.032802832
497 10060468.5101201 9869745.31895053 176944.267873699 164670.065912552
498 14542096.5319987 14265672.0014771 373062.000189306 353483.964881958
499 11732483.5270468 11568039.8019223 270999.771134893 259573.616349627
500 7869929.93813519 7744608.75154503 160186.266209312 152020.997343707
