ID imp_con imp_vac i_con i_vac
1 7809473.25901551 7784203.89720155 166930.16210854 164851.781002213
2 14176839.6469612 14048348.3166339 325998.348968012 315103.147923662
3 11380844.9006898 11311569.8878133 271817.341966194 265828.987182329
4 8933171.1656282 8897640.54240111 188349.02112478 185426.259808842
5 12068499.6094674 11998108.5721785 271381.41931299 265492.924460581
6 11388810.5796559 11317224.8188308 233342.396159035 227621.269693418
7 10049721.3041883 10002505.5215706 192993.321496248 189307.82464508
8 8568031.05899054 8537054.27126998 159713.3432341 157369.443900025
9 11686323.6252263 11601466.0684877 254435.330678543 247434.757146607
10 11040373.9186782 10979804.1555314 241992.608693598 236977.812145607
11 8391556.12143571 8350852.40498723 177229.6639992 173878.426206718
12 15141465.979469 14984764.4983571 337532.626351852 325115.940914343
13 9763274.01532007 9717742.5878157 191484.170217505 187823.33349339
14 12748926.9527677 12657750.9280506 261276.063729987 253863.648642619
15 12811748.0781844 12719455.277447 276778.810611249 269202.67993416
16 11557064.8006973 11478368.3422632 239974.724185494 233669.889428481
17 10835106.8237785 10765670.1629944 231914.477785958 226290.315334926
18 15620854.6740319 15462744.4048667 347023.263907966 334008.281843547
19 5865197.36921287 5844785.06409717 137292.73387274 135564.053138334
20 10413714.0434775 10345860.3436712 224711.103653519 219120.709670863
21 10502032.5947358 10452447.3446195 226626.057496666 222446.192695508
22 12431506.36551 12320033.659035 218689.426230906 210348.947148348
23 11622779.6643131 11557540.9755896 261253.065101947 255955.755028334
24 6439747.56793415 6422644.55576139 145604.623815696 144154.361703082
25 10375053.4360477 10317071.8393606 220782.273443249 215958.545372572
26 10201766.7570928 10152413.9835416 194641.158249895 190779.053475955
27 6867552.1005723 6845016.60396056 129032.726738019 127282.455515665
28 14937190.9003211 14819260.3794989 340025.725881273 330217.94286038
29 11230562.9802269 11158470.2357793 231919.40596183 226121.416480469
30 12290305.2711029 12229023.2680444 239224.956310958 234503.865285692
31 6495030.67835386 6473287.91319001 165786.148208373 163861.21858532
32 10821802.3425397 10754558.4143989 259188.94713537 253341.814297626
33 13180022.9535042 13112128.5073865 324183.648015263 318227.608259384
34 10459781.3008759 10420926.7737045 193414.055840163 190475.730658972
35 13709388.7340661 13575556.6447378 291695.396346267 280969.243478314
36 8963635.28913263 8925366.15309971 188634.104968286 185518.743214493
37 11702028.6494311 11613753.3546134 269466.805868751 261981.670077666
38 9818819.4168448 9765199.05570551 203154.355039187 198827.336504218
39 8143022.78041395 8115491.09731982 136276.459319549 134236.923917268
40 9741710.33960352 9692439.83120128 179116.489968112 175369.186361295
41 8273863.60559284 8244708.90592242 167819.824167761 165497.854821896
42 8235849.15635568 8211256.39049909 182706.795549083 180604.996818165
43 14805851.0172152 14635827.0311793 324128.237862548 310317.745208687
44 10458620.3873492 10400267.2377031 220994.315397746 216133.887145142
45 9048589.25425837 8997034.39002113 163864.134669817 159977.200197701
46 11790431.8976733 11687021.3837863 261147.939650938 252515.509770858
47 11885965.9879376 11821059.1131022 260219.671954738 254835.031629853
48 12841906.6453846 12754583.2830026 276481.064906819 269170.200434324
49 9521936.70121025 9473170.59844324 209623.000556737 205492.68627284
50 8009173.04630826 7972542.32935285 168801.329573394 165867.748590503
51 10933208.7067449 10854393.9298515 207383.955234862 201333.318389813
52 12220177.2711902 12148874.4134325 266664.27712865 260747.734444427
53 11672878.5259762 11613429.8426634 240872.917222754 236152.404709384
54 14341325.5706742 14203655.2920357 313223.552621691 301912.07629531
55 12259488.9903138 12160317.6494583 280205.669129891 271995.118008975
56 15179968.3047564 15014947.2373559 345481.188843443 331805.759790075
57 16095024.6168524 15865755.6617508 376447.123937756 356803.092360617
58 15140103.5734492 14985270.5817632 353047.64424176 339799.776884763
59 8730377.81301679 8708793.01067659 186957.054601297 185180.037174505
60 10571204.9160458 10519102.7971528 202413.056107956 198381.803839106
61 11407310.4908902 11345065.4887321 243746.163075807 238611.010041228
62 12051174.2850495 11979812.8849005 224241.121828688 218744.484408634
63 12173402.1351679 12093105.8763021 272199.797781464 265423.132908926
64 14375027.0950611 14245560.8365927 342891.966373705 331739.677206604
65 12067024.765459 11975559.3216053 253354.709419061 245976.847246905
66 9457629.63692592 9413814.63930724 202352.015008899 198754.366495004
67 9703236.05907918 9633928.75436202 199652.437638741 194125.506649198
68 7966240.36260358 7936338.6451321 182215.624600358 179637.391536014
69 11624232.5363641 11526574.7705515 276160.783981188 267791.47214083
70 6603221.81205077 6586718.86916639 131701.595247635 130390.898127566
71 15114493.7902736 14976405.087689 239371.250502031 229709.748501269
72 10794339.0952307 10736672.5310256 210695.734521106 206052.711688494
73 11953950.8365869 11872382.1958361 211155.772131767 205000.356805299
74 13433764.403297 13315518.3583685 282795.497414786 273062.231299019
75 11349371.0630872 11280953.1653876 198824.627451881 193803.06616007
76 8494313.90785591 8463901.17205686 152980.195931944 150675.10786473
77 14261227.935334 14135821.8112576 356240.384936543 345289.193376554
78 9936179.36058089 9882214.46319364 216803.574694391 212253.455823086
79 6987890.12766862 6964681.84967437 145102.690156361 143218.947876622
80 13928239.852008 13840686.8906937 297600.465836593 290493.576036423
81 11127182.1079314 11061755.8823573 251894.646992751 246345.621955279
82 13276699.2204706 13208408.1559139 287232.061238564 281545.734188834
83 11024827.955596 10960690.9420192 260771.011211313 255121.934325043
84 11804903.6178268 11720898.4060472 248860.595505959 242008.491209169
85 11120026.8847368 11033326.89623 244919.932224425 237886.716484308
86 6561552.81707842 6539213.33216669 151209.342949504 149335.712162064
87 9366326.92884726 9334486.59502727 173456.106156913 170970.757869048
88 10003043.0413471 9963407.91389123 223600.7209551 220242.055461686
89 13469312.9746015 13388511.9980796 288848.508950649 282228.156254602
90 10112012.0813877 10062058.5295044 218438.723108053 214325.419991485
91 12720494.5143501 12604268.1472929 280403.655642361 270723.586058856
92 10222358.0987622 10168827.6594292 185114.722476638 181125.553864309
93 11152759.1184785 11088005.818811 271538.691706346 265945.144882611
94 11068800.1482759 11000793.3508632 233790.56093152 228125.86210141
95 10449398.6710852 10396645.1661112 228846.660507613 224439.215297632
96 13378945.9796257 13274977.1051253 309998.985340379 301224.055957232
97 10580413.6725372 10508968.3329103 202675.111993083 197107.670225999
98 11609070.2447349 11560898.6960389 230075.342211917 226312.349366418
99 9122167.73324468 9074169.69389767 211857.479897854 207764.040480239
100 11627149.7739789 11554007.5823077 251057.248735688 245035.656990834
101 11806816.4818213 11727849.256451 249325.204393753 242882.011744973
102 10192884.3010175 10129290.5802413 195412.362610853 190285.80067596
103 9850178.40921141 9797729.28786537 215645.576230436 211298.227998347
104 10791563.1332467 10736674.6711761 229265.542484859 224726.944186241
105 10986470.8939954 10915507.0671744 241317.624865247 235438.946703981
106 9132109.93525258 9097815.65352637 199133.518035003 196253.580427639
107 13047706.4207234 12948298.9025972 308573.752602845 300117.871276538
108 9528122.57606122 9462283.11406747 245080.616208004 239100.338235488
109 9993433.05976593 9953424.52713008 217413.672246344 214121.731096572
110 8681665.48940317 8636156.59175911 189718.126980022 185945.29085013
111 8097388.60868275 8072842.86269495 151744.542340707 149831.22534082
112 13094460.8226666 13008898.7015329 314889.435546232 307556.5021135
113 8935254.09485833 8886095.99908976 187407.842818547 183420.777771055
114 11210732.4522148 11110693.2944017 266857.839600173 258183.024529679
115 10212429.3336335 10153963.2611347 206484.866726111 201718.321764594
116 5528948.76872802 5514694.29159212 107723.754091993 106612.975230409
117 10333274.8309352 10272860.1955432 177061.266606355 172619.987633427
118 10906676.5970258 10851577.326563 235441.868446043 230964.168945519
119 10594327.6555646 10536686.5314757 215713.642816395 211171.204137281
120 11070889.8715895 11017968.5133466 252426.652025882 248023.39758765
121 6957081.16831388 6932618.05902961 135930.677787169 133995.442501803
122 13496442.3352084 13399672.1344846 257109.571797724 249699.811931797
123 7951494.88476135 7914788.29967838 180134.061786924 177046.684629907
124 11816136.6499807 11726963.7442097 243371.504595627 236108.7372057
125 12037011.3212629 11955465.7178683 256378.107250842 249706.371533048
126 11203571.0267765 11146495.9337398 252533.939500171 247727.118731298
127 10733503.9331803 10691510.0971581 213011.530749197 209717.916652386
128 10902836.9224843 10836404.7513128 235576.408875891 230009.883486526
129 9053585.62455752 9010707.30746795 194077.764970282 190524.859618597
130 12384893.9249461 12269922.7947055 276295.287702834 266538.401944495
131 12032054.6965496 11909143.8796983 251316.952637245 241506.651738952
132 8728495.83924555 8704174.86903347 169661.98020704 167760.493044564
133 12790478.2508636 12691297.1708934 281272.65752531 273016.423865224
134 12739951.7182731 12652956.6229672 243051.542019329 236442.746963199
135 10195272.095784 10153789.5799117 216845.581722286 213409.337963841
136 15206818.1265659 15018249.9848641 359144.149224802 343079.696352076
137 10862297.4118241 10797019.3554685 216439.375125326 211327.202459915
138 8444570.55479883 8418747.08348912 152018.635411355 150027.941120116
139 14049629.4631779 13906849.0906783 324855.430558847 312613.331255213
140 11086702.1589401 11014995.7987108 260268.2759861 254110.258856295
141 8146988.35296761 8110697.32757298 184686.496738126 181599.878155091
142 12355307.5874765 12249866.265515 280288.310436653 271344.296292331
143 10195963.8493733 10150176.1068575 220586.016824423 216767.255748134
144 14283485.2588685 14161415.2536324 328586.008994553 318226.473098554
145 8295058.0549853 8258543.25500075 160217.625574585 157380.205777699
146 8850714.5476216 8817278.52363857 152337.79886316 149837.236286337
147 10470780.9517235 10419943.9724906 250075.346363034 245626.03266985
148 9937572.17902861 9895039.47172744 244097.188674728 240369.367490355
149 8515654.56365636 8476521.20290377 180423.598203985 177281.3637535
150 12388912.9069919 12282064.1667386 280640.487974241 271663.966826008
151 9975777.08530273 9934176.68517662 231958.448831531 228381.380832523
152 12992222.7059841 12902037.3235461 318792.705974415 311142.190780485
153 9786330.92968049 9744782.96739746 216238.962931054 212812.114026616
154 13726754.2661154 13606918.8525237 299904.93475031 289854.086501789
155 6053963.03999607 6034655.55070284 144441.573342621 142759.632072476
156 15494675.0366838 15322085.7239193 331788.732377398 317711.43361964
157 14664981.9258999 14510598.7433757 317278.038841009 304988.214817229
158 6918190.11066057 6892850.69728119 154560.627343859 152436.920578878
159 10359904.5650232 10293674.8697787 234378.261043167 228716.941267607
160 12543923.2477638 12421043.6249841 251034.574916324 241595.982960628
161 10897537.6722119 10832409.8285389 247750.874283865 242262.97683521
162 9611448.17184495 9560205.75715853 196114.388198781 191986.413982572
163 11391723.6744403 11324813.4314948 261852.203022787 256157.857950669
164 10145570.7410998 10088910.1466607 187173.165205039 182855.300245998
165 11814666.3494055 11732726.3636895 234050.266649674 227651.856196013
166 12385157.4897563 12281221.1770473 247353.682786114 239254.303712883
167 12507971.5646063 12395998.2021762 284594.196505666 275073.465138754
168 14077107.2315514 13949668.0125106 329554.715515526 318575.406085351
169 11927985.3945803 11827543.9777703 235361.520010113 227505.021092094
170 9780469.89927983 9732817.89181273 195441.688625434 191686.53397931
171 11569258.6803414 11501474.9015423 227009.989459215 221609.280911207
172 9489837.49268931 9453526.52046649 200717.713066913 197725.834976566
173 9463028.80015485 9400552.06969801 216976.699490156 211698.865412418
174 10500905.6326416 10454172.2749423 219629.95338529 215837.848657765
175 15989614.8794139 15817521.9835953 378968.910281333 363989.489579217
176 12251417.4915995 12177506.9557116 255377.379047733 249438.406796297
177 10912609.8342326 10840304.3289687 247138.367064021 240955.308734932
178 13855379.6280148 13735858.6209649 330142.670215121 319973.535202356
179 13257860.9148816 13145410.6329654 303528.815949799 293971.673529102
180 11469073.9367828 11397109.1273056 247650.559597569 241728.908980337
181 12287275.2819613 12178566.9847555 247493.802689728 239011.081968019
182 12070556.3207349 11997437.9480751 216454.36111711 210991.307485086
183 9937283.31288916 9903995.10813269 190057.776622322 187452.017739935
184 14161974.1228643 14039333.7782957 290429.610275907 280706.962208575
185 9567484.28250662 9522378.80557413 214080.194468579 210301.773647603
186 8048119.84282676 8016392.21573331 174612.297388238 171948.82825056
187 11299345.4123512 11227162.5607675 222223.795906081 216586.701933034
188 7764801.83043129 7736661.42460684 165093.190133256 162794.150654687
189 12407736.4076461 12330834.120048 280029.28507092 273623.311614398
190 14179344.6460954 14003029.9131543 321173.838311531 306527.171938991
191 14649596.6048835 14520778.1707544 305930.859744973 295776.99784863
192 10288842.4328495 10235639.7713066 233295.410981402 228807.972365215
193 12824720.7958715 12730963.5456726 275506.342115581 267852.36766771
194 12908783.1442533 12806843.1294844 312903.926633027 304103.006348048
195 14429039.0938451 14249190.8338572 311121.905081113 296567.755563208
196 12530835.6761394 12433451.7531645 292743.881122368 284390.223153444
197 12449826.8181399 12331634.208967 288615.173846849 278600.046170396
198 11283484.6718147 11219311.505802 220614.613333584 215544.388290202
199 9765785.18500925 9714319.41918897 186999.768396526 182990.906835602
200 12680709.4630506 12545970.3653514 282115.204672178 270916.399664363
201 12487975.7802247 12357004.3257491 259952.727365683 249342.018426982
202 9132447.99329467 9092698.74856032 168968.266117581 165925.336963349
203 12840978.426094 12752307.0422787 263471.732126163 256349.316969672
204 7885318.57987747 7857652.4416128 176079.773019526 173773.954127598
205 12634055.1350973 12564090.2468521 219193.789454488 213875.821192586
206 15294090.9275055 15184875.340519 352700.292192723 343510.28145146
207 8562237.66064759 8528849.44237891 173679.173588201 170969.807153559
208 8284510.99281725 8254429.39121207 178087.233292413 175599.859648835
209 10815768.0327582 10731752.0228644 222929.139692287 216171.524986116
210 11244664.1277245 11179355.1561547 278199.163985831 272377.580983949
211 11994814.6817156 11907051.9798626 275516.484675926 268045.1135328
212 11486183.3118287 11427219.6959677 267314.731418693 262292.226043472
213 12524554.1016517 12466159.4174848 212440.165765543 208149.47981842
214 13233885.7944377 13113323.9696203 282126.599585143 272296.742287064
215 10372076.0645831 10327630.8991585 226169.270167843 222396.323772988
216 13942594.054918 13811969.1839626 290241.969179147 279522.364200835
217 11111398.8663077 11051493.349593 215462.100116628 210733.70267936
218 8666509.06702409 8633003.84201943 173844.284464267 171165.765154203
219 12544710.6856345 12441344.0980662 259549.911269268 251261.90512034
220 14739210.8730983 14588356.1339579 331256.163616211 318638.984045872
221 8555146.74474338 8522257.19336206 150619.219773846 148138.163251546
222 8264316.61410459 8234873.0071236 188537.07470556 186061.012838552
223 9426489.75117397 9389132.90837357 191702.228722908 188684.665339346
224 13534084.5091433 13383788.980432 324316.518963133 311373.42843009
225 11504116.2347706 11410878.1427276 233400.725858445 226227.319907765
226 8998087.74170186 8955944.59655598 210395.613989068 206803.950211267
227 12582398.7542748 12526641.1858407 277701.333122651 272989.108782786
228 11368698.1887969 11318997.4329472 226784.837482957 222914.698472114
229 9786273.69018518 9723743.94480156 205367.760396309 200267.077534754
230 9564870.19678126 9523584.45135287 195624.508128064 192277.298368633
231 13445275.5760608 13367231.283977 318238.422198357 311482.663399339
232 12340853.3194809 12276497.1525217 240158.860960019 235175.53605186
233 10647607.2276068 10601067.8835869 219265.690683039 215522.008982143
234 14834564.0973033 14678521.8293401 371472.009968002 357727.560907726
235 10423430.390142 10367137.5959559 192581.557631747 188306.779181179
236 11905051.5728296 11813008.8950344 256857.266552142 249156.350625678
237 12365655.8685155 12308054.0986553 229942.893542939 225559.554041858
238 11705287.329389 11600311.2009148 263779.263668135 254754.636418406
239 10153505.2438821 10114559.8049626 207871.874067555 204700.268237375
240 11067986.1743779 10993878.511485 230724.396641426 224678.695967107
241 8576753.61975086 8548134.05788824 191782.027099306 189368.05735726
242 7536211.50345444 7507325.39218123 139912.169211658 137656.389546611
243 11350308.4804764 11286871.2752538 242105.140669457 236979.546607905
244 10244769.8204735 10180884.4470474 235191.496051607 229666.321854031
245 10270375.2290917 10211755.411086 241677.525313672 236601.180950252
246 12222143.8759027 12129047.5484194 242868.512379727 235730.11604005
247 14095570.3500965 13952052.733281 335075.11464867 322760.04803999
248 10491814.2683633 10430180.961205 233071.221667287 227890.541128711
249 14428048.9122931 14292385.7973039 293919.497155295 283329.994498868
250 9109017.80552486 9074591.59238402 160650.804783641 158039.678579159
251 11506894.9701543 11423008.5324153 219219.204295886 212677.902742509
252 12916903.0604036 12797833.6609414 287608.437803267 277685.895979185
253 15770080.31551 15530087.2568628 356497.161972305 336657.494810088
254 9214900.12937587 9180753.39517872 196456.216195065 193677.357614328
255 11172313.0647702 11088468.5522731 247672.043203301 240617.537994242
256 12958064.7657205 12829305.0047613 276457.557570795 265775.966109012
257 12299000.208844 12213563.0091718 267671.866630349 260839.968987616
258 11006127.1409905 10957643.3098888 210971.475894446 207207.497843052
259 8134311.27308531 8098946.3697488 194274.038772469 191205.650236366
260 11750473.7504198 11675820.4735422 233319.81586673 227457.048315586
261 8328057.80258841 8290095.13207189 207501.250586789 204132.929584541
262 13007388.4896557 12858528.3219575 292246.15759828 279722.641744223
263 11788923.8704843 11738115.0128806 216780.065396827 212979.358512316
264 5725493.44275354 5708081.39173625 140091.439142323 138592.11499215
265 10610731.6808965 10562282.0417974 205981.090270853 202251.589850609
266 9207657.54385259 9168482.11392776 204727.783613328 201405.897646053
267 11391661.2839025 11314949.1080658 262157.743329208 255508.344709905
268 11152127.1742399 11091466.7624356 238944.116057161 234052.243970518
269 12836240.2807247 12731497.0550014 246059.455884761 237910.937257823
270 11110628.3366743 11023078.2398947 229031.65978469 222040.317727618
271 13704459.9127817 13618150.9760754 295164.677120315 288092.82262575
272 7291063.01945099 7272958.10600552 163227.059944602 161689.391389349
273 10267708.8989825 10215305.3554749 219507.846447561 215145.633493199
274 10880451.6038273 10826547.2660747 235736.66185936 231294.573110229
275 13146418.1383176 13060743.5536434 284419.597654979 277330.735152235
276 14557006.0890628 14460363.4689392 308567.043900169 300764.348258681
277 8783373.4718181 8745380.62150488 174583.975821972 171545.635488894
278 11594505.7228152 11511194.875784 250481.218229667 243768.392539307
279 8403512.7881474 8360603.19761004 185345.33520101 181768.085535599
280 11888795.2760966 11829228.2943038 269026.503060073 264016.030729813
281 13891483.1229397 13791506.6128822 303423.263191195 295191.32007443
282 8969614.49740478 8936441.01915848 186662.827954393 183994.508836435
283 9587098.1439459 9533521.59147105 177138.903256371 172985.265207832
284 10078942.3059194 10027228.5686761 216558.479391234 212323.88696694
285 9523913.06618363 9487071.26314831 206335.246829989 203285.315198046
286 10776424.5840555 10706508.106269 236815.784976806 231075.355232064
287 10874453.5557458 10806854.2127503 204415.040623859 199308.413546731
288 11801833.0065364 11717791.1373369 241246.824803947 234546.918965064
289 13367977.6844573 13243583.6774028 322407.357717995 311627.752138338
290 12296268.396055 12227367.641884 241373.906142345 235887.594872578
291 11697906.2347284 11631958.0174721 268569.849901777 262972.682746646
292 7508529.76904384 7482431.50632496 146077.194047234 144018.217159288
293 11071055.3183115 11003930.2211548 249604.785062052 243903.128221007
294 8568471.65719601 8531210.94714732 189819.623333181 186686.008930033
295 11205867.4742588 11134536.9829044 233862.410266067 228016.474906717
296 11744684.4076407 11646501.8491959 243383.480639208 235573.508980025
297 10885485.3750369 10825546.3247098 241308.264253569 236349.59206548
298 8356242.73259269 8321255.63512424 172013.198185722 169159.662414806
299 11090712.0037945 11037373.1569974 208180.069745637 204050.577126247
300 9705794.92950232 9647940.02644418 229936.283983002 224934.05663313
301 11446812.0570802 11368657.0896233 254573.457545252 248041.326940411
302 9096400.68207439 9068834.94432542 195123.058001113 192837.477985595
303 10113191.6079353 10057623.5264886 237186.297970087 232300.684204065
304 13144491.43652 13058154.7211601 301291.108721398 293987.450700003
305 11528924.1061181 11457825.1625107 285176.792071527 278921.729756336
306 13227381.0914932 13145429.1931471 327090.086614499 319919.556835025
307 13362414.6779602 13266370.450907 294178.016501352 286319.853158207
308 11829154.9706421 11756994.1138079 237233.402718737 231471.59733389
309 9194490.0563674 9153453.00442184 204879.603730174 201475.559460641
310 9732634.82670068 9691823.63456235 219686.697608369 216262.43451216
311 9606075.99312147 9568660.42513661 195317.857516419 192285.589908508
312 8892563.5961459 8859064.85829026 156150.235983118 153633.647218633
313 12371923.5909853 12274473.5094058 287932.392641643 279580.061484247
314 10236300.9185163 10181205.7721632 184164.163441344 180017.35901516
315 12148106.1209455 12050601.7131949 290250.993678356 281784.576898615
316 10755008.3572494 10669939.9663718 224001.929940693 217123.544743371
317 12858294.9060187 12744386.483078 264163.176214249 255133.155233257
318 11032118.2973751 10957901.5145668 196603.161196599 190883.80003587
319 12235658.7563431 12147136.262315 227424.195815314 220668.120054474
320 9683073.11333077 9642032.96391903 206668.755419154 203320.153933269
321 10828337.1271632 10782155.9096642 252921.228754557 248921.327986494
322 11290400.4018679 11227893.8548524 232661.455669602 227720.70136034
323 7189255.61408633 7166921.60110964 146244.974169478 144422.710785284
324 11850407.2609382 11782043.8200735 238593.071362893 233135.45601886
325 9801205.27065602 9730178.60859813 208324.410770167 202531.672601365
326 10547452.5668893 10491710.818742 234831.431254741 230163.637986524
327 14145402.6420765 14033597.1670666 362180.347018121 352364.805357939
328 7769925.71763826 7742275.1513568 167125.25286799 164822.450610951
329 11127751.6063095 11064142.5692284 251717.597483102 246373.371227869
330 11047319.6968646 10996443.3028971 249168.996521914 244855.385827793
331 10788212.9906682 10740968.0483849 223466.634117313 219625.690644465
332 9361640.00219611 9321511.53279256 191961.851289031 188700.831649161
333 8911053.37876332 8868642.80885084 178346.559338981 175005.669535232
334 10806087.6658501 10730731.2107394 236819.194564306 230515.485588698
335 9272029.0406168 9213687.33957424 211509.788546607 206562.847709064
336 11402843.6289418 11350554.1022039 197108.420985264 193299.23427483
337 12574495.877166 12502134.3263887 284044.820068798 277981.181897287
338 10013921.1822518 9967530.82269225 237833.622490343 233783.813355493
339 11336543.3858136 11268203.4431762 256522.366464803 250649.145115176
340 8772708.83126196 8728472.57556698 209042.967390878 205211.157928712
341 11981813.4460221 11905106.6741892 261366.625211695 254950.810148184
342 12701996.4663287 12613851.9559694 244449.893632071 237540.553616488
343 10716029.5257155 10659404.5791772 261058.665217968 256211.368436764
344 7545601.61435577 7512459.93899797 163725.73732555 160984.174760474
345 8830477.05275035 8792969.27598593 179453.540903079 176469.308163063
346 11199951.3389843 11127034.9666136 270647.097074849 264350.823880142
347 13311520.7284932 13201256.5762672 276908.580849764 268153.448791525
348 11472240.2447006 11396838.656506 236826.502996646 230821.909105788
349 9403436.10389482 9368933.82837598 163017.31250392 160385.403948597
350 13373691.9447374 13278069.7471575 297612.075013093 289652.030922689
351 11255551.8447836 11189870.3393919 246641.150933255 241244.709748885
352 13169418.2233595 13065872.2220622 267145.127629138 259066.064627258
353 8169968.07353792 8138599.16428189 171525.689088468 168964.869948432
354 15236430.5539491 15080972.4987688 358194.429563098 345311.332497896
355 10924596.4631736 10873872.5455926 206786.247996606 202841.321332602
356 8065020.87757023 8021629.97254154 189463.096826791 185686.274423524
357 10583963.0454878 10527221.2410713 193698.852297508 189459.888398251
358 11124131.7804137 11059206.7004954 262698.160736162 257017.519524383
359 15234592.0403463 15064754.4963621 339360.359868646 325649.124987142
360 10792257.7472061 10734185.4616998 245581.294109821 240687.525774321
361 12297530.0703037 12215458.5845866 234225.830041903 228044.136312386
362 12307230.3058637 12226462.9711568 279410.338152438 272537.897240945
363 12419701.6553387 12345515.3750589 258434.036148441 252449.474056423
364 7525122.82020946 7504204.97908286 164819.73030161 163094.985656434
365 8242629.16278361 8212903.03735529 181239.952552705 178714.271379618
366 7325730.92350502 7301287.00629147 158253.227913596 156230.150083914
367 13613952.2159972 13535565.4208625 289665.756828085 283128.719481511
368 8417384.78659139 8387976.86052459 178475.11242973 176064.006442784
369 14531252.7291602 14413923.8222687 325658.81989815 315831.072777171
370 10769339.7669462 10715109.6844704 238445.448326952 233916.177541997
371 10537999.3849364 10479740.7272638 251636.700505096 246547.5848627
372 10927779.3385964 10862082.3510888 259736.902877725 254070.926556105
373 8392309.0523824 8361732.7320571 178358.764738225 175860.104594549
374 8457767.39535147 8415581.37491305 203759.14112594 200054.691280054
375 12154976.1772031 12078557.7437492 253209.106605866 247061.43288718
376 11154236.354612 11063725.9150189 256859.068693413 249115.451446112
377 11718684.1603233 11611364.6683052 261760.506965099 252716.778001772
378 15272941.708511 15146005.6670342 379319.239263934 368214.933053875
379 7120004.25866784 7095909.74478541 149790.291793124 147801.164120531
380 11992183.0823043 11876715.8751006 285663.037150087 275593.483615547
381 10511438.134721 10457257.5195144 254060.574057213 249371.170259648
382 8005015.07839801 7978846.94530986 181699.215588524 179491.802526436
383 12276919.6160297 12197931.3886502 272459.348111818 265809.024511933
384 10006284.2386217 9965870.87291035 205960.880932974 202695.579092501
385 11603520.4529 11540715.959373 222362.461730966 217545.267547491
386 12508300.5996134 12425147.3773461 275464.949779898 268724.276468476
387 14929678.9826065 14757429.9272105 349788.513913645 335278.533003661
388 12460748.1685263 12381034.7424481 290871.930947868 284117.109375255
389 7739888.48395359 7705057.81217288 148990.341104384 146267.347742957
390 7168018.05975516 7146326.0893308 168701.533081178 166837.9333902
391 10027068.277291 9962021.20839421 224045.39924143 218563.495127374
392 14630891.8651191 14540274.9146743 337634.885735452 330044.797009945
393 8512502.87650541 8475075.77826521 183701.733813148 180563.603702224
394 10369589.6985314 10319863.2495317 199513.504380597 195609.655693859
395 13668426.9096567 13573526.3230259 267936.802595447 260432.2670121
396 12305059.4347178 12210596.1577852 287396.625984337 279358.595195917
397 14646410.0701813 14493493.1749544 325892.040522458 313227.455924121
398 9919632.26913129 9877330.88629967 228206.99859343 224590.353962733
399 9119743.88585547 9083738.17301985 152782.724734502 150094.247878881
400 13503745.8093718 13411183.6347927 338144.734862653 329959.556167225
401 9303801.27007118 9263260.16111469 204136.733812241 200776.075125341
402 8457941.24758145 8423976.9966803 171108.767784831 168379.195862724
403 12187012.0757305 12110195.6109099 252893.87336318 246698.935737061
404 9186142.60371004 9151508.18859372 164367.243652104 161729.871188815
405 11911868.1058237 11829018.2357934 255003.194117961 248245.692671467
406 16005721.831178 15867594.468674 412680.199102597 400461.63912115
407 11265213.1254864 11209921.1151252 210202.15740095 205942.537445855
408 13594374.4511223 13456923.9468994 301443.375767223 290145.937041624
409 12330318.5439216 12252114.6008284 284612.450928802 278026.415127696
410 11070147.5652043 11025140.8055949 215317.808781014 211730.516901177
411 12026503.7083785 11951534.630305 274583.213318409 268246.091826742
412 11228916.112296 11158291.0041832 252869.012704235 246952.416749311
413 15264346.1956694 15081300.9993276 367284.302866629 351877.983190477
414 9683512.57332193 9617546.30893155 220018.914784419 214493.990585849
415 10647772.9433618 10575922.6907701 227420.929446089 221488.601107412
416 9388072.14011701 9320396.915355 218730.989584697 212969.978414034
417 12872202.4600151 12789148.4112641 287154.795516395 280375.353597074
418 12241615.809067 12137823.9457247 263161.618455911 254466.744148227
419 9769498.64330018 9717608.55783919 202973.197025628 198818.577586902
420 10676443.5471769 10607645.5768375 248106.244586282 242269.452883808
421 8678061.86299052 8638097.44657581 214562.483111935 211041.773644403
422 11132853.689294 11067634.2220231 260535.339530357 254912.158962598
423 10086663.9635121 10025823.1152751 217824.279727792 212761.16567141
424 15824219.0531241 15648973.5302598 366583.802276923 351789.557140648
425 11072397.8082476 11005430.9978569 255477.024420575 249717.985037478
426 13397413.5817348 13291191.1609729 277052.333547667 268505.520965981
427 8964566.16341237 8919920.01535218 184879.140570734 181253.584021068
428 7606162.17347972 7574016.9086928 183692.313293188 180873.752950841
429 8907071.18903331 8876021.09825564 185949.700559786 183437.365549301
430 12538276.4886474 12428587.9873019 302524.664748515 293076.407622139
431 9928954.65403466 9878129.66623527 201066.21158459 197018.124210218
432 7478355.48158097 7451127.77476419 175837.929270791 173500.483660081
433 7727286.17001815 7702504.59405747 167219.744545566 165177.354688733
434 10826310.7989028 10783064.528495 250162.162011175 246413.018094511
435 12977781.0843054 12875576.5286506 271939.722782933 263487.906471493
436 7685089.96420547 7660549.17356931 162341.456393344 160280.750424977
437 9246945.68380251 9209083.52029271 190484.049434739 187384.109827675
438 7924421.5754102 7892039.28152114 190142.551123757 187345.152320054
439 6760468.99727734 6737229.22178036 135299.528029383 133469.69013194
440 13978749.5028109 13851376.1130064 310714.30202427 299883.357940682
441 14904211.6892557 14764002.2919555 348666.263524646 336865.264875027
442 9911908.34606014 9857339.53117222 217231.828451536 212631.236581142
443 7863499.58056043 7819629.05146421 185950.542138595 182215.502176015
444 9875751.85221477 9835126.85161668 225658.000014856 222212.795801407
445 8386421.57677369 8345311.5379762 184405.995928622 180934.177364479
446 11218607.2974661 11138957.220944 230851.900582844 224437.251720195
447 10293360.5868785 10232013.4555061 183369.676060122 178755.216161902
448 8802479.09908889 8752070.63608721 202608.922186229 198275.540098035
449 10655548.6350694 10585553.1127256 228763.66468556 223026.135804385
450 12809488.2716938 12688752.4213733 290976.537245964 280964.511573143
451 11786613.0797237 11717534.6401718 239810.933525895 234298.220743511
452 10160997.3526703 10110354.9579096 209572.561765798 205512.789018128
453 8351677.58304526 8325653.11288164 160716.706420576 158671.093746483
454 8203703.81822405 8162321.07692112 169179.073047747 165805.157049031
455 10518649.6855455 10467484.6317737 233084.164608941 228813.292095388
456 9689121.82438918 9653279.87294679 197034.312518456 194155.298236902
457 10447835.0217625 10411412.2277074 206871.432237949 203994.254961086
458 12622152.3069259 12530446.4828715 279570.20679224 271941.805026046
459 10113043.2324678 10053669.9471124 197691.314720842 193086.87913077
460 11040605.7090755 10990205.8579279 192186.074947121 188365.893539716
461 8539571.66993207 8513859.57965505 167584.221066999 165548.267915068
462 9877958.12090879 9826256.48625769 235064.661424162 230590.76022303
463 10563116.3917022 10506400.9342179 224156.083488079 219464.455998354
464 11732545.4361466 11665351.3290104 224290.032698216 219016.018312632
465 9359202.89357661 9314892.26891654 210683.795426767 206954.01539791
466 11491735.8166825 11424504.2126874 275162.681693872 269352.221649585
467 10888907.5192084 10846878.3270286 216719.602496815 213343.816957225
468 10067698.5596759 10010344.4857568 233892.551916916 228888.939938739
469 13096779.4070793 12996795.714038 302758.537697787 294252.257866586
470 6973330.80468372 6948590.52724706 171241.24197012 169056.700220368
471 12191510.2629221 12119679.2095709 286155.904343162 280039.833733271
472 11104336.9105478 11038933.3810446 224284.961737931 219021.424317369
473 9803263.93649886 9756776.66974305 195683.481407977 191980.516431313
474 11425834.1809538 11358587.1126049 234135.55386148 228754.882145886
475 9038316.08854791 8993437.27003263 199290.372332921 195508.877622523
476 9068072.02322185 9030650.25128399 189651.564218777 186592.675846644
477 8888418.49084303 8852724.85163846 188400.796317963 185469.450339723
478 13211595.766383 13085443.8997587 251235.781815173 241534.925497517
479 13254932.835459 13130521.7092355 270853.141290516 260946.407104962
480 10225301.681089 10168025.747304 225494.526861177 220729.622911947
481 9805794.16942924 9773578.78783606 192957.294702044 190440.640249883
482 8969944.47137048 8939738.32401147 156981.178621507 154726.261919347
483 9079594.13312797 9038351.23228092 188778.065967399 185334.478609391
484 11092972.8306962 11034277.8052802 217143.641061931 212601.757387764
485 10042201.9127158 9995576.15724352 192189.165342911 188597.957035818
486 9119707.40268327 9081679.22480918 199785.439750422 196606.432070215
487 10011815.1756355 9944584.84990773 199532.60390934 194095.254332064
488 9261405.68296211 9203012.83060093 193312.694323625 188572.411703169
489 10135255.4913046 10081457.4455213 228604.495405118 224005.711660739
490 10879482.2218843 10807816.4687271 222924.578337386 217179.040122235
491 12538103.3250086 12439928.1456401 312812.091125047 304096.792761063
492 6905126.86571648 6869026.94844205 163502.978684322 160360.292738176
493 11362370.0461714 11270401.0313689 260304.70174399 252532.794252466
494 13799980.4042382 13682738.1042919 293139.633942776 283485.863710497
495 12189880.4989954 12098546.4427664 266476.35722272 258846.904671798
496 11526193.2128949 11461943.8014588 266517.91579311 261094.822357945
497 10060468.5101201 10012054.7083217 176944.267873699 173332.804823931
498 14542096.5319987 14407312.7461313 373062.000189306 361096.53943291
499 11732483.5270468 11664971.8543143 270999.771134893 265222.814963676
500 7869929.93813519 7841341.15428898 160186.266209312 157862.362752874
