ID imp_con imp_vac i_con i_vac
1 10375864.1148732 10082262.5338351 181342.462596631 166099.820815091
2 11812094.1959157 11421832.8554955 258813.771364016 235985.590296303
3 10604810.7205355 10310706.0231305 194626.739738016 179133.870785658
4 11258226.16277 10854258.1438546 217827.87006817 195805.629045562
5 9188684.65104863 8970795.17902148 151562.985550498 140519.613371701
6 9417039.34501446 9117972.43207926 178944.826360428 162830.021526274
7 11089089.2738021 10660767.393617 241437.517889426 216705.111769565
8 9752624.2623789 9450542.85150409 171116.336227076 155573.536842874
9 8745459.21439947 8463990.73633206 135275.918823487 121437.317115123
10 11081988.1597415 10731849.8423016 222112.688359579 202955.60874608
11 8378411.54757076 8091721.77140545 138228.745894945 123631.252391235
12 13267835.2336932 12712066.0321169 290341.804195145 258730.371504747
13 11424886.1467923 11095523.4966546 239957.187108049 221401.7443008
14 7608266.16934999 7375322.78738469 121289.644082065 109716.164163843
15 10066856.5776309 9761642.77997604 223765.623043123 205555.812518143
16 14105807.4050598 13664896.670535 263175.769774794 240657.42060618
17 10441644.7749075 10094215.8995672 205483.070922558 186750.359346208
18 9562526.33562673 9279102.86402332 176224.365139863 161181.675725819
19 9263805.86437799 8948112.66518057 167911.342936311 150821.671239895
20 9629101.83929227 9329662.70687204 185883.898309412 169112.446177974
21 9685690.54337487 9431232.58780052 158297.238476839 145510.202433742
22 10768753.1857596 10404044.626132 223766.937853325 203062.298306487
23 8812612.99401037 8572051.38897983 162860.74595161 149744.199805073
24 9233205.14195607 8926956.84557931 173741.034334594 157405.744939971
25 13302721.6100085 12821058.0163179 277947.484420286 251465.120172856
26 8711940.79708371 8423172.08348608 146050.233584042 131039.723747602
27 8232222.69920285 8010476.36203773 135631.452052315 124379.550906048
28 9307365.05929986 9039415.67803005 180920.549171715 166018.912272304
29 9207050.87552225 8935819.75537934 193030.030184296 177273.213044102
30 12338964.9877295 11827923.9550839 215281.549940585 189356.123690528
31 9977078.2623461 9624880.31658976 168743.628037529 150633.886922144
32 13125561.4236419 12663625.6167123 266865.069721954 241935.52444446
33 13529797.3049407 12985876.2650322 299945.434954787 268582.269868592
34 12697433.8808443 12205561.9501819 301893.982372361 273859.272508005
35 11194570.873676 10860226.3755339 237684.139333348 218386.104868277
36 8209166.03973536 8052266.36161084 127891.114617486 120071.172197879
37 9511483.15134539 9215930.0523173 185148.516021648 168998.883986866
38 11053840.9733447 10688188.0656944 224526.931394232 204286.237720798
39 9621785.63382046 9397022.17956411 137492.489867707 126721.359282284
40 11332327.8814743 10948179.2012064 209267.925356551 188749.232910411
41 12230716.6116301 11752631.2875885 234404.926368475 207817.316483188
42 13544808.1616991 13066032.7364093 258210.005457661 232573.901623372
43 9577650.78380542 9288085.5387346 194260.092406885 178612.847332461
44 12642716.451029 12234114.2936693 245688.133079106 223899.478694346
45 8746581.25199663 8498135.44657725 166169.692537544 152660.645200381
46 10887799.9399311 10513981.6905967 225042.517068378 204175.333991124
47 10444559.9558006 10150049.2910233 184620.393283121 169217.536961572
48 13794592.5771039 13333146.4273902 276186.679186219 250670.055519591
49 9027553.45442071 8810388.20918303 167936.79047156 156305.76460545
50 10800132.6126499 10549833.5284046 198894.701241522 185757.729825491
51 9395201.2153631 9144143.90111088 199038.363628957 184611.623997568
52 8931205.50092104 8662134.47863261 159020.733154231 144782.232170431
53 9809363.2295691 9504482.61544329 197746.703192598 181482.492091173
54 9521411.51960665 9277976.75286981 159866.458318577 147394.249416624
55 11355248.9729657 10998030.1126238 237268.748551062 217584.220029406
56 8218767.50449299 7989812.22073494 135179.526197091 123251.35260975
57 9193231.16018091 8876542.47885679 153875.96002183 137711.565764922
58 10176948.0388749 9917234.54720823 185076.771560576 171201.566184205
59 10086438.1408073 9916257.22038679 150146.021217547 142044.490523903
60 9314708.02205893 9010859.42119258 164522.38520203 149014.992480903
61 9573741.30956735 9239853.37483518 176551.320554193 159005.370542662
62 9228252.55766461 9055093.63857832 145986.438346131 137760.366114506
63 12144793.3848371 11743149.5323609 255049.00678061 232446.574056025
64 9549871.25093617 9248569.02640853 173539.700459411 157406.790570177
65 8292494.39463683 8008014.98924311 155716.556277379 140056.273893956
66 9437887.95302762 9165767.91473826 179150.72600629 163828.080657133
67 9020619.34917781 8726016.31540127 155899.437995695 140261.336254067
68 9739794.90559602 9444462.2440488 171361.471844743 155896.815983968
69 9179552.00393088 8930078.69519671 152950.143861281 139918.340271637
70 11721304.8362936 11393949.0754056 197677.10916348 180714.930821642
71 11156273.3466737 10826301.299617 222554.965235824 203931.005540127
72 9328527.73648407 9062524.55235276 176335.779673754 161620.267726952
73 9440181.47376825 9268857.40079632 156727.817963954 147990.899708071
74 11455540.4094615 10975085.5923779 231871.55148344 205797.160305237
75 11317567.0730488 10971115.8187283 231947.655840824 213455.675546832
76 8658861.34213629 8421330.81185161 148604.794975217 135829.671991054
77 9995289.59763812 9666793.09293297 169138.69170158 152510.841092207
78 13314648.1693487 12914937.8345054 269430.676974812 247934.912803199
79 7646185.62561857 7485102.71289876 107154.035014951 99606.6531139361
80 10102988.8345818 9760428.16297231 178568.983079551 160291.20826656
81 8488744.9737622 8288674.3381492 137172.466494072 127190.926583004
82 10016766.9171335 9721284.55106151 175869.226885165 160700.571323981
83 9361176.80946996 9064670.00225119 175006.32792305 158955.450627082
84 11172749.9014554 10808521.5465738 228085.656821392 207702.855139072
85 8038400.19334904 7812551.96587495 128619.545321696 117291.80115832
86 9039997.62281534 8723698.56896942 181950.246781594 165262.977279805
87 12070428.1192138 11589678.0192476 217061.504249157 192207.393293456
88 10891139.3049058 10503016.7046191 211660.785537173 190141.903893157
89 9494143.69522554 9194319.10139198 178778.956038847 162254.718800082
90 14778505.6385063 14238968.9791334 328636.126635581 298300.644415208
91 11129743.769907 10776785.9228503 220853.044350728 201459.758497224
92 8530313.04241328 8241381.05519477 163486.012314308 147670.706880798
93 8677896.02210644 8464449.98474763 137666.482915814 127073.547624457
94 9021854.14234065 8720427.92118279 166127.915120003 149700.415849869
95 11993555.9453266 11564723.4295166 236606.26335995 213997.643559879
96 8899716.49913166 8679579.8586618 172143.25779768 159945.53806702
97 13208021.2781775 12800639.7411799 238816.337216106 217610.101870493
98 10618425.3311563 10290452.1621591 197329.309151483 179496.67652424
99 8913552.52309373 8594089.79472053 149773.861291694 133476.430682808
100 11502586.20045 11116967.9467454 237205.163622582 215452.561660764
101 10560556.5963978 10209395.8068378 214724.897163254 195341.976480838
102 9096113.97140269 8857333.44111418 141586.044950039 129861.923025433
103 9701530.31512575 9429962.87532028 186626.00351606 171299.610090318
104 9965356.14246287 9639634.51093113 182292.818048079 165340.428030681
105 9672174.65435525 9345324.79136878 179097.828257767 161525.272724338
106 11001872.6115239 10647976.1684339 207704.487673299 189103.773835287
107 8760377.31634794 8495207.07263599 179957.331668399 165077.070427849
108 8048353.85432391 7835718.47928353 124311.212945253 113706.955324277
109 9218129.99759421 9020574.06952742 144472.066896948 134759.82378221
110 11002402.0239877 10639647.047984 191708.81963046 173470.49033878
111 11403437.9314523 10980871.8117681 213769.742045945 192016.463788962
112 8886043.02634089 8610082.55574773 148762.198262316 134880.373821638
113 11470199.2866382 11146313.5542955 237923.99207191 220185.692663278
114 9593240.98671286 9301309.90719551 177983.865837622 162247.161891568
115 9303724.25923415 8967073.26210684 154724.010625679 137476.098412447
116 10098047.2050502 9860400.09698314 159972.355190602 148318.292329482
117 10342659.060956 9981451.79365723 167547.839605798 149228.791748084
118 9612805.90768247 9267326.56292435 179677.205316575 161303.700783443
119 12703082.0061212 12254388.7224154 256042.074674625 231251.761551494
120 9591036.22950582 9280719.68131247 175239.67940604 159489.33650279
121 9505708.9451868 9210618.89055409 170607.543982124 155236.750127614
122 11757339.537481 11409495.9201577 211570.212083136 193381.793481544
123 12830791.6216584 12445648.683052 220488.910900879 200455.821634556
124 8692538.51988555 8436879.74208283 135447.223478812 122730.188705301
125 9926462.74865798 9610574.91056945 191254.881630861 174145.696191283
126 14299634.8567594 13695576.1461052 335374.427938577 300371.030351701
127 10733915.6094756 10405274.3949688 212166.61802615 193720.550827419
128 10127019.8931567 9893917.96635331 196165.537797334 183951.473103912
129 10504441.8089643 10139594.5574756 215667.369255904 195091.762891992
130 10993028.6420637 10656770.0725179 238115.500001623 219460.461050862
131 12257220.4547354 11823048.5213243 236398.85235862 212648.01597526
132 10156464.0269749 9901261.78979261 179739.151817784 166266.208456032
133 13018438.7673679 12556699.4484318 256961.925016027 232123.7906474
134 9310761.60406724 9024875.20178697 157500.142907068 142620.848226491
135 9460364.11540429 9160155.72207595 168680.295278171 153149.091568471
136 11441817.4695571 11050573.0122226 190435.237617183 170939.877649235
137 12672536.6216668 12305920.6034438 242437.328284077 222396.796446354
138 12624529.7990722 12187739.4444016 246410.044006316 222818.009520964
139 14221634.9893618 13823134.1866809 294185.299467888 272022.417363844
140 11086988.4568559 10676075.4390585 196545.62448017 175128.484194511
141 10783461.8600398 10443754.3236564 190937.237573232 172990.714608655
142 10822545.8393668 10486124.7522596 208951.167495701 190601.249280184
143 8248896.84985607 7967314.06591017 151148.688503486 135861.210541113
144 9789174.85190914 9471498.17028929 166458.515782729 150408.313024805
145 13446595.2058226 13000068.4909149 290574.778672346 266792.024518296
146 9833559.10135552 9510250.3456367 193605.329697761 175844.225158004
147 8502185.54923442 8253400.61797258 147640.130271692 134809.307903104
148 10390289.631198 10125230.6647815 203527.287980789 189086.226078542
149 12847333.6662088 12317914.3524159 297247.122654703 267603.248178122
150 9529149.5617278 9269385.92584117 181645.4060551 167531.664307018
151 8143954.58859527 7998775.58648739 128041.121984058 120922.696247778
152 9686392.51895238 9367310.09966109 183210.361929722 166200.001203045
153 9982661.50115052 9725088.89263114 173131.672516101 159447.681504884
154 10305071.8404409 9995643.23530715 177013.75641363 160897.388369481
155 7650774.3945255 7450817.70003983 129753.314803301 119535.709593645
156 7817398.53466422 7590614.35943916 127262.588058788 115638.857904325
157 9467333.82243413 9181880.54720755 181057.419892415 165273.636483373
158 12603124.7603862 12194417.4299005 230590.132181067 208917.283616507
159 10878689.3979349 10487592.4541205 205415.77716531 185008.595925657
160 12672775.7654618 12225529.5464909 253917.037603046 229163.915016502
161 9679566.60642212 9390421.28043484 170602.502745403 155544.104346765
162 9645880.60323386 9340170.6274626 201835.036461147 184156.191080809
163 9488888.22488502 9180051.55753396 200667.334736232 183147.833621973
164 12295829.896117 11922612.1888896 221912.940371515 202061.771968761
165 10232346.6876003 9855860.41694356 186882.087281143 167091.904776477
166 9023354.22402146 8797369.06117972 163006.278382834 151192.70006349
167 10418400.1460696 10079279.5966604 183822.38881413 166203.061813159
168 9042690.8509738 8779388.69779443 150406.843196194 136869.605716284
169 8912599.07431969 8654847.77697581 160818.395474446 146842.349577127
170 11320146.863587 10905172.223418 204128.256739021 182437.402874122
171 7544674.78549843 7281811.43906844 122198.082879648 108679.27734213
172 12220962.4115046 11785286.6208507 250363.18959476 226482.204934718
173 8140090.57260429 7942735.20995694 127672.804652522 117824.890529205
174 9398973.09773645 9115339.18008619 162500.822445983 147740.594172679
175 10624040.0841509 10253029.6122802 221823.973010924 200559.862163592
176 11701906.4375927 11265357.237278 223590.686928511 199956.187065099
177 13850669.3616122 13382690.7720802 276176.26719297 251288.301808679
178 10398645.2995984 10052412.9131164 208354.220218907 188647.864684055
179 8889156.80179309 8601367.70750103 162101.454525404 147020.125547362
180 7744971.94371754 7574577.3278531 126962.609901906 118446.72441739
181 13598497.1525368 13118036.7131945 276009.539590124 250899.056879985
182 8757095.90359696 8484877.98679467 144303.181531596 130149.9930081
183 8244169.85246479 7977330.09265962 145772.461931571 131749.737572029
184 7843363.27289255 7611250.4979209 124769.167905392 113643.880658002
185 12188296.6100897 11797595.4569859 236879.372549523 215932.771375372
186 8703696.62849949 8447991.6354978 137832.636742018 125032.099649254
187 9462815.08389081 9186061.9880352 158573.431917517 144504.952706012
188 14720996.9987037 14184790.5740705 312925.13775126 282641.745447535
189 10512287.6050022 10135649.1060689 203117.901490536 183019.612389322
190 9652648.77634685 9368702.70436048 162188.002730827 147548.833749458
191 9735734.53491543 9391500.65986589 181962.301137746 163481.382875403
192 13640902.9070429 13272340.8066333 261049.262041043 241448.467138832
193 9529906.0854433 9198934.68012234 178482.21103216 161059.263197997
194 12480073.348071 11922669.007618 249007.098390506 219580.426318578
195 7634827.33731707 7463449.63746248 110176.337608922 102043.440404523
196 9275762.48737725 9012901.19202761 178987.550605821 164556.540047276
197 10300465.3257716 9993120.90769588 187692.154227365 171542.209622633
198 14824771.2221031 14391208.0581552 318194.103183178 294740.463520011
199 9240383.24391001 8997212.74038923 167384.924409469 154556.425351922
200 10113995.1601252 9729273.13037668 193555.894660577 172523.083604519
201 12164679.6183005 11685226.4378532 263090.250923632 236279.18647499
202 9066644.26057258 8784928.36159847 144623.570346563 130281.392682481
203 9780325.63017401 9467398.03035925 170193.100459834 153619.049953951
204 9199621.48967678 8901119.6894679 152234.860580956 137067.918082077
205 11003249.8196672 10521406.4245888 201322.405448857 175867.799930295
206 9927054.53081383 9640307.80390977 189939.781751621 174641.062251814
207 11245743.3079094 10832347.9996603 224545.74203347 201675.017160635
208 10080610.9955127 9707278.02648113 200802.703322541 180083.756129974
209 7206991.07600619 7001267.94193594 120370.932124336 109718.468533483
210 11328034.806648 11039008.0869763 229511.260746239 213383.093296821
211 8718443.13474508 8451556.77158495 177360.812294644 162301.719009941
212 10349779.1694544 10006786.2473164 173972.691935086 156542.986209171
213 13060261.3203176 12506297.5221651 247008.743422461 218934.04591187
214 9286790.88905548 9032038.095208 181295.856992479 167377.077647724
215 9927720.52589678 9630708.00939687 192744.534988415 176513.398428599
216 10105288.896022 9789934.95186584 182233.578472748 165681.588568455
217 9474242.20481334 9110989.67821221 174615.590877106 155107.910166061
218 9597629.84485894 9321177.13099886 170011.600193972 155299.408973568
219 8608174.26345296 8351327.571008 144794.37167281 131326.437549459
220 9539393.47299229 9242121.87524516 168029.582735184 152478.008182205
221 10254543.4025164 9934793.07882778 186278.824743313 169201.876604853
222 8907103.47535893 8635693.03508736 149509.112749874 135599.589824311
223 10905519.4187404 10630297.2329705 207463.008468812 192463.603733031
224 10093459.5425314 9740298.42990589 165233.662578871 147703.361521973
225 11948075.5069991 11541306.1917903 222343.71879061 200818.048225241
226 9454265.00017938 9113623.89235843 179282.625849942 161113.492007137
227 11320925.4539374 10893470.215552 198712.400406266 176401.933338875
228 9819659.57809067 9552835.43920601 158715.326422577 145154.014458828
229 8785096.57297662 8562339.62169865 155545.954447912 144154.900072006
230 8364132.47111485 8112396.12691982 143632.343481861 130528.715509033
231 14182975.9482262 13655165.0129183 256589.12510082 229813.035448969
232 8826594.32268433 8552002.10666386 170694.084435006 155304.214211379
233 10915398.7447945 10592467.2856941 190233.178113046 173480.300313178
234 8497884.87137535 8274215.76285101 154019.430693992 142084.328081499
235 12831940.2596744 12355799.0832578 277632.932979281 251024.771674582
236 10587135.4626069 10261420.1313914 198192.052166132 180873.72314798
237 10333186.6154762 10056273.9569225 211724.876200023 196202.621260207
238 12648315.9264769 12195454.3850299 296069.635892904 270307.243891936
239 14356789.6553357 13919372.6823304 303602.174529328 279980.288288284
240 13981633.750665 13451244.1809856 293826.555449809 264086.533414176
241 10113968.9597911 9798754.28309507 179199.798227673 162515.650001393
242 10941539.0366213 10605232.0810179 202772.923039347 185026.219016221
243 13004144.0492752 12493724.3430828 272807.395609445 243956.161241264
244 11192114.5897535 10801778.8542454 214830.687993445 193521.572563866
245 10385125.9305007 10037898.5167674 209331.084039555 190225.415474842
246 9786026.96143472 9444326.03700882 208865.563701135 189248.957266632
247 12178377.7512203 11831656.6850054 257687.525367293 238322.772249682
248 7770182.98378174 7532962.22970101 133970.530254217 121421.367006476
249 11422314.5533241 11050264.6333379 223688.621108455 202925.414283726
250 11129727.9671396 10728849.3758524 190699.351395918 170473.134764466
251 8048915.26341715 7830509.40476365 132223.636299017 120894.198352948
252 10744914.5838008 10380134.6031483 208963.263229869 189523.582510894
253 13686096.2942144 13167986.86393 258185.093241126 229540.10398069
254 9419297.49644386 9139900.78287276 176940.291183039 161629.243400877
255 10268119.1748079 10011749.0220212 206293.713186345 192186.15897617
256 10669344.3788932 10284670.418127 194665.456536336 173939.910309971
257 10158134.3046267 9852809.63201986 166396.415545601 151006.600461887
258 9191238.59189073 8951970.71189589 148542.529067438 136368.972328047
259 9214532.10321772 8926102.64786079 162932.594246553 147413.037053166
260 14663505.7782215 14154311.7313242 308596.697906635 280715.582739101
261 11567484.6674193 11169268.9215637 219147.822817155 197785.274015776
262 10796703.8986823 10427093.5159315 182354.257530359 163603.120815045
263 10661779.8599402 10337113.3165878 227478.346089761 209106.814927958
264 11315520.7211691 10989698.5303249 199634.441658349 182359.156409776
265 8956833.76517958 8695836.71049983 169152.965826387 154904.095508814
266 12839539.8661094 12329010.9886428 288714.990602053 259804.690257108
267 12121204.6596043 11710988.925167 206507.121273486 185468.337984297
268 7937597.39335391 7747089.87323745 138308.266014313 128436.024400529
269 8193751.07667661 8010760.59869787 128678.518685471 119678.004065581
270 10692266.6207518 10350806.3094061 214275.57342833 194897.610037128
271 10640894.78292 10289403.2972262 217268.284266721 197508.491080167
272 8237901.47627757 8028210.08339581 149555.919011517 138092.77122197
273 9013975.77376297 8710854.17661876 161509.330465188 145564.988146145
274 10655447.2271762 10263366.0924416 187599.102314754 167225.520972527
275 11327017.6737059 10985780.9458019 220706.406597528 202527.377183817
276 9670623.80223607 9407253.00320939 167512.238858223 153616.847116649
277 11904926.9196652 11456647.8367809 250947.548680926 225680.594388189
278 14424880.1595419 13851715.3655446 285817.561345608 255616.815701441
279 8892455.98998651 8633801.34703803 169781.31943017 155839.835476798
280 9834689.22262088 9576302.2177628 155625.879547524 142960.130777546
281 7251051.54957541 7033796.5908811 109515.643871567 98697.5926753425
282 11194182.8275269 10763227.5718449 218529.96577329 195364.933902719
283 9047029.59887884 8861554.52071617 139074.259505986 130023.055590998
284 7141472.17826481 7012213.55081765 108609.465242404 102276.971998856
285 11031869.6199906 10661621.9754224 215876.322060722 195843.103617708
286 10197222.2568654 9924915.0889457 186789.756032876 172437.610323043
287 8131890.64610334 7933997.57754673 144979.065346716 134572.029890941
288 8953222.74995167 8722241.07857425 148992.676981523 137299.256134564
289 8437681.26812139 8175774.5247278 152817.557683812 138731.628814273
290 11597038.3593023 11218385.6433932 217659.700234617 197263.585809706
291 11189150.8106997 10792671.8075632 229465.743033116 206723.308399275
292 10732724.5917951 10413932.5349344 189625.645909642 172973.993284185
293 11163844.3389806 10792529.2221573 199124.94246719 179120.916354517
294 7164919.8924851 6978880.00665566 108016.324184998 98869.4643287912
295 8204533.42298687 7921386.39464806 135726.415475091 121299.182283705
296 7992192.03925962 7742582.76305057 133907.603379781 121135.534545012
297 10505716.3652508 10166458.5538134 183385.11686688 166410.175316953
298 8850778.29883408 8579064.17993795 135485.367166871 121779.402268748
299 8804250.15724757 8549162.79559862 153940.353601491 140870.429408316
300 9572139.0882053 9300816.08409327 186329.479470716 171324.055116782
301 8003635.31062017 7745210.7987455 151428.855280515 137769.849423408
302 11987965.4633815 11516134.737105 213658.55037256 188899.546068732
303 10139064.2501447 9842607.58649059 144879.480735223 130824.140473799
304 10725341.0353272 10461166.7237122 201963.557618183 187733.080041806
305 8436611.74895712 8169182.73112855 150059.86666521 136469.578034327
306 12522898.4855402 12115388.9315705 236367.61092639 213754.035211982
307 11217287.7035868 10835220.0301107 221610.838836183 200577.605083721
308 9731228.02483884 9430982.13728715 173983.991401398 158410.614474123
309 13145707.1343635 12710223.4235993 280512.377757271 256163.722854425
310 11701181.3659675 11268636.390647 205188.843808212 183027.482200994
311 7024909.37779771 6827108.26304113 108619.695412263 99067.3090803514
312 9844766.15139584 9525626.79084632 176445.136789942 159487.879444836
313 9462111.15620377 9166219.05629815 157111.799066862 141978.883596218
314 9648233.26688528 9308829.84495412 197902.439478623 179442.695981833
315 9475354.13311302 9184397.81070602 186818.994724373 170839.718498251
316 11350055.23528 11027476.9765027 220282.846110703 203227.539887769
317 11832720.3078211 11425225.4549362 264209.527629844 240611.517368784
318 11078858.3969091 10696360.6029202 217029.838207232 196093.474774122
319 8735411.56035048 8413813.31049095 178122.395919947 160332.123662179
320 10965627.8887147 10563280.6285167 206078.072973865 184463.036906971
321 9261111.53338936 8933524.60670349 144307.133736776 128151.202053321
322 11022178.171297 10649303.8030647 205752.446530692 185595.829601534
323 7120649.60697092 6963700.68584181 119070.226772778 111302.347175416
324 13365546.2582001 12993400.1947176 286642.602350172 266521.132998554
325 11191185.4912269 10799458.2455041 202473.278897091 181956.661768982
326 12937119.9622323 12522962.5502753 234628.714321276 212337.815933247
327 13173560.1967948 12630433.8593276 253300.582106753 224749.091647523
328 9422566.86450435 9207649.53409992 160990.726480246 149936.078619555
329 8112206.06741452 7942404.58180852 137611.416497953 128995.420749493
330 7727981.24956566 7539934.49576057 118707.495178406 109655.593782428
331 14330480.9889566 13713873.3654734 265137.700960786 233055.225950802
332 11732894.5141234 11318548.8854508 211161.975951363 189052.440114389
333 5705151.39179883 5468139.36448966 135103.150625917 120771.023739842
334 13902837.4088924 13437278.1846948 253512.750921269 229034.604498305
335 12346276.5718079 11947005.9269191 248307.040296282 226915.46399109
336 6098463.24365008 5938464.94549388 96395.1283051053 88767.1882683683
337 6284025.45264428 6118714.10616937 105804.773429344 97380.7992673855
338 9815396.39947389 9495367.48122239 207307.273273448 189123.131306205
339 12176871.944064 11720044.4454597 248862.439261841 222779.801083707
340 12304570.0965141 11878596.4927007 206237.255680477 184674.802699475
341 5628300.57277648 5479059.11605324 99460.7370937083 91667.6425112457
342 14010024.1381125 13483265.4472688 300985.299784242 272368.496555195
343 9261006.65983748 8994668.94849541 183390.908781765 168817.764382016
344 11887046.9038529 11481590.226606 204131.209329601 182947.939463164
345 10603954.2382892 10327775.3268802 175013.131415082 161072.418454408
346 10840420.4406935 10453323.7949318 244677.846712077 222407.444436935
347 7290438.33217535 7070712.94994217 121328.45035335 110179.59447827
348 10675938.894594 10330878.5735858 196494.341276075 177837.027121477
349 16339454.5837473 15769456.1293808 326304.742634076 296200.878587605
350 8958720.27358075 8772266.03092733 140500.117174578 131359.0566546
351 11972803.1031992 11579747.8202506 257340.221734742 234965.549282631
352 11645423.341723 11263344.5990944 225101.149437381 204117.057034373
353 13150772.657306 12548771.139724 254508.009607355 222366.482999445
354 13389360.9784923 12851185.6992625 285862.163843858 256437.408883053
355 11171558.5088467 10839414.7412591 201551.954706075 183894.132363514
356 11578353.0058326 11222460.4425748 246720.369016334 226984.761686003
357 10202829.2547321 9883156.01173784 202127.423027188 184877.035662508
358 10260424.8314365 10017922.8006292 181663.268416468 169015.046505469
359 13864669.9763818 13327870.8982306 284225.037896211 255929.196884816
360 12547124.8588006 12151468.1576225 264894.638953396 242356.104628647
361 6917456.41420056 6747496.80998747 101298.029397669 93438.4497131704
362 6197287.68722364 6037612.52698654 109421.56584698 101193.847300977
363 8893106.7243545 8626907.29083101 153609.018330324 139814.320300052
364 10568716.2309852 10199725.9938315 215933.518331854 195337.123680613
365 9786854.50294159 9507793.76852092 162058.05966111 147961.439366319
366 9737825.92842277 9422085.37371344 168331.150163763 152134.043240377
367 10586228.1373193 10188642.8680624 199908.07202532 178714.628054665
368 12063861.7085204 11685449.8918624 249210.142471508 228019.62063693
369 7915161.13791512 7697544.40695723 133756.485242027 122586.380938378
370 9271594.68624867 9021617.73171164 146473.062724491 133422.405968916
371 13029623.5064022 12606578.352013 262180.870404107 238467.090616339
372 12740855.8824244 12314675.0313074 259790.744114104 235775.076105377
373 11052843.9594262 10680111.8836402 225289.801941017 204148.618513513
374 10504969.1065075 10220761.0823278 214279.795143978 198266.436218906
375 7938535.11035846 7746525.46833772 145061.273264524 135045.771437416
376 11089592.7229224 10743203.8396111 217198.133730274 198162.622685152
377 8981064.53625202 8711306.59626215 155651.248134817 141743.448824214
378 11083023.5754482 10718295.3584003 211840.970756325 192253.615887205
379 12873188.0992461 12444678.2740257 252107.679125252 228947.498994264
380 12562132.1608769 12138623.4437314 232004.542143268 209474.367534617
381 10037876.9617565 9736887.52458152 170166.728333894 154582.010986859
382 10762851.6473525 10511197.6966755 192574.828346137 179318.564197945
383 8433467.14168201 8182445.20984704 153386.874637162 140036.474611342
384 14087394.7339037 13537672.1532211 287042.597260129 257982.929341426
385 11564839.2095218 11167185.7451452 203640.986573358 183114.912708184
386 11985940.964234 11578649.6622212 257966.838415985 235105.972412444
387 10186213.450783 9877995.40158898 195646.25615365 178990.73221271
388 10102354.2168212 9817897.42144749 186040.471566349 170564.22748655
389 12698277.8754629 12369228.6272939 256384.953533415 238068.895039087
390 10183606.508213 9836222.96741738 201672.227878659 182465.91899134
391 10526449.9691608 10165300.8016617 183435.984350843 164563.899488572
392 10288150.3445938 9961875.02283892 166193.154112373 149490.493448254
393 14077565.5423464 13650352.9576804 290546.712303493 266394.641522937
394 10221974.2654324 9872178.18787014 200220.385259066 180981.255420356
395 8971579.39215177 8705682.72370014 155916.093315336 142331.271610618
396 6906949.14460067 6730433.67557995 130615.383735855 121217.15699574
397 10509892.7441797 10197357.0298707 169641.104025484 153846.410336035
398 10486967.4636708 10245000.4606674 207949.273094745 193990.235361356
399 5520221.34055925 5318536.7255291 105259.213869542 94231.5632642253
400 12291736.4599212 11921514.5689195 231981.161704587 212050.007486512
401 10993357.2655105 10675076.9883378 208473.738516606 192041.26869122
402 8594596.03334147 8313303.24303267 134649.136946615 120762.294867074
403 13840754.8382522 13355097.2205286 261940.365176879 236491.134717414
404 11802170.4168908 11377895.1917055 260966.991828026 237682.765574625
405 15255833.7953787 14756495.8029805 368104.439791843 337975.22032993
406 7728031.3226008 7497059.17417909 135782.980614902 123732.289713175
407 7067059.40574583 6901106.85848022 108566.853806449 100812.868768427
408 12634221.9582236 12144558.5866847 246277.741089559 220560.171046268
409 9032429.0297477 8756351.97665498 161747.114726383 147359.377439829
410 15864460.1072469 15247635.9765475 356984.009704726 323300.055614008
411 9473502.7076789 9123621.19986047 167020.43939146 148784.792480034
412 10015799.9890107 9650971.80294487 221209.371775478 200137.134040948
413 10601167.7263622 10239433.4289216 169108.296510721 150691.187985579
414 6987895.87729769 6819158.38496698 118743.282570376 110229.374278552
415 11971769.4232812 11549619.2828388 258647.642385818 234386.96858319
416 15792888.3737629 15269326.4859016 338076.0251977 310035.605917675
417 10797540.6721204 10415225.7507649 221379.124977117 199892.009768578
418 9971654.38600687 9660108.16352968 144161.65605747 129285.973925118
419 9967381.1042757 9660709.94155965 171159.300284569 155082.825533295
420 13231601.9502636 12774406.8933078 287144.313139117 261168.882148693
421 10460854.7991976 10143626.2579383 177295.484332473 161274.081779495
422 9432511.05717553 9110069.93632889 173164.604597023 155830.901695372
423 9970893.34007642 9570131.83572198 183088.960249982 161053.986074447
424 11419097.1273471 11070223.2099739 232385.604304143 213115.407843747
425 16936304.7545423 16206339.7336495 388228.605232771 348564.671669829
426 9724086.86063815 9423060.6091608 156442.760725495 141418.304019535
427 12727122.0644368 12240274.1522605 278650.025061202 251651.045162071
428 12214014.7296757 11756548.7246243 244078.227675619 218896.211159757
429 9545772.02774779 9240548.81227983 162455.932440292 146668.537982366
430 6674004.63228488 6494597.36268006 112886.282213462 103796.911246635
431 9260649.10265515 8942613.95777037 180271.60896308 162812.25488144
432 11573659.6382215 11181451.5317873 207068.769076535 186676.498771899
433 7558900.55604412 7254001.41511356 154068.354136301 137248.983881706
434 11238214.2125088 10895271.8345391 231212.711485253 211838.933429967
435 11970031.8938242 11588380.9738927 198142.904178835 178436.829350595
436 9134105.92598062 8841510.98886963 168740.335211221 153039.498362554
437 10265084.4940748 9908976.3164025 197367.099040126 177799.253649425
438 10572916.591463 10303732.6526509 202749.667383939 187909.114673163
439 9182237.87619016 8895771.88977403 160451.186680387 145577.413742623
440 11648186.1826281 11319754.7806811 222764.337697301 205260.959284163
441 11927930.8004293 11484072.260276 247770.099292955 224075.322850849
442 14045046.5019363 13522855.723042 305934.457311644 276206.487998251
443 11536922.7838975 11146260.0208578 251220.697920743 229309.38192718
444 13174590.7026555 12670165.8659245 262025.475355129 235162.959135282
445 11886300.780256 11439630.2834196 205711.777567273 182282.079930493
446 10688731.419662 10325747.8858718 193667.446445228 174434.84897774
447 11247913.3994242 10878722.3235425 232092.910623174 212075.45788118
448 11699293.668981 11317522.1404824 245989.613030068 225348.928218211
449 10838982.3930676 10443624.5747441 222774.779067282 200845.357343506
450 14405505.3785106 13942406.4142549 299889.543150032 274398.524723167
451 13495118.6208924 13027370.0583693 272964.198611814 247576.678097555
452 8626258.88773404 8387433.35770641 144162.511879731 131684.664910619
453 15819604.7915726 15150002.6814836 309223.751395377 272991.269215206
454 8607606.21969527 8304543.27275225 162709.822055484 146311.176328739
455 8671511.12989784 8450833.50158518 147726.088891963 135784.1400029
456 9414087.9861251 9191715.74425897 155016.499920646 143423.900986115
457 16126833.9468808 15483855.7126048 333112.557196931 298882.993900064
458 11302287.7454486 10952949.2739377 223848.327506077 204084.652897241
459 8720693.5143941 8463962.95790282 128520.740739071 116093.111600856
460 8655832.09347319 8418995.40650403 152295.789784497 139898.383028353
461 10012905.0394663 9682464.74234544 204635.121110929 186003.122797038
462 12876867.6134419 12407344.1165451 253351.452658859 228488.46366969
463 11333877.9041927 10954078.5534808 228630.818943512 207933.152701832
464 12963579.0184063 12611909.3185979 233175.207719335 214607.041361876
465 8777832.75276082 8507314.35129541 188003.947221031 172472.54780306
466 9065043.12046558 8843619.86500866 141185.399826147 130078.194161948
467 18261849.3159541 17478333.3423444 447337.443756721 404150.682805754
468 11364722.585124 10941403.4015274 207645.322606467 184896.175769979
469 12747952.5129163 12292008.2615808 249442.510331508 225452.486486458
470 8330330.13700876 8125891.36630767 161168.869875741 149989.877099468
471 11256819.4178294 10847035.7212743 197297.709274854 176340.932988938
472 13040986.1322766 12567887.1016842 224244.362112639 199893.614890382
473 10711481.2296282 10330929.0717648 254145.100594789 231933.706952918
474 9070666.79317059 8858908.67076698 135404.696152339 125279.231575658
475 13785831.3241728 13386008.1785874 285180.748028794 263964.816466592
476 7837160.07543311 7625818.66085191 138678.653095033 127918.155262305
477 11381167.4303423 10997505.8114034 204795.113858291 184847.334024464
478 11380885.2294174 11021269.1015613 204781.462106568 186075.532642485
479 12245790.1569781 11952819.8122825 195974.430022759 180997.29272479
480 8311371.963702 8085142.25197103 142891.997209218 131426.959762222
481 11696535.7237271 11261901.3137049 237860.71710601 214036.901084352
482 11066785.3666617 10616744.41606 212514.008945018 188256.820208109
483 9011497.64825556 8699904.32233441 146790.062838686 131331.294079709
484 10599789.6975414 10217439.6652233 212636.299758626 191612.45328491
485 11981262.5468507 11532991.9378158 235221.320028335 211214.227145158
486 10529132.8552106 10209133.3896881 196172.411906248 179099.882714067
487 10307711.3534378 9975509.13393215 201717.396270473 183724.326830043
488 10007751.9722319 9669817.14255053 193919.219252375 175208.744480219
489 11884149.34137 11492943.9149395 186607.079855606 166774.76592352
490 10658594.8144645 10324087.0310359 184673.879474136 167228.332854639
491 9544074.29533699 9215634.54780083 193824.510410008 175260.488300932
492 9612425.08764442 9354052.07164161 157084.233407476 144518.780808639
493 7775310.77377972 7538199.69314213 157661.591314581 144224.060274899
494 10719782.4127502 10454945.6803485 176402.949218481 163025.000503502
495 8088369.92530853 7888290.09543843 152266.777635433 141396.284963177
496 9580714.2797934 9239538.29576064 190563.727387593 171261.362714914
497 10041233.9937746 9676633.04224403 207580.85137162 187865.856777922
498 12313393.6879405 11877951.1130183 244685.760610846 220751.936360487
499 10832376.1805913 10410683.0374984 249206.52108388 223955.296893205
500 7927211.55194079 7692517.40831631 156078.117942486 143317.822814694
