ID imp_con imp_vac i_con i_vac
1 7809473.25901551 7627815.91999989 166930.16210854 155055.747175867
2 14176839.6469612 13762405.6155226 325998.348968012 299029.794779803
3 11380844.9006898 11104074.9544172 271817.341966194 253585.717406003
4 8933171.1656282 8767283.37204621 188349.02112478 177887.314348459
5 12068499.6094674 11742435.4206349 271381.41931299 250188.164001951
6 11388810.5796559 11173932.0881711 233342.396159035 219763.73520765
7 10049721.3041883 9846044.13293294 192993.321496248 180478.040805293
8 8568031.05899054 8332735.24183517 159713.3432341 144883.305224343
9 11686323.6252263 11411291.175489 254435.330678543 236289.041296268
10 11040373.9186782 10774675.8325484 241992.608693598 224187.414647237
11 8391556.12143571 8195604.87821175 177229.6639992 164007.827603687
12 15141465.979469 14752477.8838431 337532.626351852 313578.897176597
13 9763274.01532007 9559968.19676057 191484.170217505 178628.042005219
14 12748926.9527677 12508430.2197446 261276.063729987 245802.599711636
15 12811748.0781844 12429206.919166 276778.810611249 252481.64057125
16 11557064.8006973 11284623.1725083 239974.724185494 222499.194730931
17 10835106.8237785 10605671.7104929 231914.477785958 216824.744454046
18 15620854.6740319 15248874.4740185 347023.263907966 323277.653874318
19 5865197.36921287 5748360.89082411 137292.73387274 129514.155971985
20 10413714.0434775 10134581.0275212 224711.103653519 206575.161452986
21 10502032.5947358 10322907.918575 226626.057496666 215151.276088961
22 12431506.36551 12131689.5007103 218689.426230906 199733.814502609
23 11622779.6643131 11322200.3338879 261253.065101947 241226.549165792
24 6439747.56793415 6290961.44676318 145604.623815696 135869.287130825
25 10375053.4360477 10142945.0276486 220782.273443249 205705.655515535
26 10201766.7570928 10013192.0589716 194641.158249895 182806.801257159
27 6867552.1005723 6727232.71796421 129032.726738019 120298.914266276
28 14937190.9003211 14643784.6242365 340025.725881273 321209.657927092
29 11230562.9802269 10943859.6211911 231919.40596183 213660.006562634
30 12290305.2711029 11967918.0491112 239224.956310958 218822.6778625
31 6495030.67835386 6312030.92716823 165786.148208373 153297.667144158
32 10821802.3425397 10559280.4942505 259188.94713537 241965.506249102
33 13180022.9535042 12887027.6573696 324183.648015263 304664.494596787
34 10459781.3008759 10174379.2284506 193414.055840163 175483.146377153
35 13709388.7340661 13282361.4722287 291695.396346267 263934.78172748
36 8963635.28913263 8747792.2851324 188634.104968286 174833.506289715
37 11702028.6494311 11361494.6321128 269466.805868751 247339.245131402
38 9818819.4168448 9594506.1881628 203154.355039187 188709.085314962
39 8143022.78041395 7984427.91969627 136276.459319549 126634.677842255
40 9741710.33960352 9550486.78103639 179116.489968112 167228.529157636
41 8273863.60559284 8100385.60645897 167819.824167761 156954.700526476
42 8235849.15635568 8035885.51998426 182706.795549083 169645.443883761
43 14805851.0172152 14464130.2836035 324128.237862548 301774.049486331
44 10458620.3873492 10185713.2660313 220994.315397746 203451.281908871
45 9048589.25425837 8840889.01681763 163864.134669817 150888.090981012
46 11790431.8976733 11454012.8271576 261147.939650938 239206.784876725
47 11885965.9879376 11561636.1665658 260219.671954738 239449.097409241
48 12841906.6453846 12612563.7962009 276481.064906819 262061.126375573
49 9521936.70121025 9332387.91655689 209623.000556737 197239.006330453
50 8009173.04630826 7804684.1826263 168801.329573394 155386.609189712
51 10933208.7067449 10600913.80448 207383.955234862 185973.604445222
52 12220177.2711902 11966026.0016903 266664.27712865 250766.709388407
53 11672878.5259762 11371029.8067408 240872.917222754 221320.917135826
54 14341325.5706742 13953891.1248985 313223.552621691 287619.83570962
55 12259488.9903138 11976565.9286464 280205.669129891 261737.737195682
56 15179968.3047564 14667896.8041698 345481.188843443 313116.531938924
57 16095024.6168524 15668796.9454945 376447.123937756 349099.490394021
58 15140103.5734492 14690098.7080133 353047.64424176 324001.473654773
59 8730377.81301679 8536672.77621113 186957.054601297 174410.265927334
60 10571204.9160458 10277904.9693334 202413.056107956 183739.455697374
61 11407310.4908902 11166279.4793089 243746.163075807 228359.095334232
62 12051174.2850495 11791793.5507295 224241.121828688 207901.097048891
63 12173402.1351679 11935776.6859076 272199.797781464 256676.646410525
64 14375027.0950611 14034449.1279066 342891.966373705 320855.614308409
65 12067024.765459 11739904.5263424 253354.709419061 231657.980791768
66 9457629.63692592 9214370.30153628 202352.015008899 186996.825010623
67 9703236.05907918 9512274.04945144 199652.437638741 187103.333492568
68 7966240.36260358 7798994.0729809 182215.624600358 170992.279867768
69 11624232.5363641 11351164.9900352 276160.783981188 257696.493930361
70 6603221.81205077 6462964.43653296 131701.595247635 122595.974067015
71 15114493.7902736 14708238.8734183 239371.250502031 214554.021365487
72 10794339.0952307 10602574.0700633 210695.734521106 198403.530263353
73 11953950.8365869 11719788.8119304 211155.772131767 196795.829876779
74 13433764.403297 13277897.6634621 282795.497414786 272864.735134527
75 11349371.0630872 11115491.8846496 198824.627451881 184086.506521234
76 8494313.90785591 8314071.60456348 152980.195931944 141510.952133196
77 14261227.935334 14069590.2244642 356240.384936543 343744.808248129
78 9936179.36058089 9754992.29722731 216803.574694391 204876.461524575
79 6987890.12766862 6869722.85979102 145102.690156361 137547.077510077
80 13928239.852008 13540805.492602 297600.465836593 273213.004688258
81 11127182.1079314 10849191.4973624 251894.646992751 233576.58003725
82 13276699.2204706 12956980.7077915 287232.061238564 267025.61249734
83 11024827.955596 10783939.5613358 260771.011211313 244637.18208877
84 11804903.6178268 11515481.8563348 248860.595505959 230389.512293278
85 11120026.8847368 10766845.0461493 244919.932224425 221433.810883859
86 6561552.81707842 6404401.62187192 151209.342949504 140725.956524145
87 9366326.92884726 9218501.56569915 173456.106156913 164480.662592034
88 10003043.0413471 9783975.50331455 223600.7209551 209335.278732695
89 13469312.9746015 13133514.1697458 288848.508950649 267029.962384013
90 10112012.0813877 9873053.31397726 218438.723108053 202952.064551209
91 12720494.5143501 12354355.8291554 280403.655642361 256562.511841084
92 10222358.0987622 9945675.50983636 185114.722476638 167459.001965772
93 11152759.1184785 10883144.134678 271538.691706346 253439.383553962
94 11068800.1482759 10816985.1332896 233790.56093152 217691.901724077
95 10449398.6710852 10184239.4854611 228846.660507613 211562.846755546
96 13378945.9796257 13033617.2438746 309998.985340379 287377.347620777
97 10580413.6725372 10292656.089903 202675.111993083 184157.179078867
98 11609070.2447349 11338472.8478492 230075.342211917 212938.66588768
99 9122167.73324468 8945180.3579469 211857.479897854 199712.45183781
100 11627149.7739789 11341261.0156998 251057.248735688 232281.698342122
101 11806816.4818213 11525374.2917002 249325.204393753 231053.337229445
102 10192884.3010175 9952780.11018235 195412.362610853 180064.642757401
103 9850178.40921141 9685416.4107656 215645.576230436 205073.332660423
104 10791563.1332467 10578007.3155147 229265.542484859 215605.77793157
105 10986470.8939954 10695939.0000174 241317.624865247 222395.82399874
106 9132109.93525258 8895140.40181313 199133.518035003 183584.239626698
107 13047706.4207234 12705712.0893319 308573.752602845 286344.143337186
108 9528122.57606122 9312600.81141206 245080.616208004 230447.644005244
109 9993433.05976593 9737403.82736376 217413.672246344 200582.13975356
110 8681665.48940317 8466697.02939269 189718.126980022 175327.560798486
111 8097388.60868275 7913232.23422593 151744.542340707 140152.818598244
112 13094460.8226666 12768054.0590011 314889.435546232 293374.916826371
113 8935254.09485833 8718113.28202857 187407.842818547 173278.997615403
114 11210732.4522148 10994878.9113797 266857.839600173 252144.793191969
115 10212429.3336335 9969502.00976287 206484.866726111 190713.680265956
116 5528948.76872802 5385828.77868581 107723.754091993 98587.0566026038
117 10333274.8309352 10148618.4883141 177061.266606355 165610.870755942
118 10906676.5970258 10665021.481429 235441.868446043 219869.135838914
119 10594327.6555646 10290329.366168 215713.642816395 196036.925761469
120 11070889.8715895 10851022.077317 252426.652025882 238243.462674705
121 6957081.16831388 6798907.08521804 135930.677787169 125931.088606349
122 13496442.3352084 13189675.4455623 257109.571797724 238633.030813404
123 7951494.88476135 7742908.50475325 180134.061786924 166156.158634137
124 11816136.6499807 11617785.5125067 243371.504595627 230720.28627135
125 12037011.3212629 11700792.9320689 256378.107250842 234703.321178372
126 11203571.0267765 10877737.553758 252533.939500171 230946.316087873
127 10733503.9331803 10510213.0150949 213011.530749197 199157.586432391
128 10902836.9224843 10655652.2273781 235576.408875891 219829.858317287
129 9053585.62455752 8894237.31051668 194077.764970282 183735.392833067
130 12384893.9249461 12099822.5189748 276295.287702834 257438.237026193
131 12032054.6965496 11660786.3497909 251316.952637245 227527.312977899
132 8728495.83924555 8571819.9677431 169661.98020704 159819.866781111
133 12790478.2508636 12546032.520739 281272.65752531 265646.728049674
134 12739951.7182731 12426034.7505697 243051.542019329 223317.334305795
135 10195272.095784 9946734.4395441 216845.581722286 201051.578657009
136 15206818.1265659 14759889.5927238 359144.149224802 330303.017076295
137 10862297.4118241 10606796.7809318 216439.375125326 200321.277515201
138 8444570.55479883 8274806.15527136 152018.635411355 141503.559978312
139 14049629.4631779 13730281.7623355 324855.430558847 304145.927062928
140 11086702.1589401 10800767.211491 260268.2759861 240954.405127088
141 8146988.35296761 7934223.13546207 184686.496738126 170516.394766203
142 12355307.5874765 11985553.0167846 280288.310436653 255504.002259086
143 10195963.8493733 10009741.706126 220586.016824423 208283.70866674
144 14283485.2588685 13821370.7642904 328586.008994553 297888.012105757
145 8295058.0549853 8100018.66997106 160217.625574585 147940.153884926
146 8850714.5476216 8668699.88364301 152337.79886316 141291.384027409
147 10470780.9517235 10238474.9506642 250075.346363034 234665.905874403
148 9937572.17902861 9712778.71231156 244097.188674728 228923.770123472
149 8515654.56365636 8363699.73833919 180423.598203985 170541.43916882
150 12388912.9069919 12057396.2987369 280640.487974241 258878.876678369
151 9975777.08530273 9746043.15156542 231958.448831531 216978.809121556
152 12992222.7059841 12726993.4409112 318792.705974415 301289.822036774
153 9786330.92968049 9584712.27301049 216238.962931054 202831.26359867
154 13726754.2661154 13402781.2657892 299904.93475031 279129.67170991
155 6053963.03999607 5928512.9436088 144441.573342621 135971.111752417
156 15494675.0366838 14990399.092768 331788.732377398 299843.917353896
157 14664981.9258999 14273929.1513271 317278.038841009 292426.597542929
158 6918190.11066057 6779391.63197597 154560.627343859 145364.852947229
159 10359904.5650232 10095212.7413507 234378.261043167 216636.773883738
160 12543923.2477638 12199998.7369448 251034.574916324 228974.354552722
161 10897537.6722119 10593699.8204915 247750.874283865 227581.247470956
162 9611448.17184495 9375745.91431836 196114.388198781 180972.755931555
163 11391723.6744403 11164548.0718678 261852.203022787 246911.343370953
164 10145570.7410998 9927232.8165515 187173.165205039 173333.138179494
165 11814666.3494055 11464105.4533759 234050.266649674 212074.913335062
166 12385157.4897563 12052425.7163281 247353.682786114 226105.766835702
167 12507971.5646063 12245435.9497605 284594.196505666 266868.616454241
168 14077107.2315514 13752889.8608855 329554.715515526 308397.515322527
169 11927985.3945803 11660625.6265004 235361.520010113 218655.71826839
170 9780469.89927983 9551851.91840401 195441.688625434 180947.112502842
171 11569258.6803414 11273997.8172729 227009.989459215 208283.098707723
172 9489837.49268931 9255394.70995411 200717.713066913 185745.400545837
173 9463028.80015485 9265509.79994007 216976.699490156 203819.570007681
174 10500905.6326416 10220333.7143384 219629.95338529 201384.733071204
175 15989614.8794139 15601313.6428874 378968.910281333 353620.85825474
176 12251417.4915995 11945304.1323218 255377.379047733 235507.73188746
177 10912609.8342326 10701686.9435186 247138.367064021 233100.961729585
178 13855379.6280148 13475209.7544403 330142.670215121 305699.970906068
179 13257860.9148816 12921315.3432273 303528.815949799 282028.774973213
180 11469073.9367828 11165616.6076098 247650.559597569 227896.991684832
181 12287275.2819613 11956413.5793555 247493.802689728 226417.706492162
182 12070556.3207349 11806975.0704694 216454.36111711 200035.480438572
183 9937283.31288916 9763454.03502039 190057.776622322 179005.287006659
184 14161974.1228643 13798537.9720578 290429.610275907 267199.955655051
185 9567484.28250662 9354356.0946069 214080.194468579 200209.501681326
186 8048119.84282676 7872014.10477762 174612.297388238 163241.042105399
187 11299345.4123512 10972925.1141647 222223.795906081 201406.036548822
188 7764801.83043129 7594395.09162153 165093.190133256 154274.688831545
189 12407736.4076461 12090262.8769304 280029.28507092 259837.196617455
190 14179344.6460954 13780490.8718784 321173.838311531 294978.531067209
191 14649596.6048835 14194416.8334585 305930.859744973 277082.64354184
192 10288842.4328495 10028606.6570386 233295.410981402 216184.264343902
193 12824720.7958715 12501567.2452896 275506.342115581 254357.286901272
194 12908783.1442533 12513162.2945967 312903.926633027 286646.909323565
195 14429039.0938451 14067734.9527246 311121.905081113 287562.090024063
196 12530835.6761394 12220667.3993876 292743.881122368 272451.859110772
197 12449826.8181399 12058196.2149781 288615.173846849 262364.597831115
198 11283484.6718147 11068937.2632651 220614.613333584 206725.258897811
199 9765785.18500925 9570578.34750391 186999.768396526 174664.652888075
200 12680709.4630506 12342296.4693798 282115.204672178 259976.716560519
201 12487975.7802247 12139143.3730243 259952.727365683 237073.388150332
202 9132447.99329467 8904692.49744343 168968.266117581 154747.586353663
203 12840978.426094 12473595.9846169 263471.732126163 239659.791060029
204 7885318.57987747 7700026.62829868 176079.773019526 163652.105046755
205 12634055.1350973 12337863.2340514 219193.789454488 201642.325741541
206 15294090.9275055 14890422.6925184 352700.292192723 326970.455628964
207 8562237.66064759 8370169.80107897 173679.173588201 161473.290280867
208 8284510.99281725 8086191.78963475 178087.233292413 165275.434580285
209 10815768.0327582 10551212.3389333 222929.139692287 205691.895107829
210 11244664.1277245 10977225.9800859 278199.163985831 260587.561385953
211 11994814.6817156 11749756.1140639 275516.484675926 259856.920449992
212 11486183.3118287 11203167.0725877 267314.731418693 248764.404150925
213 12524554.1016517 12286659.5703666 212440.165765543 198092.330298342
214 13233885.7944377 12895001.4835507 282126.599585143 260764.476700183
215 10372076.0645831 10123698.8222329 226169.270167843 210515.893001878
216 13942594.054918 13606355.2503814 290241.969179147 268727.298406502
217 11111398.8663077 10817994.9499624 215462.100116628 196988.535905111
218 8666509.06702409 8468747.71620691 173844.284464267 161263.095442431
219 12544710.6856345 12267702.2428814 259549.911269268 241907.72681293
220 14739210.8730983 14297985.8572743 331256.163616211 302300.50285645
221 8555146.74474338 8349240.35503233 150619.219773846 137869.897100787
222 8264316.61410459 8089694.37206564 188537.07470556 177068.222009082
223 9426489.75117397 9247054.32186708 191702.228722908 180149.421404281
224 13534084.5091433 13191244.6159468 324316.518963133 301425.360359626
225 11504116.2347706 11233455.8876158 233400.725858445 216115.242000015
226 8998087.74170186 8816623.87090649 210395.613989068 198297.437454136
227 12582398.7542748 12232183.1643733 277701.333122651 255537.931192659
228 11368698.1887969 11030835.8257497 226784.837482957 205832.929876261
229 9786273.69018518 9580279.15327173 205367.760396309 192287.704721956
230 9564870.19678126 9397345.80255491 195624.508128064 184951.801745018
231 13445275.5760608 13091264.2577554 318238.422198357 295394.007834033
232 12340853.3194809 12050448.9963318 240158.860960019 221735.245524544
233 10647607.2276068 10350127.8861963 219265.690683039 200731.434234271
234 14834564.0973033 14506572.4143043 371472.009968002 349877.925466731
235 10423430.390142 10202844.9898096 192581.557631747 178583.031076374
236 11905051.5728296 11680072.1027839 256857.266552142 242164.34938692
237 12365655.8685155 12085752.3530415 229942.893542939 212590.689913137
238 11705287.329389 11392304.3165495 263779.263668135 243589.551215472
239 10153505.2438821 9974311.02254779 207871.874067555 196492.937728852
240 11067986.1743779 10828221.1073396 230724.396641426 215300.538179262
241 8576753.61975086 8386971.92812955 191782.027099306 179690.388566532
242 7536211.50345444 7390258.92855558 139912.169211658 130677.911748518
243 11350308.4804764 10960451.5481265 242105.140669457 216404.559304462
244 10244769.8204735 9998547.17084255 235191.496051607 219184.036868366
245 10270375.2290917 10077980.1939587 241677.525313672 228730.636485089
246 12222143.8759027 11882103.9792856 242868.512379727 221286.211036596
247 14095570.3500965 13784416.8669888 335075.11464867 314348.664759324
248 10491814.2683633 10228447.6658345 233071.221667287 215615.877797494
249 14428048.9122931 14057622.8482064 293919.497155295 270900.093986606
250 9109017.80552486 8949888.61570124 160650.804783641 151157.02099658
251 11506894.9701543 11170294.1824865 219219.204295886 197453.621579008
252 12916903.0604036 12582959.7576201 287608.437803267 265896.139357446
253 15770080.31551 15297894.916862 356497.161972305 325408.175669367
254 9214900.12937587 8997567.84557937 196456.216195065 182262.629271972
255 11172313.0647702 10920316.4234406 247672.043203301 231464.035592591
256 12958064.7657205 12692843.9263365 276457.557570795 258783.083268868
257 12299000.208844 11975121.2201391 267671.866630349 247091.190116933
258 11006127.1409905 10757731.0001494 210971.475894446 195466.096101982
259 8134311.27308531 7974522.45471487 194274.038772469 183637.663657389
260 11750473.7504198 11455186.945421 233319.81586673 214481.514901669
261 8328057.80258841 8119370.45835407 207501.250586789 193514.900883623
262 13007388.4896557 12720951.1932318 292246.15759828 273115.237511867
263 11788923.8704843 11516438.9137442 216780.065396827 199948.02944544
264 5725493.44275354 5604216.23115898 140091.439142323 131968.438420313
265 10610731.6808965 10379773.3554331 205981.090270853 191500.060701636
266 9207657.54385259 9008452.65848669 204727.783613328 191746.024665063
267 11391661.2839025 11176254.6858496 262157.743329208 248349.273987633
268 11152127.1742399 10840247.2754708 238944.116057161 218822.630414967
269 12836240.2807247 12498293.3186725 246059.455884761 225111.083483527
270 11110628.3366743 10804161.0568845 229031.65978469 209170.904523627
271 13704459.9127817 13323240.3185166 295164.677120315 271495.015000896
272 7291063.01945099 7143996.36027453 163227.059944602 153700.981314772
273 10267708.8989825 10030040.827209 219507.846447561 204094.843479633
274 10880451.6038273 10617694.1418334 235736.66185936 218537.457998265
275 13146418.1383176 12807970.0918715 284419.597654979 262332.723344737
276 14557006.0890628 14219108.93581 308567.043900169 287418.64916445
277 8783373.4718181 8606197.45479629 174583.975821972 163282.579046455
278 11594505.7228152 11266336.1455864 250481.218229667 229349.857633321
279 8403512.7881474 8228723.60708793 185345.33520101 173818.581892326
280 11888795.2760966 11635754.9351102 269026.503060073 252912.554776869
281 13891483.1229397 13526675.8738795 303423.263191195 279895.43528641
282 8969614.49740478 8783692.83154058 186662.827954393 174705.703510842
283 9587098.1439459 9410091.29665919 177138.903256371 166225.868267346
284 10078942.3059194 9892819.82161403 216558.479391234 204603.556709874
285 9523913.06618363 9331582.37868067 206335.246829989 193868.259863895
286 10776424.5840555 10550216.6677757 236815.784976806 221796.988853038
287 10874453.5557458 10630062.5570211 204415.040623859 188713.005936538
288 11801833.0065364 11545437.1276267 241246.824803947 224964.241396182
289 13367977.6844573 13023412.2839186 322407.357717995 299990.037509432
290 12296268.396055 12026773.9106583 241373.906142345 224435.030752442
291 11697906.2347284 11540177.8172211 268569.849901777 258399.81529215
292 7508529.76904384 7342240.64121052 146077.194047234 135515.145091218
293 11071055.3183115 10828763.3213824 249604.785062052 233647.99220141
294 8568471.65719601 8397772.83697819 189819.623333181 178847.638619248
295 11205867.4742588 10997202.7868371 233862.410266067 220267.04319742
296 11744684.4076407 11446941.8520626 243383.480639208 223916.098907845
297 10885485.3750369 10660404.8830346 241308.264253569 226545.598665765
298 8356242.73259269 8115982.84799415 172013.198185722 156543.973157094
299 11090712.0037945 10802934.7402645 208180.069745637 190230.372057255
300 9705794.92950232 9564061.09954412 229936.283983002 220578.285443733
301 11446812.0570802 11112774.5967691 254573.457545252 232059.919955769
302 9096400.68207439 8921709.37200476 195123.058001113 183900.281717004
303 10113191.6079353 9848070.22218838 237186.297970087 219485.621289551
304 13144491.43652 12774517.4649631 301291.108721398 277002.902341475
305 11528924.1061181 11223843.0102621 285176.792071527 264915.464596017
306 13227381.0914932 12878389.6359057 327090.086614499 304204.412387657
307 13362414.6779602 12975766.6922278 294178.016501352 269513.77448194
308 11829154.9706421 11637355.6764626 237233.402718737 225166.970365229
309 9194490.0563674 8984881.61923311 204879.603730174 191327.806868209
310 9732634.82670068 9573836.30800947 219686.697608369 209340.921096859
311 9606075.99312147 9371280.57179534 195317.857516419 180320.793607905
312 8892563.5961459 8688773.5257357 156150.235983118 143395.8327239
313 12371923.5909853 12081639.3141352 287932.392641643 269527.617034873
314 10236300.9185163 10016024.8692757 184164.163441344 170198.010432312
315 12148106.1209455 11836807.3367875 290250.993678356 269589.151441567
316 10755008.3572494 10492635.5943926 224001.929940693 207076.954924666
317 12858294.9060187 12506233.2787995 264163.176214249 241234.641172036
318 11032118.2973751 10775771.2616035 196603.161196599 180624.262973557
319 12235658.7563431 11914283.7621028 227424.195815314 207747.60754275
320 9683073.11333077 9450889.20896043 206668.755419154 191803.33448043
321 10828337.1271632 10603639.1874637 252921.228754557 237966.10564513
322 11290400.4018679 10958495.7667456 232661.455669602 210844.18344406
323 7189255.61408633 7072260.2739049 146244.974169478 138685.105633459
324 11850407.2609382 11521809.9391784 238593.071362893 217780.351999213
325 9801205.27065602 9532370.5678886 208324.410770167 190952.81666887
326 10547452.5668893 10290244.5027185 234831.431254741 217954.063935859
327 14145402.6420765 13824675.6065302 362180.347018121 341445.488655658
328 7769925.71763826 7638517.5434757 167125.25286799 158784.300179254
329 11127751.6063095 10896018.2419676 251717.597483102 236603.964265243
330 11047319.6968646 10710785.5329175 249168.996521914 226494.443445382
331 10788212.9906682 10522749.0902246 223466.634117313 206690.540450897
332 9361640.00219611 9141203.78819239 191961.851289031 177954.152786112
333 8911053.37876332 8688856.25831225 178346.559338981 164267.223315305
334 10806087.6658501 10537785.0203133 236819.194564306 219348.212909528
335 9272029.0406168 9028555.26785189 211509.788546607 195545.843277964
336 11402843.6289418 11169371.5745103 197108.420985264 182868.444956351
337 12574495.877166 12268657.9443961 284044.820068798 263921.796766769
338 10013921.1822518 9757240.00213063 237833.622490343 220851.664419021
339 11336543.3858136 11107237.6283308 256522.366464803 241564.778873762
340 8772708.83126196 8571371.92750857 209042.967390878 195718.625239625
341 11981813.4460221 11671841.6100098 261366.625211695 241275.322132592
342 12701996.4663287 12350682.9441962 244449.893632071 222444.197663884
343 10716029.5257155 10399532.0122793 261058.665217968 239739.673021736
344 7545601.61435577 7329517.42030527 163725.73732555 149222.325246425
345 8830477.05275035 8612282.10216484 179453.540903079 165568.751665726
346 11199951.3389843 10893375.6487063 270647.097074849 249663.405044381
347 13311520.7284932 13085081.9717841 276908.580849764 262570.571366659
348 11472240.2447006 11159480.5551341 236826.502996646 216722.610203211
349 9403436.10389482 9187907.82355504 163017.31250392 149947.793392658
350 13373691.9447374 13039018.4424109 297612.075013093 276543.465313073
351 11255551.8447836 10959121.3180406 246641.150933255 227146.933558076
352 13169418.2233595 12881199.2871693 267145.127629138 248720.610979755
353 8169968.07353792 8002121.76247367 171525.689088468 160599.037698888
354 15236430.5539491 14795092.6541428 358194.429563098 330636.063767969
355 10924596.4631736 10639732.0902907 206786.247996606 189024.74772141
356 8065020.87757023 7867521.15778937 189463.096826791 176182.204677928
357 10583963.0454878 10299613.1124703 193698.852297508 175610.842368649
358 11124131.7804137 10855406.2808429 262698.160736162 244916.422351703
359 15234592.0403463 14749404.5298623 339360.359868646 308353.728070757
360 10792257.7472061 10524746.664208 245581.294109821 227823.308681525
361 12297530.0703037 12028927.6605461 234225.830041903 217198.476815561
362 12307230.3058637 12048477.946713 279410.338152438 262832.272568145
363 12419701.6553387 12222311.5234308 258434.036148441 245834.593682304
364 7525122.82020946 7357276.66347165 164819.73030161 154017.219484147
365 8242629.16278361 8097225.61943107 181239.952552705 171674.30304356
366 7325730.92350502 7179762.92118359 158253.227913596 148658.687170001
367 13613952.2159972 13312375.0910783 289665.756828085 270678.249825428
368 8417384.78659139 8237863.28304195 178475.11242973 166599.226265752
369 14531252.7291602 14098100.8866054 325658.81989815 297061.799086696
370 10769339.7669462 10475915.5473022 238445.448326952 219432.191129313
371 10537999.3849364 10279563.6035061 251636.700505096 234369.148361899
372 10927779.3385964 10643902.1480903 259736.902877725 240756.412348292
373 8392309.0523824 8180275.32061067 178358.764738225 164522.812003429
374 8457767.39535147 8282527.63076013 203759.14112594 191898.10137441
375 12154976.1772031 11916024.0694502 253209.106605866 237758.483441344
376 11154236.354612 10917499.6401289 256859.068693413 241331.475790214
377 11718684.1603233 11446242.9370112 261760.506965099 243745.41395875
378 15272941.708511 14919664.023751 379319.239263934 356825.214114714
379 7120004.25866784 6992255.01764022 149790.291793124 141399.850560685
380 11992183.0823043 11686341.5725822 285663.037150087 264863.900064312
381 10511438.134721 10252872.0908405 254060.574057213 237157.482729321
382 8005015.07839801 7782747.79183338 181699.215588524 167126.852202645
383 12276919.6160297 11967577.2078577 272459.348111818 252672.011901885
384 10006284.2386217 9878310.84012475 205960.880932974 197756.915678031
385 11603520.4529 11341112.407199 222362.461730966 205816.689161143
386 12508300.5996134 12139079.6934775 275464.949779898 252082.32994217
387 14929678.9826065 14513020.9074037 349788.513913645 321672.589211125
388 12460748.1685263 12194179.5480541 290871.930947868 273283.956692918
389 7739888.48395359 7547866.56790762 148990.341104384 136873.686723604
390 7168018.05975516 7001910.17710321 168701.533081178 157531.995497177
391 10027068.277291 9868517.17945123 224045.39924143 213561.914022224
392 14630891.8651191 14240619.2120634 337634.885735452 312688.170924223
393 8512502.87650541 8319724.82502449 183701.733813148 170874.480748008
394 10369589.6985314 10117778.6833115 199513.504380597 183894.991663168
395 13668426.9096567 13319344.064739 267936.802595447 246220.212653427
396 12305059.4347178 11979133.4514463 287396.625984337 265564.457144306
397 14646410.0701813 14191792.4797305 325892.040522458 296357.899656176
398 9919632.26913129 9724761.92478503 228206.99859343 215396.048339931
399 9119743.88585547 8963686.18252174 152782.724734502 143168.517927244
400 13503745.8093718 13228983.1397397 338144.734862653 320249.702132026
401 9303801.27007118 9097614.85210285 204136.733812241 190226.759418461
402 8457941.24758145 8237316.67885283 171108.767784831 156926.853003637
403 12187012.0757305 11853109.1908765 252893.87336318 230987.265512115
404 9186142.60371004 8992294.9782207 164367.243652104 152633.353492374
405 11911868.1058237 11628863.0446215 255003.194117961 237510.868457434
406 16005721.831178 15659592.4504358 412680.199102597 389828.130865417
407 11265213.1254864 11019456.0295204 210202.15740095 194797.526118662
408 13594374.4511223 13188452.5879609 301443.375767223 275263.153583775
409 12330318.5439216 12090531.2011744 284612.450928802 268892.055059683
410 11070147.5652043 10808311.4144808 215317.808781014 198778.235034593
411 12026503.7083785 11754986.6829023 274583.213318409 256960.008115314
412 11228916.112296 10995904.8899674 252869.012704235 237616.360865204
413 15264346.1956694 14829872.1485417 367284.302866629 339100.730592842
414 9683512.57332193 9416434.45896651 220018.914784419 202477.488397268
415 10647772.9433618 10422330.6664173 227420.929446089 212417.996877496
416 9388072.14011701 9182356.74024455 218730.989584697 205054.438492977
417 12872202.4600151 12523178.408455 287154.795516395 264610.298440961
418 12241615.809067 11913136.1031999 263161.618455911 241649.177543605
419 9769498.64330018 9493156.92640564 202973.197025628 185106.1467995
420 10676443.5471769 10428233.0140419 248106.244586282 231580.92269234
421 8678061.86299052 8429540.84305543 214562.483111935 197639.350269709
422 11132853.689294 10875571.6872859 260535.339530357 243372.921974169
423 10086663.9635121 9834404.56408609 217824.279727792 201480.444178435
424 15824219.0531241 15458685.9464164 366583.802276923 342740.270619264
425 11072397.8082476 10759837.8363882 255477.024420575 235214.66903146
426 13397413.5817348 12998850.9033108 277052.333547667 251135.562269926
427 8964566.16341237 8737806.61050695 184879.140570734 170028.169474193
428 7606162.17347972 7488607.42450458 183692.313293188 175848.284668442
429 8907071.18903331 8693694.07948557 185949.700559786 171890.728630444
430 12538276.4886474 12266610.430779 302524.664748515 284331.778100474
431 9928954.65403466 9736556.62766865 201066.21158459 188778.568371227
432 7478355.48158097 7330927.2964021 175837.929270791 166002.716714365
433 7727286.17001815 7571155.63346805 167219.744545566 157016.713074326
434 10826310.7989028 10598245.5577512 250162.162011175 235083.993886849
435 12977781.0843054 12730926.8064858 271939.722782933 256123.388156221
436 7685089.96420547 7549514.95233972 162341.456393344 153517.725834024
437 9246945.68380251 9031296.8045523 190484.049434739 177037.533017705
438 7924421.5754102 7721912.39019966 190142.551123757 176312.624320946
439 6760468.99727734 6582214.88748154 135299.528029383 123918.498682961
440 13978749.5028109 13650452.1779937 310714.30202427 289054.354361333
441 14904211.6892557 14552503.0519791 348666.263524646 326161.087036898
442 9911908.34606014 9654052.71163082 217231.828451536 200536.656022962
443 7863499.58056043 7665022.57890126 185950.542138595 172377.190855507
444 9875751.85221477 9640652.97691141 225658.000014856 210054.032219468
445 8386421.57677369 8176887.20465183 184405.995928622 170506.876205113
446 11218607.2974661 10983104.0174539 230851.900582844 216262.649612211
447 10293360.5868785 10048834.4632066 183369.676060122 167722.053246147
448 8802479.09908889 8572824.78489493 202608.922186229 187410.571753232
449 10655548.6350694 10361706.4209499 228763.66468556 209949.011996169
450 12809488.2716938 12470424.5114437 290976.537245964 268757.106900933
451 11786613.0797237 11536103.2956613 239810.933525895 223838.455995776
452 10160997.3526703 9940332.55776476 209572.561765798 195429.483665128
453 8351677.58304526 8144180.15660508 160716.706420576 147456.520770583
454 8203703.81822405 8028162.95908967 169179.073047747 157677.686783606
455 10518649.6855455 10223823.9567117 233084.164608941 213853.757717436
456 9689121.82438918 9477426.40197835 197034.312518456 183542.954614989
457 10447835.0217625 10259140.6090454 206871.432237949 195047.351344073
458 12622152.3069259 12332439.4375443 279570.20679224 260778.240287347
459 10113043.2324678 9852050.25280934 197691.314720842 180825.999383528
460 11040605.7090755 10789080.690571 192186.074947121 176950.852622954
461 8539571.66993207 8342806.96778516 167584.221066999 155283.789788707
462 9877958.12090879 9651886.29438137 235064.661424162 220080.908079398
463 10563116.3917022 10321249.5247539 224156.083488079 208400.364895814
464 11732545.4361466 11548643.1642586 224290.032698216 212685.03557566
465 9359202.89357661 9126010.19978491 210683.795426767 195273.510148023
466 11491735.8166825 11187010.9573437 275162.681693872 254850.000046828
467 10888907.5192084 10637385.9382302 216719.602496815 200891.224159424
468 10067698.5596759 9820674.45021358 233892.551916916 217736.494993034
469 13096779.4070793 12679201.1090267 302758.537697787 274966.873602848
470 6973330.80468372 6819431.09064444 171241.24197012 160916.668804035
471 12191510.2629221 11867335.9559137 286155.904343162 265079.973802757
472 11104336.9105478 10867264.556809 224284.961737931 209292.151762948
473 9803263.93649886 9604141.16588192 195683.481407977 182849.150035438
474 11425834.1809538 11143643.3284157 234135.55386148 216603.598605349
475 9038316.08854791 8819194.4080799 199290.372332921 185026.932756916
476 9068072.02322185 8898869.52443581 189651.564218777 178718.896643571
477 8888418.49084303 8691413.56947468 188400.796317963 175639.598744576
478 13211595.766383 12912706.0502005 251235.781815173 232178.693828637
479 13254932.835459 12872344.6474269 270853.141290516 246272.143989592
480 10225301.681089 10010784.6747575 225494.526861177 211496.733502311
481 9805794.16942924 9617019.90524399 192957.294702044 181230.390553565
482 8969944.47137048 8831708.96251606 156981.178621507 148525.760618539
483 9079594.13312797 8922504.75254446 188778.065967399 178747.256543317
484 11092972.8306962 10826433.0622896 217143.641061931 200349.209628232
485 10042201.9127158 9763002.8692736 192189.165342911 174261.18114623
486 9119707.40268327 8929258.23779894 199785.439750422 187447.339893029
487 10011815.1756355 9809304.95133786 199532.60390934 187032.995292267
488 9261405.68296211 9048484.27610627 193312.694323625 179326.029679005
489 10135255.4913046 9893707.62782418 228604.495405118 212649.611687619
490 10879482.2218843 10547165.1473225 222924.578337386 200818.204731378
491 12538103.3250086 12328735.7153816 312812.091125047 298992.598849355
492 6905126.86571648 6751192.15451022 163502.978684322 153221.778313947
493 11362370.0461714 11184248.9135751 260304.70174399 248479.11972244
494 13799980.4042382 13508936.0673696 293139.633942776 274673.077347467
495 12189880.4989954 11906925.0527056 266476.35722272 248205.413723015
496 11526193.2128949 11230279.9680551 266517.91579311 247243.210981386
497 10060468.5101201 9852230.88537254 176944.267873699 163897.208711295
498 14542096.5319987 14171734.3655179 373062.000189306 348776.91362846
499 11732483.5270468 11451791.3278785 270999.771134893 252631.614578246
500 7869929.93813519 7697670.63438359 160186.266209312 149339.728356235
