ID imp_con imp_vac i_con i_vac
1 165411064.340698 164300038.852149 3015430.13794249 2917407.25548153
2 146434787.143715 145660400.190379 2962241.17018259 2896186.55966258
3 194282159.99238 192669879.012523 3205533.20453752 3092326.75851197
4 147867126.575811 146680342.673682 2878243.98125364 2784852.98416486
5 121613854.933536 120634350.031958 2631774.53375382 2545964.73202778
6 161671868.009161 160667172.616025 3114894.41497145 3029864.56549718
7 159811324.694367 158690251.409557 3039277.32343491 2946117.89787421
8 143338204.47474 141336575.969513 2826276.19190219 2671423.19681849
9 111816185.321859 111043906.684557 2098712.53428063 2036666.95543956
10 161768870.976476 160567247.816745 2997830.2670457 2900538.59338296
11 154663335.755508 153631186.101514 3065330.14877786 2975966.72246819
12 160976916.157156 160013922.583606 3118348.35685571 3032312.28428626
13 120462673.030641 119458443.013356 2103325.62397368 2030151.6287679
14 182810666.505696 181367493.90664 3348371.49782722 3236650.11445803
15 148386622.248649 147064133.783857 2972306.69170618 2865068.26316086
16 209782220.911343 206896416.390954 3614536.38359943 3405298.26341484
17 105601384.233603 105077489.20535 2215995.41043003 2171908.54441702
18 158941543.661837 157376426.182604 2911557.27302026 2797459.58566285
19 160105645.266338 159132312.963835 3045711.99824077 2965864.3045671
20 27042061.2820307 27042061.2820307 316626.091411296 316626.091411296
21 37079190.64622 37079190.64622 433905.335344253 433905.335344252
22 114624908.311902 113773114.959967 2358073.32076542 2286715.25911652
23 160686554.460277 159772949.749488 3069989.65028801 2991306.10771227
24 152937823.249874 151898130.611158 2958934.64842794 2875505.95059277
25 149508150.204372 148419997.158391 2994857.32307957 2902690.73568755
26 136067213.812624 135118605.425199 2753513.07908957 2672457.71454508
27 175981438.889986 174287229.621031 3353609.95670901 3214512.73768484
28 79567682.5602941 79315218.9936958 1157114.71112905 1141633.25695587
29 154935827.366831 153889966.337194 3082717.18226091 2987079.54650557
30 124001355.436702 123268565.671765 2059234.27093071 2009153.76092624
31 144777905.243298 143985514.118798 3444522.17532327 3362529.01866286
32 107484839.449095 107045407.112903 1904766.07511619 1871665.28509913
33 159867800.223445 158291609.601762 2636279.77311979 2529434.29816893
34 127551489.653936 126459605.960408 2801324.15981197 2703679.88875634
35 133523209.413761 132933089.759244 2839545.34065051 2786931.12868356
36 156930511.084156 155398717.05231 2927537.85786593 2808819.78039748
37 118946114.197233 118478877.101029 2513791.85338164 2470341.77797184
38 167929211.197813 166880764.180309 3175125.85376225 3085622.85075532
39 182784684.969305 181297568.514052 3278437.91385913 3163051.94133848
40 167184574.43015 166135436.836312 3203250.36546562 3113285.95097872
41 170640411.174454 168873263.37128 3275957.3994308 3126389.61307044
42 135082826.749007 134315666.156106 3002593.5459717 2928531.33298185
43 125744790.981912 124999063.185854 2890077.11173425 2819177.99882777
44 156374685.045115 154942848.622578 3045161.48717578 2928257.66300947
45 163970453.376677 162625442.100555 3062959.91165094 2959489.91388005
46 38868470.4440504 38868470.4440504 442936.911289247 442936.911289246
47 98353754.431004 97937369.7417679 2259329.30420911 2218175.4856404
48 106987558.209667 106257993.738913 2111470.16725195 2054806.81970948
49 156436314.719165 155443651.460524 3165608.75223836 3077202.39922296
50 205444988.931976 202166543.045337 3631203.22187333 3388926.67654117
51 133753867.248803 133003256.741846 3171389.43936593 3098797.08095202
52 121065668.430387 120523571.699863 2774398.15084652 2720164.42564459
53 161191283.063925 159642346.114227 3161686.73356624 3034408.75682606
54 121101799.098473 120423592.006595 1804691.54704996 1761153.8927765
55 144945024.233574 143823567.862294 2707664.40978682 2619116.71729496
56 170122940.673118 168908068.563286 3143363.72536501 3046744.09756687
57 112738053.37186 112123633.116786 2391827.00665183 2336845.04431927
58 166581094.023911 164971186.016214 2961334.51817522 2844769.39032706
59 124451366.386609 123850915.860965 2420009.55235464 2365026.31871177
60 161671240.074831 159886579.878401 3077913.02600609 2940591.52091146
61 148040254.056017 146294177.942218 2843639.68774936 2709483.82086554
62 166134150.634401 164826233.299828 3058438.48298675 2956614.13817476
63 138835918.619414 137953509.547228 2963035.6621296 2882843.52079695
64 160527173.41311 159175915.039806 3113690.94399162 3000728.63713753
65 156054434.929104 155122740.978656 3117445.08361648 3033288.76579792
66 38268414.180582 38268414.180582 368514.103401121 368514.103401121
67 161910044.02081 160431418.349937 3201368.11722511 3073503.14830828
68 171317536.26551 168904823.744712 3178799.87572522 3000766.10595101
69 139872153.146691 139020900.732391 2876479.41106459 2800180.01685328
70 148044066.990333 147175531.091824 2609157.89987809 2542622.45749299
71 184936025.320382 183727260.198278 3290872.20044293 3192505.74123146
72 129832417.803766 128963818.294164 2459508.65177974 2387008.26557517
73 224800065.544332 223252356.676508 3707747.94566426 3590097.77329556
74 63265623.7589437 63171752.4941646 1308019.80845568 1299621.65601254
75 152710409.203941 151333112.844754 2927418.37587723 2817263.15706861
76 176939722.527075 175068790.749826 3286075.59617864 3139453.17216529
77 138049212.559723 136959838.938696 2443698.53665851 2363773.52942286
78 112612081.236206 112055628.882821 2448153.41285861 2398057.16659246
79 204180031.425959 201736662.003118 3363447.48884835 3194251.62642511
80 145335646.348709 144137917.011805 2853613.46348117 2750761.07845598
81 154641430.316371 153069137.286 2809716.79397639 2694736.54525774
82 209007908.789558 206836252.901901 3570952.10300534 3404072.34313943
83 131596607.022655 130339505.074979 2545511.47101284 2446789.53353116
84 152301518.147978 150885016.198462 3036256.42261042 2919165.54081767
85 127783779.959897 127039475.087802 3000482.29551204 2929051.02927651
86 137799386.757417 137076624.777213 2624216.19472178 2562965.31413066
87 172908773.769771 171486945.038647 2983629.66740067 2878562.6229332
88 236779898.110403 234237490.307182 3883731.98190687 3699005.52744862
89 131484689.031794 130723687.393485 2538577.34236311 2475706.66862008
90 128728576.300276 128002170.527937 2852508.81781018 2780600.99114304
91 190617940.109259 188953963.046927 3223024.00855427 3106452.09454292
92 182961136.771399 181581241.045143 3255427.7164279 3148920.65210631
93 104415814.201349 104021250.306539 2039735.49364144 2005563.12897999
94 130798127.68356 129927937.407793 2621786.35563583 2546593.69466511
95 153056303.270557 151547580.888961 2991521.77224821 2869934.20913512
96 120811987.673243 120243167.813325 2363431.32789451 2312785.6023956
97 164558798.227723 163317413.932669 3081259.0481544 2984525.50148495
98 150769194.250517 149275370.431106 2985638.07552886 2859864.66321929
99 169496246.685669 168275494.685978 3097546.74465973 2998333.14843327
100 226231751.008099 223539111.94672 3591365.06043456 3399029.48808757
101 180094853.375708 178833938.299276 3250305.17432741 3150925.90515759
102 148421730.322795 147249595.871541 3057467.95606272 2956775.59898512
103 198343246.727581 195427947.414535 3407558.48692705 3214627.42885955
104 145368050.608636 144209114.413241 2597830.1740519 2512954.00046101
105 132202919.185963 131755529.80242 2474536.42643931 2435304.07123824
106 204061145.5243 202513760.136581 3490003.15981184 3364445.25875599
107 150522945.081842 149337477.611084 2938062.64519448 2846199.97674467
108 165464952.630524 164195257.34576 3168700.75903192 3067452.01289825
109 177006231.675116 176021708.673841 3273921.07304162 3183863.19966132
110 152703789.531368 151712496.605695 3031035.04717738 2937501.8082798
111 110888715.365236 110270109.227184 2003357.73756199 1955733.14649736
112 181173454.381767 177840747.66758 3232657.67982589 3001118.10487718
113 160455374.188231 158598209.253169 3144135.06622737 3005381.21808171
114 137406658.319427 136571457.756759 2540317.91393353 2473581.08291131
115 169642297.413943 167963637.983001 3209586.88059197 3070470.25551644
116 158483970.430743 156993268.454389 2826756.33115746 2717861.21481556
117 125192830.878365 124442455.509417 2642468.49702015 2577988.01336344
118 142214352.74724 141404850.037375 2907806.3488124 2836290.70806102
119 135774779.493314 134936983.53969 2798065.40377252 2722874.54575559
120 137767332.655815 136985193.987788 2647033.90654467 2580948.28555626
121 157453123.288267 156725109.059346 2942835.0771466 2879296.85004159
122 166019353.011828 164643119.805256 3104376.26294459 2990585.37462801
123 115492520.455739 114864006.783364 2530035.54643979 2468319.94191382
124 145905823.789004 144680025.545571 3017281.02775664 2914559.26937066
125 124578169.655484 123989052.771791 1983631.33277074 1941691.11758113
126 163935750.934817 162884227.511347 3009470.53471882 2924998.10328101
127 126806509.962964 125539646.8742 2297887.8972506 2204559.72050261
128 128176735.462282 127337311.397929 2316723.55151187 2252416.67642513
129 203289643.912115 201839308.958093 3365497.78945733 3259379.94504904
130 143434786.742303 142117032.670692 2827843.60995345 2717745.77110681
131 150348257.669741 149074070.006114 3127626.36169752 3014661.23364329
132 162784257.389731 161405001.321141 3367516.66833091 3237993.94056279
133 150485696.484086 148845068.575495 2830022.27567858 2705410.79634285
134 158040274.96951 157121068.181329 3012801.12306998 2933916.21379114
135 166133133.34903 164442388.113123 3170128.02756048 3037431.54612968
136 148136208.778746 147237142.506727 3026936.82746493 2943636.35973496
137 140603945.881387 139427238.436506 2578757.31830319 2492403.60639933
138 145978498.891849 144993372.003413 3198891.87700727 3099070.89881214
139 158133838.798325 157134484.806609 3090997.83555657 3004304.14824544
140 168058338.234902 166908007.287462 3198475.82036187 3101804.72141343
141 114496046.421748 113988530.230157 2121107.49476681 2078903.7101025
142 88996352.6550992 88703229.3176266 1676377.89502949 1651705.43551887
143 152597457.741908 151626955.685632 2902495.86177897 2820483.08828054
144 138694380.794173 137333569.054948 2852268.51009951 2739114.33298858
145 159921931.750053 158789332.145041 3214125.41004609 3118126.97584979
146 76462861.7885536 76295874.2861877 1698719.08320961 1681746.84992141
147 161778601.393478 160196193.951659 3042072.10169932 2919560.87576259
148 109294174.764797 108714291.693643 2285480.50045455 2236685.89101384
149 172303490.297454 171188567.558541 3162933.91175311 3069059.65465818
150 137153237.765263 136083440.153788 2939731.3923417 2840186.75395978
151 148252079.317277 147354852.496875 2997904.33882096 2918136.21153921
152 189332323.028441 186982242.917942 3204829.8246404 3048535.27075011
153 125355102.663912 124751639.694922 3177994.16002896 3117373.77872904
154 155174750.238556 153578503.2773 3091108.6488568 2962456.72883127
155 186838985.000023 185435551.291166 3218534.12949151 3111726.74781465
156 181642111.386697 179796783.536709 3314435.82228254 3179527.18655707
157 206343906.962191 203864328.37543 3370452.31023328 3210647.49373903
158 117039514.489709 116606346.763289 2387122.32460496 2346931.38406481
159 160572257.148162 159145467.967002 3242490.28569485 3121462.1489569
160 142481995.37671 141540828.485491 2577784.19403898 2505857.57001013
161 111949314.324201 111380190.695331 2626297.7731539 2572283.44742839
162 137146593.473387 136430730.44446 2988336.24098097 2921493.42391027
163 161872203.020285 160758678.299773 3258503.3370497 3159324.82624077
164 182826249.282214 180667970.970666 3321320.4062873 3151791.92978271
165 130557004.485139 129625966.239181 2196192.40185798 2133275.33165922
166 80504075.369676 80325235.2733661 1555857.63675808 1540494.70933711
167 146906357.27932 145747950.671657 2920866.06878077 2824252.23336175
168 95550764.7858083 95202201.1530751 1743943.40230623 1717096.30117765
169 199173977.704764 197584734.891264 3446102.43685601 3327753.14887202
170 175346559.168778 174444012.320729 3185906.69600639 3106374.35416998
171 154370041.077175 152990856.56079 3134104.91730511 3020160.85877354
172 124924596.85074 124420710.042318 2364873.28453828 2324193.65010004
173 136869633.30182 136030741.570885 2764162.4290351 2691221.50399062
174 147100159.768905 146070726.0755 2664870.59310125 2585981.22995661
175 198993393.2968 197904270.244277 3433424.7651457 3343268.41884578
176 153874309.040483 152676541.251442 3245366.41064223 3136475.38932225
177 165857063.703755 164927724.805792 3073475.11947008 2991219.89314931
178 160184443.207815 158803711.323751 3043779.65305237 2930531.72553359
179 109731320.189212 109300769.49255 2491915.64583088 2452073.50125091
180 139630697.837285 138433959.953883 2523239.29403943 2437128.80880543
181 94277924.8926401 93794662.9093697 1702290.87192288 1665171.47927421
182 159979434.409397 158562349.255661 3089503.85319118 2971664.33126605
183 163961279.837053 162368872.558795 2994776.93596817 2875581.80821688
184 108657246.38204 108302680.686269 2136988.04480798 2105522.16496811
185 125101330.604361 124225531.679082 2497372.30302077 2424639.61986756
186 153595116.299663 152222428.92676 3117696.51477447 2994432.60084371
187 29966862.8684473 29966862.8684473 341932.88244258 341932.882442579
188 133280342.446145 132260987.201331 2969688.40429271 2873883.68611355
189 200107678.141155 197900330.835984 3677164.59410304 3499454.36915848
190 141910579.432594 140929764.619308 2891393.18219456 2807799.51679676
191 126452639.183318 125824238.964111 2694365.62399566 2633126.92536772
192 83162457.0670576 82987191.0988263 1473858.03106081 1459888.17645232
193 177496290.854087 176054457.170443 3205689.11041937 3090688.82798211
194 145302956.323485 144268662.898623 3140463.1226968 3045439.98210314
195 129453313.210381 128661697.34729 3071057.33230417 2991662.45136049
196 113128427.37602 112550934.126573 2528443.56241248 2474375.89629017
197 184035927.541153 181401194.961419 3273132.4258675 3086180.33300822
198 127074816.873527 126426672.646812 3121828.54628172 3054025.18529675
199 140280885.580848 139334405.604559 2910631.26611607 2829814.8800287
200 138866126.557647 137415199.198599 2825920.87602592 2707335.54946006
201 154547747.345374 153757323.399514 3017881.79015469 2947936.54141375
202 179007085.406384 177343625.926521 3092460.74366966 2971466.53774032
203 109133208.178185 108758981.761429 2066220.88276223 2035750.71935199
204 169595634.624027 168164089.871636 3248919.09868715 3134218.95770686
205 158667047.519228 157129311.010726 3120950.88717277 2993369.66218493
206 154767862.559683 153311467.457231 3071032.77279134 2950914.98578828
207 107600700.903588 107105189.472486 1848512.91304647 1813623.61319863
208 138237772.093807 137346228.579169 2738129.07515379 2665300.87809644
209 186404218.807032 185118508.76494 3191394.11526875 3091525.41005292
210 155313460.044281 154149995.271913 3123385.2862281 3024267.67442261
211 99423301.2698131 98858496.9355836 2060199.51117872 2012674.26778578
212 168016832.458823 166764120.867286 2995724.19974284 2901610.48908611
213 169702521.718264 168334211.633664 3303451.54694245 3193453.47416439
214 159097536.000013 158214851.614547 2986906.89216148 2913572.25832483
215 123348505.555073 122307705.743472 2356784.98021982 2274732.95901729
216 157971105.89933 156503038.909638 3075184.57742597 2956473.60044662
217 168016786.477518 166006022.348293 3041033.66014007 2900309.68811356
218 141213417.705669 139652099.834669 2731336.5043454 2610946.12798395
219 143497350.277055 141965823.244376 2508577.72780936 2399095.46428035
220 39780244.4674794 39780244.462681 473365.808736055 473365.808506518
221 158003009.807585 157362856.440599 3049647.09239756 2991409.28554855
222 157200505.216218 155280818.12853 3184334.5204566 3028138.70396111
223 201094370.275211 199529508.499594 3471884.32464453 3347507.10233402
224 130307776.723703 129517171.746518 2430198.26976836 2370033.14785547
225 126878277.784733 125910843.769555 2405713.32923325 2330861.13088488
226 64729574.1898687 64361123.4193418 1973763.48454688 1931797.82374261
227 107177725.181366 106699048.666359 1836694.21651268 1802771.39937269
228 149725330.586893 148289464.875846 3071045.86230819 2951756.22545879
229 137787048.026003 136926878.439758 2839267.38077323 2761139.71719077
230 190800770.824317 188621070.623654 3406846.04839335 3246524.96120324
231 164026570.147901 162587779.533191 3125268.57679352 3008541.79760776
232 131703860.990022 130753577.888926 2451303.30716837 2378666.96382914
233 150479045.251977 149257165.805455 3266679.38121921 3154708.8833194
234 135192913.029788 134620249.288366 2792822.54312671 2739640.19460718
235 121314373.867268 120617534.207903 2492495.07755046 2433337.95714108
236 167726369.096361 165793899.732272 3038089.4273951 2893825.34349699
237 129096102.55588 128224177.876781 2200199.83323667 2138442.44020744
238 186274504.369655 184931116.621893 3285618.97598983 3180259.00637443
239 108509850.689189 107748147.821458 1863819.82368418 1811338.60201052
240 127637675.803007 126559177.802099 2479561.3065036 2393302.52206517
241 133160206.834667 132172603.237656 2904775.15499143 2817765.80266915
242 145629560.076984 144141271.622473 2662448.15266044 2554974.19918102
243 130980880.240139 130342573.9157 3217788.42584346 3150296.42395693
244 181577534.685682 179308331.751686 3297198.68975762 3123982.89327436
245 210257262.698405 207779051.8949 3567453.58658159 3387475.7815337
246 16830493.5614392 16830493.5614392 202901.520567791 202901.52056779
247 176021509.784855 174812168.623741 3319961.71373981 3216563.53229482
248 115277721.808347 114603019.461711 2422761.0074931 2363758.81971777
249 183557923.525067 181303057.943197 3214373.48904011 3061053.65192199
250 137998491.356648 136881230.545009 2656105.24049877 2570542.22735183
251 133246872.0935 132338816.697872 2394126.12011451 2328897.99635067
252 142435040.376662 141713635.39395 2986616.35317405 2922191.63104031
253 159297624.199877 158659044.380082 3177743.30612469 3117491.00335591
254 127209777.520208 126330974.167608 2719194.39166707 2640263.64078118
255 178864522.396221 177157694.456566 3092461.32924101 2968828.13579146
256 140445463.197383 139742937.532756 2872214.7241286 2808560.98432214
257 154080585.442127 152420460.217946 2815976.70802059 2691734.76896015
258 130733526.463809 129880295.961952 2782676.71393951 2709996.95669154
259 189789344.18184 188174648.987791 3338681.11741469 3216790.65011645
260 163276053.021733 161994127.513887 3238364.40609696 3128300.45766889
261 203761949.853835 201716728.267938 3424626.45321333 3278246.10691575
262 141773989.947586 140870786.584966 2526659.9065528 2457186.61296971
263 117667308.419544 116905586.750003 2381039.4203721 2317394.90155321
264 175502730.01526 173648201.765304 3267953.90524463 3129917.16063714
265 157397857.958838 155910090.499294 3154296.73378165 3031383.05878948
266 153269487.882544 151506414.154023 2841337.08211635 2709802.28693349
267 174262783.228458 173231862.794857 3273732.22440052 3183408.4882915
268 144813000.82892 143997674.800082 2956748.00127965 2884241.40410956
269 154075913.63118 152786731.47362 2836186.81210183 2735884.17081518
270 159123148.787721 157865751.22987 3013761.7546392 2912703.5674055
271 184937147.851624 182958569.231871 3313616.77541059 3163736.08498561
272 149337368.574689 148218828.760795 2964478.34525637 2872662.96824891
273 205316521.046918 202499643.830176 3552827.44810878 3349793.0738538
274 164150977.360915 162776869.940624 3123466.88429827 3007393.30829887
275 135705872.963289 134864742.368387 2447283.90945126 2381036.07356202
276 165772666.539227 164242838.418816 2958496.10978269 2842558.0062682
277 96053639.8518645 95544418.9179118 1917957.90228044 1876694.27948744
278 143741030.043463 142037079.34337 2592678.54962896 2466001.19179103
279 143850846.982458 142458406.952072 2518399.94829922 2415792.36765068
280 134318999.737909 133205317.016581 2620948.98814918 2534590.0064818
281 133770042.243728 132482931.67966 2333368.39216786 2242635.30780094
282 172918791.113345 171299261.194002 3021155.34329432 2901184.16409137
283 127544781.75911 126966135.511577 2704784.65172939 2652145.66998739
284 98848359.6915597 98509730.7920522 2173439.10112366 2140599.9829884
285 136854486.546833 136002412.520139 2911895.48004834 2835577.54112026
286 108504912.102248 107935472.984352 2208355.32826253 2161225.02925187
287 156749335.494116 155130864.702412 2876943.71563616 2750370.19765849
288 151508609.494315 150540988.762617 3095256.35015911 3010052.046706
289 179118642.234345 177805062.84536 3314376.57279253 3198966.59497265
290 130871611.724844 130132757.31518 2585714.24577119 2522391.38995704
291 72787301.4565696 72500220.2580263 1238299.35786729 1216648.49939139
292 184000067.328069 182498655.201346 3205297.94730734 3087262.46266045
293 177410364.108163 176397041.713243 3306976.4259522 3223507.92653475
294 109279410.279588 108641836.631603 2051602.94648343 2001435.94176357
295 130786788.978477 129856283.492829 2618852.73582576 2543277.63283433
296 150266944.840951 148914254.982924 2862052.6605165 2759419.8315456
297 172246896.168801 170867077.071431 3185306.23635708 3078186.04998396
298 149277678.404752 148301200.625345 2906518.03349751 2825870.44870757
299 133637661.166282 132797786.700943 3254159.28145227 3169397.34849111
300 166333761.514866 165133191.681088 2986925.41615167 2895147.86649761
301 100504488.580565 100182804.005559 1713329.51510827 1689943.09735081
302 108837190.25934 108090191.269829 2316117.92714699 2250170.80257616
303 126642669.468097 125864992.664767 2556209.8651825 2491356.26936172
304 156056245.994233 155113632.726237 2871693.75860901 2797794.56407181
305 56868881.6435727 56703019.0478452 1205740.33277905 1190503.56693015
306 118290744.910313 117521548.426013 2527502.62921852 2458804.27082002
307 166676143.06697 165052846.158604 3169030.79955123 3041135.3669373
308 139005745.317699 138308595.184135 2764705.5704969 2703313.50339873
309 178995767.86073 177822074.468702 3150531.14254265 3061765.07121051
310 108758351.643238 108115922.133092 1915935.90232945 1870156.45322628
311 185700819.722825 183571614.581297 3409479.04563038 3251741.4120848
312 151325509.259422 150400463.733442 2968325.44184348 2887872.13249765
313 126259580.601455 125377200.028076 3067424.18727017 2976290.05103944
314 186623200.48367 185399294.952235 3264479.43343976 3164954.70958727
315 150262780.56023 149405999.634593 3062953.52514977 2986201.88688726
316 169197026.131794 167748305.498229 2834744.21926328 2728316.40588718
317 109628099.923264 108963189.358995 2502571.99480081 2439961.48512594
318 185031291.232394 183031356.23814 3254653.47145886 3113229.95581832
319 144361764.44914 143394517.361935 3204329.70423689 3110778.64944978
320 102615833.239534 101858439.915278 2079903.54458752 2019428.44200571
321 138295415.99094 137195214.655085 2858882.53566518 2763263.80837733
322 127930890.876828 126806222.876408 2288641.50058934 2205945.01735709
323 141637807.364383 140839784.254546 2890536.10213103 2820593.44408984
324 151510616.295607 150663644.189768 3043393.18697386 2968039.16497827
325 158693846.332337 157125928.17186 2940917.98206738 2822995.77096536
326 148207080.226895 147034083.240814 2953473.0480437 2850366.52585506
327 132514163.052181 131765245.95388 3101592.19502729 3022260.45270191
328 159992402.738086 159083150.324243 3180706.05159113 3102733.47855367
329 98195144.8451265 97731543.2810981 1779604.69631145 1744872.10035384
330 107879155.259163 107448721.14796 1801336.48668959 1769920.1913061
331 186375773.083127 184033665.940897 3132869.20241195 2966089.37185195
332 111276088.444079 110518957.438085 1942179.13253531 1887883.52979781
333 124333220.733546 123468655.420736 2283311.82345842 2218963.26570353
334 190639075.781951 189035255.802179 3312663.00392182 3188225.2331309
335 149920982.325221 149054375.347221 2751327.96024863 2682551.46681414
336 114436622.47554 114001802.191578 2120742.30541669 2086792.44599481
337 221364944.281465 219163163.255297 3587988.72745033 3424453.35783102
338 202184854.564833 201005283.739837 3343617.21340451 3253937.25550096
339 114803174.272375 114036941.982559 2144946.9772104 2087899.78129677
340 149541845.077352 148305240.939372 2779839.16822699 2679573.72601114
341 100031199.047956 99486213.0586469 1841951.46105179 1799326.19120016
342 164284813.418761 163026833.707161 3094472.72358795 2992550.06963458
343 110361460.399235 109911509.169102 2379127.46084127 2337241.93705964
344 164987524.414436 163148258.581798 3107993.85402149 2965663.72262714
345 41358370.8341391 41358370.8341391 466809.72595935 466809.725959351
346 156139449.118833 155018323.257352 2918209.6093463 2826385.43504005
347 66352992.4457547 66168608.604474 1013170.33691821 1000688.42746
348 117547135.247373 116613658.629905 1876291.14054325 1814590.67654047
349 94785556.7129029 94327747.8795898 1807434.61632835 1770763.27364574
350 129038168.17049 128220953.61413 3334980.74455571 3246254.68128315
351 103609865.597002 103085908.434722 2117623.94983804 2072873.847146
352 170989080.123995 169016214.433769 3139672.29517681 2992827.92103741
353 168682173.968919 167110446.148434 3189205.60540255 3070305.77170816
354 192239751.599093 190879244.48779 3342072.24590217 3237601.95558879
355 122240002.841787 121494096.249674 2237462.32286554 2180410.82181444
356 141965214.397112 140913621.376979 2861843.58786714 2772545.03176309
357 148866865.260143 148127687.6273 3105356.2206793 3039635.92726328
358 168706538.841952 167206894.095515 3057996.59412471 2946108.79449466
359 149451066.549363 148108830.500209 3033669.74788114 2921772.60656167
360 130038956.599612 129409592.821231 2481847.77340948 2426235.72164569
361 177468590.051775 175155025.426569 3203023.19247111 3030161.21156423
362 109784768.149558 109166930.451415 1953618.86797032 1907985.98837312
363 84236764.7808485 83850604.1180889 1509562.77527041 1480628.1926305
364 153319697.538415 152235084.423978 3022086.88996021 2933055.09792803
365 159231989.339994 158171961.965282 3063988.97108894 2975987.60946978
366 69566433.5734376 69464799.7394407 1340300.16171189 1331226.59307298
367 190776089.189025 188652445.815761 3333317.91206009 3181166.39080826
368 131788999.947909 130851219.359801 2549799.86349561 2471225.95180072
369 178976648.907072 177685051.784641 3284553.25426243 3178640.63862045
370 163333115.606395 161529190.012805 3091591.00773428 2951510.29422151
371 121022778.499355 120338263.250371 2416700.8600812 2359707.80412807
372 106459104.258553 105817410.886906 1887568.52645491 1842758.06799807
373 144700076.530431 143593640.361999 2826723.43060599 2738597.4998887
374 133463609.68169 132410758.574631 2656411.19673794 2572616.42122456
375 196681583.22519 194603716.792891 3389804.82921746 3240564.30905345
376 140239467.23017 139134930.741199 2734751.37510342 2647181.83562958
377 146390233.94653 145286590.475729 3171570.7020703 3069414.05117781
378 141705757.806249 140720561.957476 2910585.66415511 2825041.27951593
379 165042703.841632 163992309.84342 3036342.29650098 2954217.78931918
380 117781166.998325 117061208.855223 2157600.05702552 2102922.08237358
381 181042065.683487 179347763.896413 3133979.55218127 3014177.49077588
382 160255541.284429 159298433.113313 3087231.0523503 3006390.8739469
383 168886325.639519 167622564.303491 3048888.54453342 2954971.7660601
384 139534130.506315 138828651.504139 2989395.43883361 2924198.33731021
385 39741891.881144 39741891.881144 431323.636477471 431323.636477471
386 143853984.199391 142667673.326063 2680375.84216054 2593210.58530795
387 135074094.282443 134051441.152921 3037629.71188991 2940428.18982371
388 193867032.601593 191079479.140333 3355906.98311983 3172431.18697614
389 136479204.467825 135096362.718191 2564627.09125734 2461984.67460153
390 119732433.557581 119076102.521434 2533574.0489838 2470185.58981111
391 134588698.436368 133544416.066335 2685733.87487606 2602683.12946273
392 79955134.0811135 79715970.8905006 1381963.94577492 1364319.57302763
393 147455489.372637 146299233.016123 3086160.29384277 2981094.46247636
394 111801663.538278 111271645.522744 2722431.27685503 2671427.56288284
395 188807405.660512 187586133.760133 3256884.69365761 3162504.27913219
396 162426212.115386 160310731.065665 2996952.13766473 2839436.14237875
397 162410709.323801 161640602.256074 3105275.17525556 3037920.01619379
398 30136740.1575491 30136740.1575491 364301.407031732 364301.407031732
399 122399387.068425 121450638.908873 2295339.40066955 2218399.78800385
400 159484119.925934 158319338.621027 3198131.9957163 3093168.10953786
401 174384530.629806 173320092.549737 3124950.76300884 3038893.85059561
402 175658623.39148 174246100.665953 3228485.16489527 3117501.81914748
403 154267644.576607 153598683.379841 2947718.57348817 2890181.95098994
404 82784479.4758607 82489839.7094061 1526427.82151967 1504027.10056758
405 164569130.787436 162388874.752759 2898766.45560875 2747286.34692346
406 192769786.693843 191689133.896125 3470500.34224386 3380438.11185065
407 94895311.7479683 94480982.2578831 1792003.11688981 1759145.9044403
408 169446293.917431 168079080.035717 3189457.01475456 3078934.06704212
409 139268783.381791 138588737.178997 3042059.49091769 2974194.99792887
410 127093972.335361 126147470.418417 2521092.81837777 2441067.62616644
411 107122923.27227 106735314.741868 2060575.53923345 2028426.54552354
412 130559940.934881 129830834.164023 2751703.93578003 2686834.77355088
413 148420417.624028 147382579.035973 3112802.23504337 3020129.83819085
414 159747885.066212 158440002.112593 2902999.30686715 2802005.18671517
415 204154899.538557 202188690.802618 3656742.21141138 3492802.57755016
416 188086012.333002 186638012.572838 3280476.85781279 3172031.18367472
417 129810767.992656 129089479.759914 2987386.48792366 2916493.42654876
418 121588708.997993 120894130.593868 2086954.77168974 2038461.63771571
419 159806580.905248 158786648.661862 3080071.35701431 2995414.9388857
420 150763200.769091 150084674.675705 3138381.79711624 3072311.90553654
421 95640083.9383782 95295215.8909898 1921518.84262813 1891362.4918081
422 66546517.2831045 66405915.4497061 1177178.14953363 1166017.08132146
423 170877876.041874 169496692.763633 3099903.85858291 2991827.62750108
424 162435663.235922 160198304.904924 2805700.39127424 2646531.4342299
425 169171919.7233 167685753.594807 3084641.65031936 2974743.63436877
426 183596905.951777 181414170.184226 3220855.75889729 3054213.10672996
427 150728001.961988 149417987.817047 2942191.29027899 2836961.17086521
428 148059892.362173 146890354.923018 3132605.32218789 3020606.12851844
429 122036131.329391 121419968.122601 2862174.46226442 2804139.82511421
430 135264343.587074 133836502.262776 2662520.72131681 2552310.45321495
431 110942890.095945 110492378.245714 2065307.39996466 2028504.86220154
432 116220008.816625 115313588.704852 2374718.48923883 2301188.90387732
433 140391908.558384 139247148.413683 2483194.67303323 2401514.8065296
434 100686590.30376 100090840.784643 1982306.16396979 1934816.78318597
435 121297577.254168 120680882.275999 2310466.07396395 2263472.72611594
436 159630907.169173 158115531.425314 3055190.22340211 2937447.28067869
437 137577806.724885 136764926.789049 3017919.21820258 2940991.24404954
438 134579454.628468 134001558.250664 3046058.4009041 2987460.2091417
439 165227907.764897 163892172.953128 3166311.33082878 3054322.08555877
440 96172351.1825875 95456995.6307382 1762889.62094787 1711447.04323675
441 153638745.224803 152929206.860963 3056295.3527435 2991433.02332048
442 146132047.999927 144773662.306151 2720070.38944416 2617102.43857534
443 125286982.329409 124210548.828533 2438148.93810022 2353267.39566999
444 171021818.887762 169997070.629933 3289014.50056625 3198277.79351238
445 157111760.164021 155677382.596412 2912952.3582596 2799625.86566605
446 157606715.957923 156131278.830401 2976198.27037232 2864867.74687731
447 159617659.688943 158383199.877818 3047854.64132443 2945653.90083414
448 138376619.808383 136981070.506977 2668950.38248296 2560725.44565464
449 217616451.752461 215121432.591855 3723384.70930323 3531294.73587415
450 146155579.393083 145134905.920622 3099143.49912109 3004350.14058482
451 171247359.86458 169743501.00664 3121340.51221844 3006468.06027875
452 107156539.531276 106556214.607788 2256860.02640618 2203918.26647367
453 125855227.147092 125132271.615297 2381043.19775392 2321052.95098573
454 114048990.908894 113447820.462227 2893771.48929082 2829968.67038296
455 125650642.234702 124629319.041813 2348589.08162599 2270172.74738968
456 168553981.798351 166905781.524023 3244755.4491454 3103375.52237845
457 107878246.90712 107471615.418588 1806008.92666502 1775928.53212196
458 109301484.385082 108759197.844638 1962693.90831474 1921339.76198053
459 152863786.193285 150725297.72137 2887565.87874444 2727644.29571015
460 198039312.745764 196392407.316034 3486848.36714798 3362018.210479
461 128161156.293054 127382942.195949 2529508.09862747 2465858.60581446
462 152844992.932989 151793723.097923 3101907.66956933 3008702.60663852
463 140776727.360488 140020001.675412 3078506.22109378 3004541.93214623
464 119622920.672377 118598504.151003 2487982.5806574 2404015.90539064
465 140096752.485231 139062035.842027 2872480.72960522 2787479.95000777
466 120519630.705083 119652382.038381 2589785.31957417 2511450.47035968
467 209169437.47221 207843438.398074 3613523.75774979 3502483.72074954
468 148140860.525829 147231017.40559 3121859.46445677 3037394.77626229
469 117799537.75828 117192886.047332 1992322.36263401 1948677.44021334
470 131015624.961471 130396690.573985 2865902.68902559 2807319.74870356
471 148593835.660151 147894308.026072 3303464.24798994 3231266.73032856
472 191585606.564391 190229166.370169 3301566.27265176 3194382.54121242
473 153010538.612673 152045524.252679 3041832.98589322 2957423.05415844
474 146255520.461473 145521516.840431 2965958.75538137 2894913.45667215
475 194283775.408287 192704036.495336 3343377.27861 3226244.68951943
476 154354090.61462 153335421.926229 2956223.79137475 2872198.61891869
477 163254151.329136 161560565.080801 3066675.25848564 2936155.6659187
478 75821066.3519155 75587669.7511679 1427108.81632717 1406732.57617355
479 121893509.723165 120562098.333863 2575400.18111244 2463267.65782277
480 25225013.175513 25225013.175513 292592.953913688 292592.953913688
481 153806692.524386 153025562.942727 2963440.6855394 2898958.94236491
482 158475633.551514 156739480.554119 2882763.33674701 2759503.25920499
483 138844553.357253 137535827.625466 2851820.93061586 2745538.62045384
484 104897686.630667 104356701.626849 2078088.53697447 2033428.1818137
485 119324531.926657 118684643.205885 2873288.25626328 2807541.01646797
486 126863136.147311 126014449.900029 2669256.89228045 2595376.075188
487 118015994.223821 117433645.034945 2987483.73226516 2927619.5462538
488 154983414.340723 153495356.705992 3074398.78377837 2954733.12451957
489 162761800.093985 161467986.304118 2943024.97616792 2841119.4618217
490 152174406.429199 151489385.930326 2769592.52755946 2712584.63927352
491 102769910.633835 102227044.956626 2038515.48747146 1994189.37582086
492 82212634.0267407 81841923.192387 1371930.08673914 1347058.96687918
493 158520290.017098 157177990.509705 2886917.53130246 2781898.27837288
494 98409656.3365561 97918017.5138786 1973650.73755643 1930534.10903692
495 203351870.044351 201594367.781855 3505959.65872686 3376325.08936144
496 134704652.533547 133490490.564294 2577701.80612249 2486059.98387261
497 113078729.22163 112217045.560522 2224626.73937637 2155731.18152404
498 135627391.594082 134647957.341149 2922984.67528168 2835438.86674631
499 125279978.999366 124461749.475811 2560440.10701367 2492509.64777493
500 175568730.155178 173841588.977736 3300334.24621962 3170244.29739781
