ID imp_con imp_vac i_con i_vac
1 165411064.340698 163612621.963151 3015430.13794249 2888712.11165752
2 146434787.143715 145652235.549423 2962241.17018259 2900633.03094148
3 194282159.99238 193024588.269036 3205533.20453752 3117126.78776881
4 147867126.575811 147022618.464504 2878243.98125364 2815683.50145109
5 121613854.933536 120542384.09998 2631774.53375382 2543294.89644185
6 161671868.009161 160193008.577144 3114894.41497145 3008082.36659415
7 159811324.694367 158750640.541981 3039277.32343491 2960594.16953871
8 143338204.47474 142333012.9886 2826276.19190219 2751024.79569554
9 111816185.321859 111096440.837416 2098712.53428063 2046522.85685175
10 161768870.976476 160301687.340139 2997830.2670457 2888193.3052782
11 154663335.755508 153613844.224511 3065330.14877786 2986241.46561906
12 160976916.157156 159480774.727879 3118348.35685571 3004731.94859124
13 120462673.030641 119985376.283723 2103325.62397368 2068241.04969794
14 182810666.505696 181385957.97453 3348371.49782722 3244338.80236506
15 148386622.248649 147209869.520694 2972306.69170618 2881368.21750373
16 209782220.911343 207244808.521414 3614536.38359943 3437725.92074297
17 105601384.233603 105038511.228229 2215995.41043003 2172634.20817689
18 158941543.661837 157812621.908801 2911557.27302026 2825754.87260878
19 160105645.266338 158903304.952503 3045711.99824077 2955468.31348205
20 27042061.2820307 27042061.2820307 316626.091411296 316626.091411296
21 37079190.64622 37079190.64622 433905.335344253 433905.335344252
22 114624908.311902 113976144.337366 2358073.32076542 2308138.77616951
23 160686554.460277 159328524.58963 3069989.65028801 2972327.53648403
24 152937823.249874 152021316.314006 2958934.64842794 2887434.66469321
25 149508150.204372 148437743.87761 2994857.32307957 2914002.83403941
26 136067213.812624 135024262.740652 2753513.07908957 2674144.90650439
27 175981438.889986 173926873.071936 3353609.95670901 3201279.14152382
28 79567682.5602941 79406369.8833442 1157114.71112905 1146740.35885716
29 154935827.366831 153232019.483748 3082717.18226091 2955264.88857159
30 124001355.436702 123423621.636146 2059234.27093071 2016109.12160953
31 144777905.243298 143486189.272334 3444522.17532327 3338100.76029971
32 107484839.449095 107174386.255728 1904766.07511619 1882945.20225082
33 159867800.223445 158846227.01845 2636279.77311979 2560256.34237592
34 127551489.653936 126585509.096323 2801324.15981197 2722513.38323462
35 133523209.413761 132832327.702436 2839545.34065052 2783722.05898382
36 156930511.084156 155504302.453365 2927537.85786593 2819489.93072314
37 118946114.197233 118333310.145411 2513791.85338164 2465805.31274265
38 167929211.197813 166392719.122605 3175125.85376225 3061299.12014007
39 182784684.969305 181122468.765829 3278437.91385913 3161667.82207958
40 167184574.43015 165750089.983262 3203250.36546562 3100528.43378496
41 170640411.174454 167813530.860547 3275957.3994308 3064886.99226347
42 135082826.749007 134044990.208665 3002593.5459717 2918262.25009604
43 125744790.981912 124984914.752552 2890077.11173425 2827092.98347801
44 156374685.045115 154984146.45198 3045161.48717578 2938426.66021369
45 163970453.376677 162619242.793415 3062959.91165094 2965260.3417649
46 38868470.4440504 38868470.4440504 442936.911289247 442936.911289246
47 98353754.431004 97797914.6877062 2259329.30420911 2214980.56346322
48 106987558.209667 106537104.827974 2111470.16725195 2077001.95073391
49 156436314.719165 155043149.144092 3165608.75223836 3063308.91686384
50 205444988.931976 202102152.448318 3631203.22187333 3385213.44099066
51 133753867.248803 132663374.647405 3171389.43936593 3079553.21732722
52 121065668.430387 120275014.284983 2774398.15084652 2709996.77306751
53 161191283.063925 159769031.710677 3161686.73356624 3051752.90137859
54 121101799.098473 120676992.670568 1804691.54704996 1775603.59446809
55 144945024.233574 143949694.142988 2707664.40978682 2630968.03741736
56 170122940.673118 168855729.836858 3143363.72536501 3053456.93175747
57 112738053.37186 112252867.845276 2391827.00665183 2353492.71848348
58 166581094.023911 165444942.8894 2961334.51817522 2882301.15785874
59 124451366.386609 123385099.283287 2420009.55235464 2343497.95715771
60 161671240.074831 160200031.558517 3077913.02600609 2966745.00324236
61 148040254.056017 147014563.763926 2843639.68774936 2764553.39979721
62 166134150.634401 164811897.241948 3058438.48298675 2962231.37162904
63 138835918.619414 137942905.734992 2963035.6621296 2892621.48158393
64 160527173.41311 158956783.70114 3113690.94399162 3000536.01713174
65 156054434.929104 154741549.4892 3117445.08361647 3018710.20427638
66 38268414.180582 38268414.1805819 368514.103401121 368514.103401121
67 161910044.02081 160114293.537413 3201368.11722511 3067239.44258448
68 171317536.26551 169995141.075381 3178799.87572522 3078843.62161546
69 139872153.146691 138808852.161542 2876479.41106459 2793688.22829256
70 148044066.990333 147043194.160801 2609157.89987809 2533701.45894386
71 184936025.320382 183272315.194856 3290872.20044293 3174294.53423469
72 129832417.803766 129002690.631077 2459508.65177974 2399423.84820981
73 224800065.544332 222688419.504649 3707747.94566426 3568585.9911627
74 63265623.7589437 63120840.1252697 1308019.80845568 1296766.9586324
75 152710409.203941 151596151.569819 2927418.37587723 2844186.32839134
76 176939722.527075 175114320.060234 3286075.59617864 3151846.1031273
77 138049212.559723 137320497.041036 2443698.53665851 2390769.12127716
78 112612081.236206 112061750.724524 2448153.41285861 2404382.76274991
79 204180031.425959 201918790.752408 3363447.48884835 3206508.81512671
80 145335646.348709 144080741.763114 2853613.46348117 2759013.60893319
81 154641430.316371 153410494.507868 2809716.79397639 2715952.08475481
82 209007908.789558 206613307.007586 3570952.10300534 3406712.84761775
83 131596607.022655 130717646.258033 2545511.47101284 2478156.75149511
84 152301518.147978 150973823.940879 3036256.42261042 2932782.09173192
85 127783779.959897 126987417.07235 3000482.29551204 2933312.57464846
86 137799386.757417 137070246.719927 2624216.19472178 2568857.03089791
87 172908773.769771 171420788.414927 2983629.66740067 2876082.47287455
88 236779898.110403 233908055.493573 3883731.98190687 3695190.48354109
89 131484689.031794 130753523.833847 2538577.34236311 2483094.48473977
90 128728576.300276 127367871.449029 2852508.81781018 2743885.68789799
91 190617940.109259 189123089.187218 3223024.00855427 3118221.10901715
92 182961136.771399 181376870.705152 3255427.7164279 3146093.01946928
93 104415814.201349 103775966.489684 2039735.49364144 1992876.55949364
94 130798127.68356 129733742.754301 2621786.35563583 2539199.39076891
95 153056303.270557 151817926.956015 2991521.77224821 2897548.67298101
96 120811987.673243 119941107.307727 2363431.32789451 2300769.00724735
97 164558798.227723 163342244.807779 3081259.0481544 2989636.31482332
98 150769194.250517 149083706.042101 2985638.07552886 2855944.66712063
99 169496246.685669 167962374.904654 3097546.74465973 2990451.63241987
100 226231751.008099 223400335.723433 3591365.06043456 3402513.07622016
101 180094853.375708 178657485.685408 3250305.17432741 3147829.25548072
102 148421730.322795 147372843.870784 3057467.95606272 2975550.27442117
103 198343246.727581 196689534.797559 3407558.48692705 3287266.57201169
104 145368050.608636 144527337.593153 2597830.1740519 2534474.78474591
105 132202919.185963 131459576.460065 2474536.42643931 2421383.01033963
106 204061145.5243 201589799.05886 3490003.15981184 3328039.62913369
107 150522945.081842 149685683.603348 2938062.64519449 2875003.77064097
108 165464952.630524 164218591.521605 3168700.75903192 3075928.50796799
109 177006231.675116 174818973.848841 3273921.07304162 3122843.40254369
110 152703789.531368 151205853.264612 3031035.04717738 2921802.31973561
111 110888715.365236 110422717.328027 2003357.73756199 1970017.92804154
112 181173454.381767 179867752.943489 3232657.67982589 3138513.82957146
113 160455374.188231 159681562.985544 3144135.06622737 3086416.94145986
114 137406658.319427 136628170.379206 2540317.91393353 2482515.55328421
115 169642297.413943 167553472.238084 3209586.88059197 3054001.74630138
116 158483970.430743 157617218.475528 2826756.33115746 2763802.74991823
117 125192830.878365 124671898.875871 2642468.49702015 2601326.26600436
118 142214352.74724 141033845.140583 2907806.3488124 2819189.67102944
119 135774779.493314 134532799.018466 2798065.40377252 2702215.15345028
120 137767332.655815 136673980.305741 2647033.90654467 2564099.23254053
121 157453123.288267 156239196.178575 2942835.0771466 2856311.52114
122 166019353.011828 164144317.060706 3104376.26294459 2967029.07697323
123 115492520.455739 114538500.41884 2530035.54643979 2457207.76766877
124 145905823.789004 144924301.942142 3017281.02775664 2940473.94262933
125 124578169.655484 123900599.361378 1983631.33277074 1938728.0556731
126 163935750.934817 162708332.050271 3009470.53471882 2918652.1164593
127 126806509.962964 125878158.435767 2297887.89725061 2228024.95164009
128 128176735.462282 127615026.141118 2316723.55151187 2274794.57036822
129 203289643.912115 201604129.336004 3365497.78945733 3254658.91370241
130 143434786.742303 141996759.136501 2827843.60995345 2721225.9872854
131 150348257.669741 148956945.229714 3127626.36169752 3021147.63898718
132 162784257.389731 160735279.826307 3367516.66833091 3215056.706287
133 150485696.484086 149654570.528068 2830022.27567858 2767911.79011007
134 158040274.96951 156905739.323977 3012801.12306998 2928665.60012451
135 166133133.34903 165011975.366333 3170128.02756048 3085154.9500883
136 148136208.778746 146936812.447679 3026936.82746493 2936012.62623351
137 140603945.881387 139849218.764802 2578757.31830319 2521956.55797864
138 145978498.891849 144170120.96922 3198891.87700727 3063454.45773764
139 158133838.798325 156713767.974443 3090997.83555657 2985730.87678305
140 168058338.234902 166688446.888717 3198475.82036187 3099350.77573478
141 114496046.421748 113885240.27814 2121107.49476681 2077036.96181219
142 88996352.6550992 88656955.2149253 1676377.89502949 1651150.71060396
143 152597457.741908 151153133.68046 2902495.86177897 2792738.56963545
144 138694380.794173 137694894.648921 2852268.51009951 2775413.15974917
145 159921931.750053 158867494.594626 3214125.41004609 3136282.61785397
146 76462861.7885536 76185217.7164006 1698719.08320961 1676633.33715363
147 161778601.393478 160410268.222326 3042072.10169932 2941750.00250037
148 109294174.764797 108814839.094167 2285480.50045455 2247377.84177111
149 172303490.297454 170756533.273913 3162933.91175311 3050773.74687689
150 137153237.765263 135958323.902301 2939731.3923417 2845838.58782094
151 148252079.317277 147012342.834706 2997904.33882096 2901838.15444142
152 189332323.028441 187894497.388909 3204829.8246404 3100176.43134755
153 125355102.663912 124696934.507757 3177994.16002896 3121151.23493541
154 155174750.238556 153863291.372815 3091108.64885679 2990787.2428002
155 186838985.000023 185000810.764273 3218534.12949151 3090511.79623594
156 181642111.386697 180216113.486812 3314435.82228254 3210637.80259671
157 206343906.962191 204902865.875206 3370452.31023328 3271433.70630765
158 117039514.489709 116455619.415581 2387122.32460496 2343541.89521218
159 160572257.148162 158863045.605827 3242490.28569485 3111595.72921109
160 142481995.37671 141476453.582554 2577784.19403898 2501475.75928502
161 111949314.324201 111222016.850871 2626297.7731539 2567148.01555997
162 137146593.473387 136179362.492978 2988336.24098097 2911227.14784945
163 161872203.020285 160422772.440221 3258503.3370497 3152428.85954321
164 182826249.282214 180694726.613406 3321320.4062873 3162759.25886623
165 130557004.485139 130214312.577014 2196192.40185798 2171822.20622718
166 80504075.369676 80256200.9466948 1555857.63675808 1537808.09705172
167 146906357.27932 145793619.525834 2920866.06878077 2832827.1115188
168 95550764.7858083 95164835.2495469 1743943.40230623 1715328.88602519
169 199173977.704764 197354932.987147 3446102.436856 3321062.09422335
170 175346559.168778 173724936.385312 3185906.69600639 3074787.91218948
171 154370041.077175 153103699.303431 3134104.91730511 3037411.08331616
172 124924596.85074 124457918.346745 2364873.28453828 2330151.66095762
173 136869633.30182 136071834.664279 2764162.4290351 2703985.77903306
174 147100159.768905 146299544.044732 2664870.59310125 2605001.7976321
175 198993393.2968 197170846.901171 3433424.7651457 3312681.16376025
176 153874309.040483 152299064.034277 3245366.41064223 3122939.5447657
177 165857063.703755 164048549.015876 3073475.11947008 2942337.12465281
178 160184443.207815 158983288.500411 3043779.65305237 2952601.41471173
179 109731320.189212 109207670.921173 2491915.64583088 2449963.72823463
180 139630697.837285 139052692.561624 2523239.29403943 2480736.81104091
181 94277924.8926401 93803537.0623003 1702290.87192288 1670148.50657011
182 159979434.409397 158526806.062432 3089503.85319118 2979274.32362282
183 163961279.837053 163056017.876161 2994776.93596817 2926704.68625052
184 108657246.38204 108081534.858719 2136988.04480798 2093458.80935639
185 125101330.604361 124218603.650616 2497372.30302077 2429588.96933781
186 153595116.299663 151951735.955689 3117696.51477447 2988934.07408884
187 29966862.8684473 29966862.8684473 341932.88244258 341932.88244258
188 133280342.446145 132143894.524218 2969688.40429271 2881154.70996956
189 200107678.141155 197891507.880258 3677164.59410304 3518140.47762766
190 141910579.432594 141052335.009115 2891393.18219456 2825817.48730354
191 126452639.183318 125544061.497905 2694365.62399566 2626068.10466403
192 83162457.0670576 82959371.7242886 1473858.03106081 1459427.37790225
193 177496290.854087 175900335.375261 3205689.11041937 3094330.67780384
194 145302956.323485 143942774.702419 3140463.1226968 3032456.37563449
195 129453313.210381 128171075.515283 3071057.33230417 2966314.08521745
196 113128427.37602 112446016.791973 2528443.56241248 2474517.2844398
197 184035927.541153 182378049.584894 3273132.4258675 3153105.1177098
198 127074816.873527 126027634.795376 3121828.54628172 3034800.50100991
199 140280885.580848 139245872.715841 2910631.26611607 2828774.22230329
200 138866126.557647 137964779.005146 2825920.87602592 2756376.55925286
201 154547747.345374 153457384.967063 3017881.79015469 2936194.68507914
202 179007085.406384 177402900.331672 3092460.74366966 2975586.67028134
203 109133208.178185 108765151.878183 2066220.88276223 2040288.515234
204 169595634.624027 168354106.637459 3248919.09868715 3156177.34351797
205 158667047.519228 157210556.707289 3120950.88717277 3010853.01301575
206 154767862.559683 153396623.606428 3071032.77279134 2966795.37476298
207 107600700.903588 107157434.283685 1848512.91304647 1817040.9364393
208 138237772.093807 137511103.322614 2738129.07515379 2683781.99938563
209 186404218.807032 184825286.123648 3191394.11526875 3083742.70978163
210 155313460.044281 154023370.474101 3123385.2862281 3025805.93865126
211 99423301.2698131 98904860.1807497 2060199.51117872 2020406.18051229
212 168016832.458823 166828970.528182 2995724.19974284 2909322.11453658
213 169702521.718264 168339461.292961 3303451.54694245 3198830.13280803
214 159097536.000013 158013506.888895 2986906.89216148 2905239.41895523
215 123348505.555073 122625147.569755 2356784.98021982 2304567.13277294
216 157971105.89933 156610439.058895 3075184.57742597 2968698.17937599
217 168016786.477518 167089229.221608 3041033.66014008 2972875.66332888
218 141213417.705669 140127865.358199 2731336.5043454 2645661.13918072
219 143497350.277055 142832289.517056 2508577.72780936 2459233.81482359
220 39780244.4674794 39780243.9509367 473365.808736055 473365.783097626
221 158003009.807585 156904644.492034 3049647.09239756 2968671.42697351
222 157200505.216218 155194240.964922 3184334.5204566 3028605.64072207
223 201094370.275211 198461551.864714 3471884.32464453 3295905.96853555
224 130307776.723703 129648703.111845 2430198.26976836 2381552.7571769
225 126878277.784733 126184895.001383 2405713.32923325 2352349.11490188
226 64729574.1898687 64509807.9666625 1973763.48454688 1951371.46997496
227 107177725.181366 106766015.279486 1836694.21651268 1807063.4618106
228 149725330.586893 148450828.853873 3071045.86230819 2970133.14670047
229 137787048.026003 136699111.258453 2839267.38077323 2755117.87516215
230 190800770.824317 188617011.381858 3406846.04839335 3253516.4563431
231 164026570.147901 162693164.195775 3125268.57679352 3028793.22677229
232 131703860.990022 130954308.200111 2451303.30716837 2394561.09440054
233 150479045.251977 148821411.530291 3266679.38121921 3136419.30911023
234 135192913.029788 134382219.835318 2792822.54312671 2731358.02123134
235 121314373.867268 120724851.965087 2492495.07755046 2446517.54128087
236 167726369.096361 166170433.396707 3038089.4273951 2919544.94643777
237 129096102.55588 128403868.373059 2200199.83323667 2150983.86391615
238 186274504.369655 184593287.804758 3285618.97598983 3168654.95728282
239 108509850.689189 108129303.180309 1863819.82368418 1837307.34186542
240 127637675.803007 126812340.245811 2479561.3065036 2417394.37034481
241 133160206.834667 132259502.962609 2904775.15499143 2834007.56437451
242 145629560.076984 144944045.095661 2662448.15266043 2611789.00580804
243 130980880.240139 129799946.219851 3217788.42584346 3119500.66089936
244 181577534.685682 179184263.07371 3297198.68975762 3123013.04915966
245 210257262.698405 207616275.231206 3567453.58658159 3383555.55783996
246 16830493.5614392 16830493.5614392 202901.520567791 202901.520567791
247 176021509.784855 174500376.284833 3319961.71373981 3207738.29554452
248 115277721.808347 114570633.14389 2422761.0074931 2366883.34762179
249 183557923.525067 182363000.541822 3214373.48904011 3128370.40409333
250 137998491.356648 137218135.072869 2656105.24049877 2597914.46150136
251 133246872.0935 132819342.667694 2394126.12011451 2362278.22931173
252 142435040.376662 141716907.032321 2986616.35317405 2931247.93372154
253 159297624.199877 157958094.248206 3177743.30612469 3078429.1668349
254 127209777.520208 126144739.605564 2719194.39166707 2634454.88976296
255 178864522.396221 177640020.304893 3092461.32924101 3007121.79048973
256 140445463.197383 139652054.02476 2872214.7241286 2811903.64124177
257 154080585.442127 152638698.763997 2815976.70802059 2709258.00819733
258 130733526.463809 130007048.207789 2782676.71393951 2726271.65933429
259 189789344.18184 187990039.910681 3338681.11741469 3207641.3660075
260 163276053.021733 161502269.926386 3238364.40609696 3108584.87971737
261 203761949.853835 201918917.628973 3424626.45321333 3299327.54381653
262 141773989.947586 141043873.021722 2526659.9065528 2472341.05750704
263 117667308.419544 117024916.329633 2381039.4203721 2331219.69870151
264 175502730.01526 174262708.795316 3267953.90524463 3174327.82376588
265 157397857.958838 155970288.291866 3154296.73378165 3043943.26614865
266 153269487.882544 152030789.116062 2841337.08211635 2746581.90051717
267 174262783.228458 172484527.291571 3273732.22440052 3146445.74705559
268 144813000.82892 143740296.604086 2956748.00127965 2873966.07246277
269 154075913.63118 153012619.269593 2836186.81210183 2756879.63469681
270 159123148.787721 157810439.738486 3013761.7546392 2916830.24620126
271 184937147.851624 182998650.312055 3313616.77541059 3176926.42989473
272 149337368.574689 148275264.164429 2964478.34525637 2882691.1235988
273 205316521.046918 202642221.080316 3552827.44810878 3367528.47359945
274 164150977.360915 162701219.324016 3123466.88429827 3014862.70096267
275 135705872.963289 134692617.448402 2447283.90945126 2371426.30600724
276 165772666.539227 164589206.500391 2958496.10978269 2874095.84259232
277 96053639.8518645 95499578.5703825 1917957.90228044 1876236.36628261
278 143741030.043463 142647578.575627 2592678.54962896 2510732.44475413
279 143850846.982458 142702199.896519 2518399.94829922 2432726.0484849
280 134318999.737909 133516269.317522 2620948.98814918 2558436.50203637
281 133770042.243728 133137257.331772 2333368.39216786 2287852.04085739
282 172918791.113345 171859898.403004 3021155.34329432 2943632.3801115
283 127544781.75911 126796859.129992 2704784.65172939 2645618.63999517
284 98848359.6915597 98292672.8554224 2173439.10112366 2130287.5132042
285 136854486.546833 136084526.006338 2911895.48004835 2851345.06924204
286 108504912.102248 108066526.599619 2208355.32826253 2174000.22535098
287 156749335.494116 155110138.411107 2876943.71563616 2751782.80611575
288 151508609.494315 150262503.145128 3095256.35015911 2997714.55930424
289 179118642.234345 176606674.509716 3314376.57279253 3136865.87814733
290 130871611.724844 130099065.5553 2585714.24577119 2525936.40057361
291 72787301.4565695 72597513.0003824 1238299.35786729 1225431.06208
292 184000067.328069 181791355.85261 3205297.94730734 3055711.73447922
293 177410364.108163 175917038.913915 3306976.4259522 3199597.85586176
294 109279410.279588 108713015.033709 2051602.94648343 2010031.48581135
295 130786788.978477 130142578.754514 2618852.73582576 2569603.99670485
296 150266944.840951 149376826.851635 2862052.6605165 2793665.61427833
297 172246896.168801 171107028.487199 3185306.23635708 3102980.65306673
298 149277678.404752 148329774.991577 2906518.03349751 2833371.39813495
299 133637661.166282 132448999.841777 3254159.28145227 3155204.06093644
300 166333761.514866 165262918.999805 2986925.41615167 2910708.99078271
301 100504488.580565 100140383.500208 1713329.51510827 1687767.82544176
302 108837190.25934 108149508.312028 2316117.92714699 2263308.14038902
303 126642669.468097 125831155.06246 2556209.8651825 2493212.26316473
304 156056245.994233 155115204.629288 2871693.75860901 2802994.83360288
305 56868881.6435727 56763875.141417 1205740.33277905 1197261.86482245
306 118290744.910313 117492738.736724 2527502.62921852 2464044.24486916
307 166676143.06697 165234456.030702 3169030.79955123 3063011.16764788
308 139005745.317699 138201020.99368 2764705.57049689 2704001.13152265
309 178995767.86073 177467554.913077 3150531.14254265 3041386.82815201
310 108758351.643238 108294513.509497 1915935.90232945 1882317.59354167
311 185700819.722825 184113629.901531 3409479.04563038 3293212.1416436
312 151325509.259422 150388456.197897 2968325.44184348 2898945.45093044
313 126259580.601455 124965375.241113 3067424.18727017 2960870.84214379
314 186623200.48367 184747730.166314 3264479.43343976 3138408.5412942
315 150262780.56023 149070801.333335 3062953.52514977 2971538.24510259
316 169197026.131794 167701889.439887 2834744.21926328 2724372.17243851
317 109628099.923264 108940635.447647 2502571.99480081 2447207.71445246
318 185031291.232394 183383433.118517 3254653.47145886 3137219.40727704
319 144361764.44914 143069302.62312 3204329.70423688 3103057.93303227
320 102615833.239534 101998011.058936 2079903.54458752 2032285.15740676
321 138295415.99094 137284298.49155 2858882.53566518 2780512.78581885
322 127930890.876828 127149214.939104 2288641.50058934 2231129.60770263
323 141637807.364383 140657469.945971 2890536.10213103 2817492.92804162
324 151510616.295607 150311613.347587 3043393.18697386 2952634.74244547
325 158693846.332337 157632366.283398 2940917.98206738 2861228.20958253
326 148207080.226895 146595069.460406 2953473.0480437 2832424.8798074
327 132514163.052181 131119491.71922 3101592.19502729 2988439.87502419
328 159992402.738086 158832262.667989 3180706.05159113 3095299.26121619
329 98195144.8451265 97966048.2843009 1779604.69631145 1763048.00206383
330 107879155.259163 107372757.357007 1801336.48668959 1767431.50190394
331 186375773.083127 184679017.462493 3132869.20241195 3010054.34462721
332 111276088.444079 110857793.311627 1942179.13253531 1911897.95018331
333 124333220.733546 123858380.066599 2283311.82345842 2248353.068028
334 190639075.781951 188881486.444224 3312663.00392183 3194598.77106589
335 149920982.325221 148851513.812299 2751327.96024863 2671264.05837543
336 114436622.47554 113916155.658727 2120742.30541669 2082045.3651398
337 221364944.281465 218343232.736762 3587988.72745033 3381929.52373947
338 202184854.564833 200475005.670849 3343617.21340451 3226170.8814726
339 114803174.272375 114207601.766098 2144946.9772104 2100609.36720661
340 149541845.077352 148511463.012155 2779839.16822699 2702682.19988119
341 100031199.047956 99617222.3468505 1841951.46105179 1812504.63281506
342 164284813.418761 163128168.154924 3094472.72358795 3008766.28716376
343 110361460.399235 109713716.459857 2379127.46084127 2329113.07426338
344 164987524.414436 163352737.636694 3107993.85402149 2986662.69419929
345 41358370.8341391 41358370.8341391 466809.72595935 466809.72595935
346 156139449.118833 154856149.283662 2918209.6093463 2826886.86003153
347 66352992.4457547 66284450.5155751 1013170.33691821 1008784.82631999
348 117547135.247373 117184349.927717 1876291.14054326 1851420.7397761
349 94785556.7129029 94365101.5105352 1807434.61632835 1776315.35982141
350 129038168.17049 127556210.545758 3334980.74455571 3209222.15745778
351 103609865.597002 103106497.150681 2117623.94983804 2078962.94096231
352 170989080.123995 169358477.573844 3139672.29517681 3018985.96912664
353 168682173.968919 167638846.878968 3189205.60540255 3114699.38883573
354 192239751.599093 190583824.642965 3342072.24590217 3227018.40970674
355 122240002.841787 121565360.014862 2237462.32286554 2188885.18340086
356 141965214.397112 141149598.697411 2861843.58786713 2799017.19906682
357 148866865.260143 147992286.059653 3105356.2206793 3038854.54167823
358 168706538.841952 167618705.285003 3057996.59412471 2975425.16824997
359 149451066.549363 148110745.040692 3033669.74788115 2931932.11694987
360 130038956.599612 129216704.43588 2481847.77340948 2420840.96254848
361 177468590.051775 175371400.075381 3203023.19247111 3047631.46351382
362 109784768.149558 109291459.878498 1953618.86797032 1917591.81621364
363 84236764.7808485 83873153.8615842 1509562.77527041 1484069.91995305
364 153319697.538415 152536909.631172 3022086.88996021 2961310.88878031
365 159231989.339994 157994302.164891 3063988.97108894 2971883.32249463
366 69566433.5734376 69431993.6084969 1340300.16171189 1330373.30690941
367 190776089.189025 189250628.244241 3333317.91206009 3222451.65468797
368 131788999.947909 130806524.571743 2549799.86349561 2475362.93806943
369 178976648.907072 177299311.368358 3284553.25426243 3167620.89552565
370 163333115.606395 161990276.55589 3091591.00773428 2991472.6686666
371 121022778.499355 120416564.949901 2416700.8600812 2369884.7471512
372 106459104.258553 105976818.639672 1887568.52645491 1853630.51149708
373 144700076.530431 143787294.345191 2826723.43060599 2755558.32624093
374 133463609.68169 132523487.522656 2656411.19673794 2582415.86840917
375 196681583.22519 194828501.702622 3389804.82921747 3255156.82132065
376 140239467.23017 139365199.488777 2734751.37510342 2669563.03459292
377 146390233.94653 145074764.297141 3171570.7020703 3068076.51620495
378 141705757.806249 140712389.527648 2910585.66415511 2834572.42805153
379 165042703.841632 163999432.510657 3036342.29650098 2962111.58036616
380 117781166.998325 117150144.310699 2157600.05702552 2111935.0962506
381 181042065.683487 179803288.087177 3133979.55218127 3046907.58904862
382 160255541.284429 159136210.671943 3087231.0523503 3004266.33242148
383 168886325.639519 167697532.510061 3048888.54453342 2967410.97324921
384 139534130.506315 138646726.885312 2989395.43883361 2919191.91448969
385 39741891.8811441 39741891.881144 431323.636477471 431323.636477471
386 143853984.199391 143193403.66925 2680375.84216054 2631432.20599339
387 135074094.282443 133420340.427191 3037629.71188991 2903986.53065853
388 193867032.601593 192321941.700304 3355906.98311983 3249454.62835881
389 136479204.467825 135760920.455367 2564627.09125734 2509973.11485335
390 119732433.557581 118833557.217207 2533574.0489838 2465550.33994433
391 134588698.436368 133858367.849423 2685733.87487606 2630133.59883168
392 79955134.0811135 79704533.9831865 1381963.94577492 1363897.28202664
393 147455489.372637 145735522.707876 3086160.29384277 2949762.67620427
394 111801663.538278 111205178.051539 2722431.27685503 2672251.10919137
395 188807405.660512 187060762.641393 3256884.69365761 3139805.76276043
396 162426212.115386 160821128.563765 2996952.13766473 2878034.6299802
397 162410709.323801 161200874.381834 3105275.17525556 3020160.3771067
398 30136740.1575491 30136740.1575491 364301.407031732 364301.407031731
399 122399387.068425 121585784.49686 2295339.40066955 2235081.2352587
400 159484119.925934 157882015.8011 3198131.9957163 3076227.97572172
401 174384530.629806 172881531.30548 3124950.76300884 3019321.6145306
402 175658623.39148 174201615.529783 3228485.16489527 3121391.16980098
403 154267644.576607 153343594.714025 2947718.57348817 2880982.38501343
404 82784479.4758607 82502983.4008498 1526427.82151967 1506127.48119422
405 164569130.787436 163375693.513695 2898766.45560875 2809883.67371428
406 192769786.693843 190858852.691026 3470500.34224386 3335982.23311481
407 94895311.7479683 94511109.8811861 1792003.11688981 1764132.18444109
408 169446293.917431 168014599.144022 3189457.01475456 3081924.82665712
409 139268783.381791 138174445.663772 3042059.49091769 2956622.55138713
410 127093972.335361 126172657.917596 2521092.81837778 2449469.69470751
411 107122923.27227 106684003.205259 2060575.53923345 2028368.40516413
412 130559940.934881 129791441.159932 2751703.93578003 2691594.81430265
413 148420417.624028 147180423.386582 3112802.23504337 3017289.04419834
414 159747885.066212 158405237.601192 2902999.30686715 2805073.57655887
415 204154899.538557 200993124.810447 3656742.21141138 3434189.10473185
416 188086012.333002 186710388.083305 3280476.8578128 3183179.81041212
417 129810767.992656 128825423.310563 2987386.48792366 2906954.63542083
418 121588708.997993 121184828.830988 2086954.77168974 2056990.66783525
419 159806580.905248 158858751.153734 3080071.35701431 3008793.7117787
420 150763200.769091 149564264.321978 3138381.79711624 3048165.79008149
421 95640083.9383782 95050450.7157675 1921518.84262813 1878814.83296155
422 66546517.2831045 66391734.2225239 1177178.14953363 1166052.15811385
423 170877876.041874 169526374.842342 3099903.85858291 3005068.11762036
424 162435663.235922 161441432.916376 2805700.39127424 2734531.5368022
425 169171919.7233 168117888.910512 3084641.65031936 3007854.96378232
426 183596905.951777 181187148.06118 3220855.75889729 3045605.61615456
427 150728001.961988 149444219.909917 2942191.29027899 2842479.47814889
428 148059892.362173 146342450.265757 3132605.32218789 3002955.43087989
429 122036131.329391 121417077.553093 2862174.46226442 2811451.42657983
430 135264343.587074 134514789.931975 2662520.72131681 2605189.29626328
431 110942890.095945 110460206.78245 2065307.39996466 2030111.69365093
432 116220008.816625 115546200.473762 2374718.48923883 2322699.71258891
433 140391908.558384 139989245.200838 2483194.67303323 2453290.77658799
434 100686590.30376 100254614.109129 1982306.16396979 1950426.64521127
435 121297577.254168 120868278.370555 2310466.07396395 2277789.94517863
436 159630907.169173 158625480.90059 3055190.22340211 2979263.2297725
437 137577806.724885 136539475.527838 3017919.21820258 2936045.0253523
438 134579454.628468 133794990.399591 3046058.4009041 2982803.07757862
439 165227907.764897 163788127.437682 3166311.33082878 3061310.18975306
440 96172351.1825875 95849446.8669295 1762889.62094787 1739529.91534667
441 153638745.224803 152402800.253525 3056295.3527435 2963872.34445734
442 146132047.999927 145018478.111334 2720070.38944416 2638393.47935139
443 125286982.329409 124622195.958444 2438148.93810022 2388050.32232489
444 171021818.887762 169219684.05377 3289014.50056625 3159438.04859302
445 157111760.164021 155860919.428215 2912952.3582596 2819699.46471498
446 157606715.957923 156937656.581346 2976198.27037232 2925999.85354892
447 159617659.688943 158371029.942222 3047854.64132443 2958122.20942221
448 138376619.808383 137621210.553467 2668950.38248296 2608992.54666845
449 217616451.752461 214017157.977313 3723384.70930323 3482376.72149355
450 146155579.393083 144977614.826042 3099143.49912109 3006908.25965823
451 171247359.86458 169852443.018532 3121340.51221844 3017674.82693996
452 107156539.531276 106454142.746122 2256860.02640618 2203422.71194675
453 125855227.147092 125214062.143649 2381043.19775392 2334807.81996566
454 114048990.908894 113116251.031906 2893771.48929082 2814747.6696889
455 125650642.234702 125125362.521724 2348589.08162599 2308135.74121288
456 168553981.798351 166677683.15247 3244755.4491454 3107071.59863948
457 107878246.90712 107279116.457524 1806008.92666502 1766097.18126105
458 109301484.385082 108837517.212226 1962693.90831474 1929550.08109612
459 152863786.193285 151788740.387945 2887565.87874444 2807812.43749997
460 198039312.745764 196135258.500986 3486848.36714798 3350908.78102169
461 128161156.293054 127542682.051611 2529508.09862747 2480306.46964315
462 152844992.932989 151694563.752645 3101907.66956932 3015335.44340243
463 140776727.360488 139678463.964939 3078506.22109378 2990153.22284044
464 119622920.672377 118927536.088721 2487982.5806574 2432922.3930869
465 140096752.485231 139312397.324648 2872480.72960522 2811577.96017947
466 120519630.705083 119765803.954351 2589785.31957417 2531287.88936333
467 209169437.47221 206735276.06563 3613523.75774979 3448625.72187461
468 148140860.525829 146752373.741117 3121859.46445677 3013993.66232043
469 117799537.75828 117188534.993688 1992322.36263401 1948294.59415363
470 131015624.961471 130082304.875047 2865902.68902559 2791581.37071627
471 148593835.660151 147200204.037754 3303464.24798994 3194503.66379114
472 191585606.564391 189724659.629916 3301566.27265176 3174494.39095222
473 153010538.612673 151898040.204795 3041832.98589322 2960541.12157625
474 146255520.461473 144834309.706459 2965958.75538137 2858458.19340432
475 194283775.408287 192673377.335088 3343377.27861 3234705.51499661
476 154354090.61462 153157828.336689 2956223.79137475 2867498.28312463
477 163254151.329136 162135739.664928 3066675.25848564 2984460.65588745
478 75821066.3519155 75554487.854936 1427108.81632717 1407602.78811958
479 121893509.723165 120859407.571964 2575400.18111244 2492610.76054749
480 25225013.175513 25225013.175513 292592.953913688 292592.953913688
481 153806692.524386 152842793.185352 2963440.6855394 2893548.21875236
482 158475633.551514 157484356.385969 2882763.33674701 2807701.83137422
483 138844553.357253 137887262.304827 2851820.93061586 2779389.25143011
484 104897686.630667 104414753.74246 2078088.53697447 2041411.6917214
485 119324531.926657 118403209.558372 2873288.25626328 2797317.87521482
486 126863136.147311 126077768.321178 2669256.89228045 2608011.89259293
487 118015994.223821 117221062.047063 2987483.73226516 2920162.40749943
488 154983414.340723 153635802.751531 3074398.78377837 2971801.34097257
489 162761800.093985 161463219.77173 2943024.97616791 2847213.27082024
490 152174406.429199 151196863.611566 2769592.52755946 2702603.59234623
491 102769910.633835 102270571.459664 2038515.48747146 2001481.18553602
492 82212634.0267407 82071243.2483782 1371930.08673914 1362027.05838773
493 158520290.017098 157304983.098066 2886917.53130246 2795561.53423838
494 98409656.3365561 97876073.7106794 1973650.73755643 1933750.62529728
495 203351870.044351 201413380.93175 3505959.65872686 3367269.24418811
496 134704652.533547 133901390.457935 2577701.80612249 2515694.67021529
497 113078729.22163 112443977.60094 2224626.73937637 2176593.99391755
498 135627391.594082 134668161.824392 2922984.67528168 2844569.06878249
499 125279978.999366 124556452.151175 2560440.10701367 2504798.79543263
500 175568730.155178 174417092.873329 3300334.24621962 3216661.65564418
