ID imp_con imp_vac i_con i_vac
1 165411064.340698 162666626.133036 3015430.13794249 2862552.13682457
2 146434787.143715 144888559.707764 2962241.17018259 2874419.26649855
3 194282159.99238 192163546.191728 3205533.20453752 3091596.78747717
4 147867126.575811 146154921.343411 2878243.98125364 2782931.02609479
5 121613854.933536 119932837.411852 2631774.53375382 2528084.43665434
6 161671868.009161 159828341.00295 3114894.41497145 3012065.12657073
7 159811324.694367 157898503.42859 3039277.32343491 2933032.37228851
8 143338204.47474 141925800.232679 2826276.19190219 2743313.49785478
9 111816185.321859 110237860.288282 2098712.53428063 2013908.26777635
10 161768870.976476 159530778.572689 2997830.2670457 2871038.9786392
11 154663335.755508 153167325.920038 3065330.14877786 2981332.12135404
12 160976916.157156 158136729.467737 3118348.35685571 2959670.57523235
13 120462673.030641 119458018.003735 2103325.62397368 2049895.6601845
14 182810666.505696 180929235.589743 3348371.49782722 3241603.04937468
15 148386622.248649 146303112.361139 2972306.69170618 2849143.10671106
16 209782220.911343 207256275.894592 3614536.38359943 3468694.75805538
17 105601384.233603 104430493.955643 2215995.41043003 2151325.34732359
18 158941543.661837 157558986.759353 2911557.27302026 2829344.50089699
19 160105645.266338 158139697.437323 3045711.99824077 2933134.41169144
20 27042061.2820307 27042015.4806236 316626.091411296 316625.253230537
21 37079190.64622 37079059.5052574 433905.335344253 433902.948687655
22 114624908.311902 113141865.059504 2358073.32076542 2273774.38345689
23 160686554.460277 158594998.589135 3069989.65028801 2955806.73500298
24 152937823.249874 151260663.649253 2958934.64842794 2861943.67957704
25 149508150.204372 147476326.47148 2994857.32307957 2879793.42944697
26 136067213.812624 134051851.757515 2753513.07908957 2638427.01687642
27 175981438.889986 173555898.607439 3353609.95670901 3209434.86049143
28 79567682.5602941 79013769.6166211 1157114.71112905 1133304.48891819
29 154935827.366831 152713057.274359 3082717.18226091 2955690.79622767
30 124001355.436702 123103643.535227 2059234.27093071 2010235.08909957
31 144777905.243298 142277213.356673 3444522.17532327 3293547.10938644
32 107484839.449095 106470853.36603 1904766.07511619 1854290.88336726
33 159867800.223445 158567272.461686 2636279.77311979 2561668.34168199
34 127551489.653936 125465115.431593 2801324.15981197 2672789.25651425
35 133523209.413761 132027407.187045 2839545.34065052 2753125.12605128
36 156930511.084156 154713964.625686 2927537.85786593 2797131.29200591
37 118946114.197233 117315121.077869 2513791.85338164 2424812.25836845
38 167929211.197813 165912825.218214 3175125.85376225 3059794.12912777
39 182784684.969305 180878507.451911 3278437.91385913 3172875.45252161
40 167184574.43015 164771133.941132 3203250.36546562 3069215.10410783
41 170640411.174454 166844029.852739 3275957.3994308 3047010.95272038
42 135082826.749007 133086107.566078 3002593.5459717 2883526.20797501
43 125744790.981912 123893330.197348 2890077.11173425 2781832.80372682
44 156374685.045115 154590100.467852 3045161.48717578 2939346.70359909
45 163970453.376677 161617929.038241 3062959.91165094 2929215.91469786
46 38868470.4440504 38868343.1365062 442936.911289247 442934.540193939
47 98353754.431004 96730367.4305591 2259329.30420911 2168655.16376673
48 106987558.209667 105961373.226039 2111470.16725195 2055002.04044476
49 156436314.719165 154142827.84566 3165608.75223836 3035870.17071598
50 205444988.931976 202376197.672695 3631203.22187333 3441007.37222204
51 133753867.248803 131856974.100759 3171389.43936593 3055635.65432978
52 121065668.430387 119147977.866487 2774398.15084652 2666418.04643496
53 161191283.063925 158900908.749067 3161686.73356624 3024758.84941806
54 121101799.098473 120215866.407391 1804691.54704996 1761228.99180662
55 144945024.233574 143024902.289221 2707664.40978682 2597482.4773759
56 170122940.673118 167471243.221702 3143363.72536501 2999943.20922951
57 112738053.37186 111464746.107419 2391827.00665183 2319940.87877268
58 166581094.023911 164171425.016375 2961334.51817522 2829619.72735845
59 124451366.386609 122640647.973329 2420009.55235464 2323644.80464301
60 161671240.074831 159534250.591058 3077913.02600609 2950388.47816833
61 148040254.056017 146465099.449171 2843639.68774936 2750874.45297077
62 166134150.634401 164150015.472803 3058438.48298675 2946777.64396257
63 138835918.619414 137103962.807182 2963035.6621296 2862381.59209723
64 160527173.41311 158596824.973695 3113690.94399162 3002450.73710942
65 156054434.929104 153931740.164689 3117445.08361647 2997525.12691845
66 38268414.180582 38268323.4917111 368514.103401121 368512.687119729
67 161910044.02081 159068151.89254 3201368.11722511 3035673.98615902
68 171317536.26551 169584770.60229 3178799.87572522 3074854.56506316
69 139872153.146691 138120825.002286 2876479.41106459 2777446.71679451
70 148044066.990333 146559422.433339 2609157.89987809 2525730.13307535
71 184936025.320382 182592625.168911 3290872.20044293 3165669.71466508
72 129832417.803766 128195127.249723 2459508.65177974 2371513.4580942
73 224800065.544332 221842340.517487 3707747.94566426 3555998.7877606
74 63265623.7589437 62639677.9109601 1308019.80845568 1275813.31351269
75 152710409.203941 150550934.703923 2927418.37587723 2803660.47020606
76 176939722.527075 174475740.837315 3286075.59617864 3142674.57990202
77 138049212.559723 136555649.10765 2443698.53665851 2363348.06739234
78 112612081.236206 111404838.117605 2448153.41285861 2379561.07152144
79 204180031.425959 201984733.084156 3363447.48884835 3238697.65346781
80 145335646.348709 143441633.47224 2853613.46348117 2746496.56242077
81 154641430.316371 153075532.258811 2809716.79397639 2714789.7992448
82 209007908.789558 206259188.85682 3570952.10300534 3419597.93046569
83 131596607.022655 130383434.267855 2545511.47101284 2474670.80755069
84 152301518.147978 150181306.778124 3036256.42261042 2908215.7407593
85 127783779.959897 125982848.406523 3000482.29551204 2891337.46956345
86 137799386.757417 136131339.044273 2624216.19472178 2533652.71420749
87 172908773.769771 170924592.660327 2983629.66740067 2869799.8768443
88 236779898.110403 233573458.243703 3883731.98190687 3711239.93134087
89 131484689.031794 129506971.419333 2538577.34236311 2429939.02959173
90 128728576.300276 126733331.793894 2852508.81781018 2734292.01466666
91 190617940.109259 188998176.864484 3223024.00855427 3132661.3704972
92 182961136.771399 180716013.821883 3255427.7164279 3133768.70113278
93 104415814.201349 103103857.123245 2039735.49364144 1971953.39984587
94 130798127.68356 129132195.298744 2621786.35563583 2525344.45659274
95 153056303.270557 150855000.556108 2991521.77224821 2861768.69985279
96 120811987.673243 118947420.634728 2363431.32789451 2265001.65296037
97 164558798.227723 162467817.045305 3081259.0481544 2962641.97513719
98 150769194.250517 148510247.234232 2985638.07552886 2848655.33150884
99 169496246.685669 167350663.288739 3097546.74465973 2979379.69810447
100 226231751.008099 223168869.813033 3591365.06043456 3423267.01292391
101 180094853.375708 177918015.18249 3250305.17432741 3130958.3822096
102 148421730.322795 146597627.708909 3057467.95606272 2949822.75764673
103 198343246.727581 196231124.365084 3407558.48692705 3285868.31838501
104 145368050.608636 144103486.952932 2597830.1740519 2526682.49401377
105 132202919.185963 130285725.422227 2474536.42643931 2376781.0702833
106 204061145.5243 200307724.835963 3490003.15981184 3291910.80344322
107 150522945.081842 149083423.756182 2938062.64519449 2855427.97547048
108 165464952.630524 163418074.791769 3168700.75903192 3052595.74609389
109 177006231.675116 174410041.363418 3273921.07304162 3135551.6354768
110 152703789.531368 149943146.480003 3031035.04717738 2878825.94623864
111 110888715.365236 109722204.412619 2003357.73756199 1942888.64146261
112 181173454.381767 178990434.479038 3232657.67982589 3104336.31619119
113 160455374.188231 159130253.885609 3144135.06622737 3068724.53539635
114 137406658.319427 135475334.8102 2540317.91393353 2435303.70885538
115 169642297.413943 166492068.42611 3209586.88059197 3025884.69564595
116 158483970.430743 156810313.255041 2826756.33115746 2734477.19249778
117 125192830.878365 123748732.526678 2642468.49702015 2560578.30539465
118 142214352.74724 140312979.827098 2907806.3488124 2798252.24575269
119 135774779.493314 133645781.619911 2798065.40377252 2676163.35015163
120 137767332.655815 135988951.120351 2647033.90654467 2547711.91933819
121 157453123.288267 155391917.846927 2942835.0771466 2832940.79950534
122 166019353.011828 163382696.692162 3104376.26294459 2951943.9739079
123 115492520.455739 113488860.235095 2530035.54643979 2418078.09943963
124 145905823.789004 144421143.748197 3017281.02775664 2928837.48605274
125 124578169.655484 123324666.17782 1983631.33277074 1922108.25365543
126 163935750.934817 162276257.673546 3009470.53471882 2916550.20478954
127 126806509.962964 125284886.889802 2297887.89725061 2209721.81206168
128 128176735.462282 126786191.329502 2316723.55151187 2242369.77141365
129 203289643.912115 200625932.417619 3365497.78945733 3226957.95999708
130 143434786.742303 141520938.659852 2827843.60995345 2718454.65265849
131 150348257.669741 148009190.086753 3127626.36169752 2993316.52468797
132 162784257.389731 160104506.795512 3367516.66833091 3211739.47166412
133 150485696.484086 148805725.394436 2830022.27567858 2735958.31297111
134 158040274.96951 155773155.549016 3012801.12306998 2888715.69253783
135 166133133.34903 164062822.44483 3170128.02756048 3047140.338213
136 148136208.778746 146155878.544624 3026936.82746493 2913060.64284615
137 140603945.881387 139437471.606706 2578757.31830319 2513619.65116664
138 145978498.891849 143522997.019506 3198891.87700727 3057733.33236898
139 158133838.798325 155809872.910768 3090997.83555657 2958096.72903387
140 168058338.234902 166010158.684157 3198475.82036187 3086291.03315583
141 114496046.421748 113138056.830176 2121107.49476681 2050093.08880663
142 88996352.6550992 87797372.9058808 1676377.89502949 1614047.51116463
143 152597457.741908 150494185.632124 2902495.86177897 2780850.9920368
144 138694380.794173 136276849.402795 2852268.51009951 2713129.06915089
145 159921931.750053 157631552.894061 3214125.41004609 3086933.04459095
146 76462861.7885536 75389231.534887 1698719.08320961 1640284.79615168
147 161778601.393478 159646064.703918 3042072.10169932 2920697.57515925
148 109294174.764797 107943784.55833 2285480.50045455 2209561.94861447
149 172303490.297454 170112434.670645 3162933.91175311 3043414.49628864
150 137153237.765263 135151962.647884 2939731.3923417 2820498.16932355
151 148252079.317277 146344646.015763 2997904.33882096 2887055.40864872
152 189332323.028441 187846269.740059 3204829.8246404 3119096.66943409
153 125355102.663912 123431725.62026 3177994.16002896 3063355.2589958
154 155174750.238556 153201402.200646 3091108.64885679 2975468.02955033
155 186838985.000023 184084368.011376 3218534.12949151 3067105.94186641
156 181642111.386697 179652112.967354 3314435.82228254 3202397.06516698
157 206343906.962191 204217129.058725 3370452.31023328 3253705.50457135
158 117039514.489709 115242072.234986 2387122.32460496 2290979.88614687
159 160572257.148162 158175856.438466 3242490.28569485 3098230.98013864
160 142481995.37671 141104405.366655 2577784.19403898 2499234.41777752
161 111949314.324201 110310796.780141 2626297.7731539 2530935.47870981
162 137146593.473387 135609423.129728 2988336.24098097 2898056.12301479
163 161872203.020285 159006935.768125 3258503.3370497 3099812.1392825
164 182826249.282214 180482889.351339 3321320.4062873 3179102.77601594
165 130557004.485139 129719752.713132 2196192.40185798 2153935.56687111
166 80504075.369676 79697183.1479052 1555857.63675808 1515470.79323439
167 146906357.27932 145069195.582993 2920866.06878077 2811384.72874283
168 95550764.7858083 94716089.0534466 1743943.40230623 1701238.26221774
169 199173977.704764 196855640.311607 3446102.436856 3318784.23404761
170 175346559.168778 172833830.430073 3185906.69600639 3056804.95668115
171 154370041.077175 152565492.407834 3134104.91730511 3026445.88567067
172 124924596.85074 123632456.248179 2364873.28453828 2298398.6368002
173 136869633.30182 135051538.683261 2764162.4290351 2662432.02282929
174 147100159.768905 145561991.226483 2664870.59310125 2578920.23307555
175 198993393.2968 196098635.729094 3433424.7651457 3284076.81976756
176 153874309.040483 151495395.326099 3245366.41064223 3103456.15051845
177 165857063.703755 163635879.330606 3073475.11947008 2950142.68925451
178 160184443.207815 158075297.795418 3043779.65305237 2923229.34266011
179 109731320.189212 108008574.149314 2491915.64583088 2396735.95158256
180 139630697.837285 138459694.633711 2523239.29403943 2460516.86626742
181 94277924.8926401 93059155.1926289 1702290.87192288 1641754.08591036
182 159979434.409397 157229804.550244 3089503.85319118 2929087.69894609
183 163961279.837053 162235558.305521 2994776.93596817 2897825.00311271
184 108657246.38204 107207479.16094 2136988.04480798 2062686.05698735
185 125101330.604361 123165966.455025 2497372.30302077 2387948.80832589
186 153595116.299663 150861492.851896 3117696.51477447 2952766.60118134
187 29966862.8684473 29966792.2404822 341932.88244258 341931.543373021
188 133280342.446145 131616363.032415 2969688.40429271 2872304.27627515
189 200107678.141155 196184714.51652 3677164.59410304 3455990.75923237
190 141910579.432594 139934933.23175 2891393.18219456 2779848.22337034
191 126452639.183318 124247068.974454 2694365.62399566 2573123.03528527
192 83162457.0670576 82276210.3778991 1473858.03106081 1431663.41014139
193 177496290.854087 174963571.366633 3205689.11041937 3067010.53494948
194 145302956.323485 143211012.784764 3140463.1226968 3014191.90459381
195 129453313.210381 127100200.93005 3071057.33230417 2928431.91535898
196 113128427.37602 111605121.73823 2528443.56241248 2441374.98956108
197 184035927.541153 181897405.763925 3273132.4258675 3150997.1005052
198 127074816.873527 124518695.847784 3121828.54628172 2971030.73320248
199 140280885.580848 138444818.18608 2910631.26611607 2801841.44685036
200 138866126.557647 137537801.611638 2825920.87602592 2747493.06635358
201 154547747.345374 152313851.93681 3017881.79015469 2894960.26083849
202 179007085.406384 176972523.405376 3092460.74366966 2976390.24409629
203 109133208.178185 107811797.843867 2066220.88276223 2000457.50418907
204 169595634.624027 167594808.421804 3248919.09868715 3133039.26178114
205 158667047.519228 156250359.856313 3120950.88717277 2977856.06645776
206 154767862.559683 152462728.575838 3071032.77279134 2935116.02114722
207 107600700.903588 106607394.666159 1848512.91304647 1798387.1721297
208 138237772.093807 136738473.690416 2738129.07515379 2655411.38140289
209 186404218.807032 184171117.910391 3191394.11526875 3073438.70834963
210 155313460.044281 153026398.29306 3123385.2862281 2989915.66321308
211 99423301.2698131 98180607.6833834 2060199.51117872 1992418.39378158
212 168016832.458823 166065837.840936 2995724.19974284 2887621.87443219
213 169702521.718264 167525956.219399 3303451.54694245 3175466.51523275
214 159097536.000013 157156061.034572 2986906.89216148 2878139.34554005
215 123348505.555073 121709393.73548 2356784.98021982 2268431.66599776
216 157971105.89933 156377536.717938 3075184.57742597 2978923.6281312
217 168016786.477518 166631856.284681 3041033.66014008 2962860.77397268
218 141213417.705669 139657137.827156 2731336.5043454 2637219.49821344
219 143497350.277055 142334874.515715 2508577.72780936 2444892.9499817
220 39780244.4674794 39780137.0736551 473365.808736055 473363.723522977
221 158003009.807585 155920492.857205 3049647.09239756 2938623.52783153
222 157200505.216218 154762604.363993 3184334.5204566 3029575.55305006
223 201094370.275211 198003565.233859 3471884.32464453 3302086.88987553
224 130307776.723703 128952052.969644 2430198.26976836 2357129.66921801
225 126878277.784733 125430475.288806 2405713.32923325 2322971.1903931
226 64729574.1898687 63828778.6364199 1973763.48454688 1909532.83943532
227 107177725.181366 106269145.658987 1836694.21651268 1791074.7753696
228 149725330.586893 148180074.70341 3071045.86230819 2977451.12699864
229 137787048.026003 135585594.783098 2839267.38077323 2714675.37440984
230 190800770.824317 188207167.541696 3406846.04839335 3257851.94620399
231 164026570.147901 161886341.791716 3125268.57679352 3006685.59516557
232 131703860.990022 130361057.834793 2451303.30716837 2375669.49675742
233 150479045.251977 148144516.24399 3266679.38121921 3123617.04944135
234 135192913.029788 133081127.567314 2792822.54312671 2678043.46223762
235 121314373.867268 120026410.436891 2492495.07755046 2419725.48327814
236 167726369.096361 165488623.509873 3038089.4273951 2903213.99200841
237 129096102.55588 127863112.895553 2200199.83323667 2133367.82846545
238 186274504.369655 183678185.443884 3285618.97598983 3145477.38041516
239 108509850.689189 107513749.18865 1863819.82368418 1813654.87158911
240 127637675.803007 126152343.487811 2479561.3065036 2394244.60719314
241 133160206.834667 131396211.830012 2904775.15499143 2800602.87300256
242 145629560.076984 144300206.144349 2662448.15266043 2588239.2247009
243 130980880.240139 128634732.641146 3217788.42584346 3078364.19785471
244 181577534.685682 178224223.011263 3297198.68975762 3099955.55397946
245 210257262.698405 206546951.212814 3567453.58658159 3352825.25028134
246 16830493.5614392 16830344.28794 202901.520567791 202899.22345784
247 176021509.784855 173220069.048959 3319961.71373981 3165673.00056897
248 115277721.808347 113140258.116718 2422761.0074931 2301463.13127348
249 183557923.525067 181686435.409821 3214373.48904011 3107751.09477912
250 137998491.356648 136647040.330349 2656105.24049877 2580481.81351966
251 133246872.0935 132393408.383284 2394126.12011451 2348504.97911849
252 142435040.376662 140795315.715668 2986616.35317405 2894328.3718688
253 159297624.199877 157048289.565368 3177743.30612469 3055603.01154631
254 127209777.520208 125611289.50395 2719194.39166707 2622470.6397013
255 178864522.396221 176996274.116801 3092461.32924101 2990865.21890865
256 140445463.197383 138347387.211471 2872214.7241286 2757463.44634564
257 154080585.442127 152352265.106828 2815976.70802059 2715957.18974654
258 130733526.463809 129167821.142822 2782676.71393951 2693968.13875709
259 189789344.18184 187375801.762917 3338681.11741469 3199478.6218724
260 163276053.021733 160584245.77091 3238364.40609696 3084144.48639347
261 203761949.853835 201121226.251176 3424626.45321333 3282537.90047326
262 141773989.947586 139890347.165789 2526659.9065528 2425227.9787981
263 117667308.419544 116210362.367145 2381039.4203721 2299543.57282611
264 175502730.01526 173753775.188535 3267953.90524463 3166210.13726201
265 157397857.958838 155224427.739531 3154296.73378165 3024093.6844133
266 153269487.882544 151659416.568278 2841337.08211635 2743674.78791678
267 174262783.228458 172085293.942761 3273732.22440052 3152921.08323153
268 144813000.82892 143608393.203768 2956748.00127965 2888522.48282965
269 154075913.63118 151911167.895172 2836186.81210183 2715467.62267413
270 159123148.787721 157150384.199158 3013761.7546392 2900157.99991402
271 184937147.851624 182294915.031783 3313616.77541059 3162216.20059128
272 149337368.574689 147774986.928745 2964478.34525637 2874166.05765856
273 205316521.046918 203085491.040872 3552827.44810878 3424673.71891829
274 164150977.360915 161657858.884492 3123466.88429827 2981275.50255633
275 135705872.963289 134220892.053433 2447283.90945126 2364166.73860448
276 165772666.539227 163678367.480387 2958496.10978269 2844147.27626213
277 96053639.8518645 94745191.3519151 1917957.90228044 1846580.95242153
278 143741030.043463 142143240.99616 2592678.54962896 2500960.7259761
279 143850846.982458 142257119.045382 2518399.94829922 2426585.02890262
280 134318999.737909 132928348.245114 2620948.98814918 2540203.89556879
281 133770042.243728 132538443.86944 2333368.39216786 2267583.30158945
282 172918791.113345 170960805.509273 3021155.34329432 2912970.76434924
283 127544781.75911 125787394.611952 2704784.65172939 2606178.94925526
284 98848359.6915597 97427700.7564576 2173439.10112366 2097117.68925779
285 136854486.546833 135108907.391639 2911895.48004835 2811042.805679
286 108504912.102248 107447081.353216 2208355.32826253 2150524.21329334
287 156749335.494116 154736842.898982 2876943.71563616 2754775.72822614
288 151508609.494315 149610262.337998 3095256.35015911 2983590.83555244
289 179118642.234345 175934498.324062 3314376.57279253 3133727.4944542
290 130871611.724844 129280911.079998 2585714.24577119 2497171.81281792
291 72787301.4565695 72103053.39296 1238299.35786729 1205394.93157067
292 184000067.328069 181785043.843901 3205297.94730734 3083117.73590796
293 177410364.108163 175129130.953523 3306976.4259522 3179418.45917039
294 109279410.279588 108169431.81995 2051602.94648343 1991687.48097855
295 130786788.978477 129227829.490678 2618852.73582576 2530578.82353627
296 150266944.840951 148914570.074312 2862052.6605165 2784070.40747471
297 172246896.168801 170084964.085605 3185306.23635708 3067087.24326075
298 149277678.404752 147631378.530039 2906518.03349751 2812198.72811206
299 133637661.166282 131209906.888463 3254159.28145227 3103731.25374227
300 166333761.514866 164406855.508452 2986925.41615167 2882669.32798331
301 100504488.580565 99318311.1289706 1713329.51510827 1655362.4296512
302 108837190.25934 107508747.600317 2316117.92714699 2240719.84971405
303 126642669.468097 125131967.513287 2556209.8651825 2469296.62671491
304 156056245.994233 154344617.357505 2871693.75860901 2778124.06402341
305 56868881.6435727 56208564.3413429 1205740.33277905 1168899.77519258
306 118290744.910313 116516581.032185 2527502.62921852 2424030.79290577
307 166676143.06697 164510213.204561 3169030.79955123 3044789.86744679
308 139005745.317699 137179003.202742 2764705.57049689 2665990.8791242
309 178995767.86073 177005392.567019 3150531.14254265 3040173.70814004
310 108758351.643238 107733133.410364 1915935.90232945 1862094.27391913
311 185700819.722825 183597769.446949 3409479.04563038 3287779.13204202
312 151325509.259422 149679206.335836 2968325.44184348 2877735.67015219
313 126259580.601455 124063726.441574 3067424.18727017 2932163.2579905
314 186623200.48367 184107177.103951 3264479.43343976 3131396.39139994
315 150262780.56023 148126687.507935 3062953.52514977 2940712.77620918
316 169197026.131794 167225152.56895 2834744.21926328 2722584.06371419
317 109628099.923264 107879853.632661 2502571.99480081 2399938.94609845
318 185031291.232394 183004817.132996 3254653.47145886 3138124.28436782
319 144361764.44914 141928210.678697 3204329.70423688 3064518.39294636
320 102615833.239534 101524943.390541 2079903.54458752 2017468.30589408
321 138295415.99094 136321182.168767 2858882.53566518 2744044.12249772
322 127930890.876828 126476518.972387 2288641.50058934 2207014.3237611
323 141637807.364383 140093058.706856 2890536.10213103 2802915.53192827
324 151510616.295607 149326604.479459 3043393.18697386 2919940.08776635
325 158693846.332337 156766740.725132 2940917.98206738 2831265.48350157
326 148207080.226895 146022406.481207 2953473.0480437 2828642.13459943
327 132514163.052181 130456443.886246 3101592.19502729 2979205.34868059
328 159992402.738086 158087505.55589 3180706.05159113 3075273.36005342
329 98195144.8451265 97597545.8692422 1779604.69631145 1749042.08316076
330 107879155.259163 106759118.687978 1801336.48668959 1746615.57436965
331 186375773.083127 184193562.831312 3132869.20241195 3002638.19673048
332 111276088.444079 110188986.149817 1942179.13253531 1885582.46398687
333 124333220.733546 122821781.081974 2283311.82345842 2204467.2496738
334 190639075.781951 187435724.883837 3312663.00392183 3142318.16509916
335 149920982.325221 148046484.556599 2751327.96024863 2647979.79427457
336 114436622.47554 113254314.679856 2120742.30541669 2059340.86878571
337 221364944.281465 217284268.252493 3587988.72745033 3356594.19873912
338 202184854.564833 199837645.71236 3343617.21340451 3218489.4761875
339 114803174.272375 113616207.182987 2144946.9772104 2080164.33220856
340 149541845.077352 147678976.512916 2779839.16822699 2675624.40714159
341 100031199.047956 98928351.8678347 1841951.46105179 1784392.9561477
342 164284813.418761 162175228.714858 3094472.72358795 2975982.07223915
343 110361460.399235 108902476.940241 2379127.46084127 2300082.20260771
344 164987524.414436 162826451.669613 3107993.85402149 2978748.66845581
345 41358370.8341391 41358297.4724979 466809.72595935 466808.331355146
346 156139449.118833 154089881.197646 2918209.6093463 2804886.55470342
347 66352992.4457547 65906463.3502251 1013170.33691821 993830.644142235
348 117547135.247373 116640693.09204 1876291.14054326 1831747.09367928
349 94785556.7129029 93630903.8448725 1807434.61632835 1746872.39685005
350 129038168.17049 126747336.938467 3334980.74455571 3193317.08045945
351 103609865.597002 102332875.600229 2117623.94983804 2047832.50111322
352 170989080.123995 168831567.139176 3139672.29517681 3011504.82303491
353 168682173.968919 166925127.875445 3189205.60540255 3092290.29758552
354 192239751.599093 189667567.892767 3342072.24590217 3203594.7732517
355 122240002.841787 120819182.120912 2237462.32286554 2163277.45592017
356 141965214.397112 140299003.314659 2861843.58786713 2768291.74155677
357 148866865.260143 146721447.009289 3105356.2206793 2985828.81040958
358 168706538.841952 166997535.235352 3057996.59412471 2959043.60385348
359 149451066.549363 147760782.460637 3033669.74788115 2933260.21905056
360 130038956.599612 128384759.981144 2481847.77340948 2392688.98608043
361 177468590.051775 174962604.262114 3203023.19247111 3051340.77335812
362 109784768.149558 108775876.398333 1953618.86797032 1901168.80078212
363 84236764.7808485 83348301.51739 1509562.77527041 1464947.14355601
364 153319697.538415 151244602.906216 3022086.88996021 2903884.54412857
365 159231989.339994 157033672.439138 3063988.97108894 2940118.20671252
366 69566433.5734376 68775239.4205831 1340300.16171189 1299816.67345543
367 190776089.189025 188685870.161912 3333317.91206009 3214947.503727
368 131788999.947909 129771116.582261 2549799.86349561 2435687.93502788
369 178976648.907072 176645443.495718 3284553.25426243 3157830.48689383
370 163333115.606395 161211556.381961 3091591.00773428 2967612.37488845
371 121022778.499355 119629921.643588 2416700.8600812 2339056.70366571
372 106459104.258553 105498983.722334 1887568.52645491 1837951.56942066
373 144700076.530431 143236054.418041 2826723.43060599 2740662.37127376
374 133463609.68169 131890487.216691 2656411.19673794 2563215.34683107
375 196681583.22519 194289238.641123 3389804.82921747 3253276.06304977
376 140239467.23017 138564979.834986 2734751.37510342 2641668.49985421
377 146390233.94653 144109585.425587 3171570.7020703 3036410.05263993
378 141705757.806249 139964872.877528 2910585.66415511 2811199.59579447
379 165042703.841632 163040231.927459 3036342.29650098 2926856.60684045
380 117781166.998325 116484526.715493 2157600.05702552 2088891.11480595
381 181042065.683487 179352073.18047 3133979.55218127 3040069.17595912
382 160255541.284429 158137080.992416 3087231.0523503 2971273.49294825
383 168886325.639519 167104315.319171 3048888.54453342 2953629.89382291
384 139534130.506315 137962264.402927 2989395.43883361 2898168.08353276
385 39741891.8811441 39741734.8227053 431323.636477471 431320.691710392
386 143853984.199391 142820381.701939 2680375.84216054 2622958.6781481
387 135074094.282443 132566619.913457 3037629.71188991 2880559.94811682
388 193867032.601593 191506110.788939 3355906.98311983 3225570.66291374
389 136479204.467825 135346982.465626 2564627.09125734 2499173.08794748
390 119732433.557581 117567057.343176 2533574.0489838 2414924.21138195
391 134588698.436368 132901090.064592 2685733.87487606 2590586.75308155
392 79955134.0811135 79362815.7107204 1381963.94577492 1352636.94800393
393 147455489.372637 145004439.453522 3086160.29384277 2936278.08717415
394 111801663.538278 110168943.733384 2722431.27685503 2626426.26249843
395 188807405.660512 186671909.663983 3256884.69365761 3144162.23007118
396 162426212.115386 160115251.530754 2996952.13766473 2861358.82519778
397 162410709.323801 160194698.267679 3105275.17525556 2988605.14695889
398 30136740.1575491 30136698.8087151 364301.407031732 364300.684799529
399 122399387.068425 120719483.999903 2295339.40066955 2202168.99615235
400 159484119.925934 157152340.331711 3198131.9957163 3063639.71914643
401 174384530.629806 172475875.536684 3124950.76300884 3021249.65127498
402 175658623.39148 173587599.783459 3228485.16489527 3111356.21443139
403 154267644.576607 152366379.462535 2947718.57348817 2847166.69322451
404 82784479.4758607 81994004.5611038 1526427.82151967 1486952.23102657
405 164569130.787436 163221075.694299 2898766.45560875 2818804.93224449
406 192769786.693843 189900765.233314 3470500.34224386 3314614.72308394
407 94895311.7479683 93765238.2779299 1792003.11688981 1733690.75688442
408 169446293.917431 167368597.796639 3189457.01475456 3068366.94864559
409 139268783.381791 136708221.557772 3042059.49091769 2897016.03168806
410 127093972.335361 125711817.896727 2521092.81837778 2440073.19766622
411 107122923.27227 106009362.407529 2060575.53923345 2003570.95527199
412 130559940.934881 128683581.271229 2751703.93578003 2644580.03877173
413 148420417.624028 146918392.115982 3112802.23504337 3025343.39230407
414 159747885.066212 157741990.0259 2902999.30686715 2787807.51533991
415 204154899.538557 200907278.030527 3656742.21141138 3473508.17260567
416 188086012.333002 185956796.723497 3280476.8578128 3165458.37686901
417 129810767.992656 127716472.812332 2987386.48792366 2864435.00127369
418 121588708.997993 120853131.092919 2086954.77168974 2048501.68382338
419 159806580.905248 158131219.868344 3080071.35701431 2986051.60177725
420 150763200.769091 148471539.211735 3138381.79711624 3013546.37865284
421 95640083.9383782 94463906.0835599 1921518.84262813 1860710.06951666
422 66546517.2831045 65899335.3191678 1177178.14953363 1146139.68179397
423 170877876.041874 168756997.323333 3099903.85858291 2984595.19605609
424 162435663.235922 160299125.421663 2805700.39127424 2687781.66012941
425 169171919.7233 167532558.280872 3084641.65031936 2991689.86983212
426 183596905.951777 180333751.556458 3220855.75889729 3030271.95396754
427 150728001.961988 148863131.058162 2942191.29027899 2830668.76463618
428 148059892.362173 145454839.107159 3132605.32218789 2978879.03018293
429 122036131.329391 120407049.230967 2862174.46226442 2766850.29521142
430 135264343.587074 133883788.885467 2662520.72131681 2583272.14677629
431 110942890.095945 109708247.3573 2065307.39996466 2000816.46623795
432 116220008.816625 114940512.083903 2374718.48923883 2300582.3173984
433 140391908.558384 139274460.044304 2483194.67303323 2423837.99757422
434 100686590.30376 99607835.2641404 1982306.16396979 1924694.13695737
435 121297577.254168 120185033.579209 2310466.07396395 2250682.78366418
436 159630907.169173 157707131.084386 3055190.22340211 2945649.73747409
437 137577806.724885 136081681.785612 3017919.21820258 2929436.74008874
438 134579454.628468 132777494.674587 3046058.4009041 2941411.61675991
439 165227907.764897 162912958.946646 3166311.33082878 3036321.61807807
440 96172351.1825875 95502003.1197559 1762889.62094787 1727438.91855974
441 153638745.224803 151443158.238638 3056295.3527435 2937246.234094
442 146132047.999927 144156581.625758 2720070.38944416 2609577.16928742
443 125286982.329409 123997417.820547 2438148.93810022 2366101.23436467
444 171021818.887762 168514502.124028 3289014.50056625 3149876.66725924
445 157111760.164021 155448099.378641 2912952.3582596 2817962.84903911
446 157606715.957923 156073567.918489 2976198.27037232 2891385.28864542
447 159617659.688943 157842068.917419 3047854.64132443 2949017.3051852
448 138376619.808383 137115124.952737 2668950.38248296 2592618.52863375
449 217616451.752461 213367041.800784 3723384.70930323 3487353.58192306
450 146155579.393083 143513376.705387 3099143.49912109 2944400.00606412
451 171247359.86458 169157165.629901 3121340.51221844 3000082.92717906
452 107156539.531276 105717358.808106 2256860.02640618 2176493.6838525
453 125855227.147092 124060852.545131 2381043.19775392 2285843.93669736
454 114048990.908894 112231614.352747 2893771.48929082 2785685.48350519
455 125650642.234702 124440854.365318 2348589.08162599 2281360.27206477
456 168553981.798351 165782931.949136 3244755.4491454 3084147.79010632
457 107878246.90712 106757582.744723 1806008.92666502 1751181.50592034
458 109301484.385082 108150438.903849 1962693.90831474 1903740.8274819
459 152863786.193285 150934484.152565 2887565.87874444 2774150.59012129
460 198039312.745764 195725851.664256 3486848.36714798 3357388.25249126
461 128161156.293054 126960893.800146 2529508.09862747 2461344.05296155
462 152844992.932989 150959700.849575 3101907.66956932 2993819.50599933
463 140776727.360488 138854164.749434 3078506.22109378 2966038.72400782
464 119622920.672377 118176928.063565 2487982.5806574 2404077.44696595
465 140096752.485231 138843217.596372 2872480.72960522 2799711.24436182
466 120519630.705083 118559587.262187 2589785.31957417 2475366.04374181
467 209169437.47221 206066254.080373 3613523.75774979 3448435.64869376
468 148140860.525829 146180837.11607 3121859.46445677 3005961.51010206
469 117799537.75828 116657571.537058 1992322.36263401 1932507.37986975
470 131015624.961471 129301538.057672 2865902.68902559 2767973.98798958
471 148593835.660151 146117694.216669 3303464.24798994 3162713.3091496
472 191585606.564391 188605239.71218 3301566.27265176 3144285.5022631
473 153010538.612673 150624850.419555 3041832.98589322 2910733.33606524
474 146255520.461473 144187202.407296 2965958.75538137 2849794.55784697
475 194283775.408287 192198459.551713 3343377.27861 3232215.4967094
476 154354090.61462 152835601.415202 2956223.79137475 2870427.42018603
477 163254151.329136 161279155.813436 3066675.25848564 2954205.01422179
478 75821066.3519155 74869296.8607924 1427108.81632717 1377601.21539647
479 121893509.723165 120171244.914267 2575400.18111244 2471072.15448541
480 25225013.175513 25224976.5401211 292592.953913688 292592.236906814
481 153806692.524386 152192333.998257 2963440.6855394 2875542.51346393
482 158475633.551514 156868908.493057 2882763.33674701 2787667.5529313
483 138844553.357253 137268755.356004 2851820.93061586 2759348.19251171
484 104897686.630667 103742354.690292 2078088.53697447 2014725.50957841
485 119324531.926657 117504456.137464 2873288.25626328 2766211.86644643
486 126863136.147311 125406904.780775 2669256.89228045 2586427.557323
487 118015994.223821 115833556.699652 2987483.73226516 2856577.39040224
488 154983414.340723 152424468.889558 3074398.78377837 2923754.67599387
489 162761800.093985 161124563.717079 2943024.97616791 2850547.91613859
490 152174406.429199 150564801.349009 2769592.52755946 2685927.99132772
491 102769910.633835 101513263.573244 2038515.48747146 1971059.83913484
492 82212634.0267407 81779360.8868612 1371930.08673914 1351063.14698039
493 158520290.017098 156368685.472408 2886917.53130246 2764147.69569552
494 98409656.3365561 97119535.4101972 1973650.73755643 1903815.95205943
495 203351870.044351 200779465.407232 3505959.65872686 3360941.20150551
496 134704652.533547 133336559.647514 2577701.80612249 2499067.93787474
497 113078729.22163 111626604.986603 2224626.73937637 2143809.65334499
498 135627391.594082 133520656.795671 2922984.67528168 2796163.95975641
499 125279978.999366 123851413.605468 2560440.10701367 2479551.24238938
500 175568730.155178 173746718.530927 3300334.24621962 3197337.08101515
