ID imp_con imp_vac i_con i_vac
1 42709330.9333008 42345595.4702615 977940.723644121 952277.0483411
2 45851484.9960316 45333924.0051378 968690.645441086 931006.059903997
3 44722425.5688237 44313979.1622694 947688.080101088 917531.280913066
4 46132615.9462851 45583767.0049539 1002671.77983969 962871.718039904
5 40760377.8889648 40491304.7035154 843905.446855793 825353.329406015
6 43232406.4004104 42796612.5468499 883215.094639042 851118.572372348
7 48015107.0720229 47456225.3712956 989228.874252779 947317.779445503
8 42849258.1921236 42518850.2229798 866321.595464653 843577.218783199
9 41255816.3245474 40913009.0986636 795930.736585442 772577.881379781
10 44018425.7579968 43662920.1999017 900416.777289544 874928.673610219
11 43925367.3550307 43535465.5856566 946615.654830806 918297.678148215
12 49249569.5074282 48664945.5112376 1022646.3506905 979573.649237422
13 47672958.958242 47200873.2561859 1055250.96108292 1019850.35936783
14 41724793.2895709 41392825.9285276 894075.486955947 872108.240532156
15 41102326.4900387 40810878.9755296 793331.644039837 772863.313969476
16 36511656.4000791 36268921.727438 692849.415160176 677255.98738079
17 44018245.0543646 43614461.2970293 876350.691964866 847387.87674887
18 41902029.7916067 41581871.1597105 903428.526197194 880961.189968743
19 46000384.0479395 45484303.6415471 999055.968352824 960817.588195682
20 42454871.7346362 42208432.0400808 937994.964932441 920723.351378286
21 43783677.7446814 43322719.6938813 851461.862591751 818155.327588758
22 49554772.8420549 49018043.2015535 1043858.5678118 1004511.52043677
23 42699403.1493584 42384884.7407632 951258.898033209 928753.334969169
24 41015066.0897542 40763557.8696256 847807.388578303 830729.338882723
25 42958366.4506608 42663987.9816422 912545.657609796 891718.923167123
26 49119114.0911947 48485175.2447036 1084758.4957224 1035506.81633374
27 42948167.1553036 42635855.4971693 865547.802968463 843440.773603969
28 46397741.9687345 45965075.7091665 1000734.56583745 969405.678917453
29 39068730.3354597 38783544.3247687 823565.433882604 804264.36691534
30 48173034.7017416 47575864.7834971 967710.021911389 922227.558121373
31 38221112.4194543 37948503.6505512 779224.254244958 761566.850389829
32 41926035.3430734 41688990.2503881 895036.242020488 878044.984577602
33 36650612.8152298 36442121.8914776 744656.426960308 730951.703242249
34 43345988.5042189 42957391.2428841 849368.853299456 821594.369092593
35 42024717.1619365 41697147.7998112 828466.617844209 805641.146880521
36 48149594.7137995 47705082.9624742 1034830.07733628 1001619.65422095
37 44239620.2602434 43889506.0459809 932386.654995533 907386.704587659
38 40241449.2680964 39852910.8935074 806454.64126437 779255.494206107
39 44858568.2402161 44413986.0831412 1004347.62433386 970476.681544776
40 42203849.4389888 41871979.9951456 879036.672733039 855566.91565323
41 45799236.6667429 45425503.6022035 1004988.31194059 978179.6177953
42 47787015.9785796 47294273.8875758 1062432.53016594 1025553.49223325
43 40568148.1506261 40293197.6430887 893583.353728459 874899.669528807
44 44143079.2801718 43715494.4307214 934280.891963843 904010.933339038
45 43622203.9140743 43267387.9452263 919532.402906723 893386.576630261
46 37972896.2690946 37762130.8307959 765461.765366096 751572.423675934
47 42937411.2698676 42568852.1704851 904461.51412628 878156.902176006
48 48142985.3344063 47606225.1916966 992536.948467977 953896.356571925
49 51124329.0093232 50453422.3790503 1094058.44196535 1043130.70575537
50 43267716.4287826 42842283.5233217 849483.280004447 820411.348109481
51 41034696.974401 40740770.0285066 818333.151525276 797789.43869847
52 48491667.5407984 47899433.4464486 1038194.05676299 995350.154191045
53 44131663.9938036 43776823.7409457 921758.477200777 895949.905593434
54 44606322.3774086 44191688.6658025 917795.602854153 887580.960708223
55 49358558.5840201 48745283.8363362 1016924.12635355 970064.078425631
56 45621435.0401016 45105690.6625269 981440.465190117 942546.046543842
57 53255656.2442068 52625651.626908 1153848.70599586 1106077.12542133
58 43120588.5067561 42722378.3139199 872716.848768432 844058.085385077
59 47448994.2714221 46895859.1171477 1015275.09147205 973356.068133744
60 51061659.0614685 50462777.0390185 1091826.16337278 1046644.21020867
61 41417194.9244433 41121412.1586742 850303.004632417 830217.993228322
62 46767702.7592025 46182993.6441949 931909.082332538 888993.889880363
63 44194625.2771131 43858704.8675225 876448.573179386 852246.655478216
64 44204393.7392946 43835533.8638626 1044891.08657349 1019190.70769984
65 44313169.8522357 43970031.4234341 1040743.55331714 1016130.0000776
66 44837051.6075669 44438340.5862747 937992.35049594 908344.792621622
67 43518380.1950337 43153583.9808092 958549.671076423 932913.715675005
68 45739561.148068 45302105.5677709 986213.619506314 954030.617236709
69 47456789.1760119 46944159.0603505 970486.613648061 931618.013212503
70 35847779.6947383 35691343.5608827 692678.508128094 682796.199572953
71 46954984.9200804 46461194.6404571 996982.326363921 959699.468212322
72 39425185.3999014 39190479.5600239 772294.712598314 756135.740657834
73 43684852.9734659 43285127.901381 918694.915799494 888794.571207355
74 38779306.6305688 38502532.0925857 844448.417746746 826519.003644079
75 46363855.9158608 45892823.104266 947361.516351559 913415.967304299
76 40290104.3977132 39983720.0424851 808074.510502921 786890.939019138
77 48539536.434457 48141905.4336674 1075005.9785723 1045306.5306634
78 43323878.7007068 42992306.6411429 871304.802918595 848146.836390033
79 37629746.9904894 37357218.9382946 714314.216473371 695902.325723592
80 43231759.0012873 42863477.1207698 884039.265235093 857873.538639409
81 48494050.4384706 48035048.5495603 1045489.91793112 1011139.70288304
82 47190269.1981897 46593926.4591251 1012614.51271209 967252.667453692
83 45908009.5375812 45506723.8757425 1023122.66943735 993936.788175256
84 46764697.994236 46264631.7183567 982046.804928327 945640.25535432
85 42924670.2449807 42589629.2472845 946346.126567096 922891.445923174
86 42762985.4818581 42436866.2235714 830442.690138763 807426.480759172
87 44454276.8652029 44035590.6612249 956145.435113484 926596.071373761
88 47714464.2771077 47182720.1771848 1031303.49395941 990278.308965178
89 36449531.6716949 36199428.0831539 716921.322350626 700957.542618106
90 40983179.3162824 40661527.6444103 775628.442641857 753450.626157309
91 41985894.0523387 41623528.4606169 947486.305105509 922210.053758711
92 43083634.2843911 42751124.5323824 896333.092336995 874108.949451972
93 41279900.120273 40975811.2926278 859806.172042529 837591.939539847
94 41619461.2196395 41304415.5110864 813990.053706367 792549.725478024
95 43318948.4830422 43002458.5051356 881321.525194865 858559.982030308
96 38833855.2663919 38577771.7475678 784448.852840402 767239.404035311
97 49014362.6760281 48446261.4803817 1035650.50059274 992815.758891265
98 37855813.6896803 37638234.1001453 866560.573114297 852735.114725681
99 40945489.4845652 40560962.0986558 805445.027198932 778726.661485089
100 43474706.8828324 43084462.1879557 900512.847622762 873189.658027702
101 44619826.9020298 44165770.7651977 940474.663333617 908910.814506113
102 45836137.8297952 45399210.7378906 921696.853947267 890302.242046792
103 47558004.1557433 47015151.1056537 1034946.06901025 994950.6017026
104 41023855.9265771 40763834.2492355 836269.33170583 818641.626860966
105 38139211.6505318 37877383.7798536 766635.237444688 749556.499958315
106 45198792.5820352 44784638.7840459 933326.855638667 904120.013229548
107 41388106.8047743 41085434.6168673 826475.581030078 805984.117857809
108 39586757.7896601 39308558.0129971 776509.861845018 758009.967697243
109 45727358.071848 45355124.7518876 974892.669782679 948210.337919263
110 42358350.2048405 42051842.0783476 907304.237510749 885774.015673416
111 52808709.5732008 52147764.7453657 1132633.29034057 1081563.66463719
112 39565159.3813683 39253059.4253879 807891.906099949 786775.782909152
113 40006799.4779396 39690609.9324958 778404.826602174 757026.035150871
114 48214994.6279384 47718515.1080144 1013846.32059403 977859.770098754
115 42715823.4936812 42371371.046723 853959.895047038 830202.532355768
116 44819470.28789 44485996.8913474 975207.613863784 951622.816730283
117 39163869.570012 38881970.173023 759993.156198425 741240.915735406
118 47797843.0625637 47250320.9013542 927258.141344536 887090.586311265
119 40206993.2429042 39882053.4449926 859088.742811473 837162.795494921
120 39348498.4195562 39093380.1531528 798691.572725444 781533.0233999
121 40714339.5897298 40427186.9685592 829708.010678634 810267.319418912
122 46774154.1339515 46221583.6335873 996088.898564408 956276.127117807
123 45418205.1275537 44932202.0218677 901811.916872736 865998.339188055
124 39826953.8186727 39538556.7805478 838243.161713155 818600.425512675
125 51790494.3158344 51250668.5361213 1101526.61302458 1060539.66454947
126 48621806.7578416 48106148.2319212 1046189.26964542 1008273.41004655
127 38433893.6151856 38182954.0965194 763901.491084504 747345.065680278
128 44351271.971171 43990914.7964768 942827.333862353 916609.18723841
129 47682555.7853244 47331965.7878579 965552.793840637 939404.265811588
130 43827392.3296657 43393287.4154085 965085.992990951 933471.987969515
131 46406122.833467 45852599.3906413 932730.253544718 892182.21891443
132 45311272.9886501 44925830.0652413 988351.533498777 960704.79970048
133 40644883.5208459 40338731.2073198 871074.294006404 849588.792715488
134 43169687.2628398 42662735.633813 840117.148776939 801496.998036351
135 46174534.2735222 45650497.9591903 985486.241986393 948255.920002789
136 43393305.0435315 42951668.8373685 869680.555398498 838095.540010344
137 38377353.2441964 38150236.5165346 774953.102754403 760421.075237485
138 46468675.6049195 46034757.2578983 1037431.25609903 1003988.13078129
139 41066683.4447232 40722448.4977903 836587.953704885 812727.636247386
140 43165488.5988296 42815619.9596194 980973.121464188 956315.26416649
141 47755751.8760473 47259449.2129141 967009.242636974 931224.84801212
142 43182041.2206184 42825097.5094418 891308.670221582 866562.631556991
143 42416144.8008225 42087237.8868303 868164.851411824 844736.492950528
144 41143502.7390344 40864786.029813 842780.542587662 823989.351066264
145 46248641.8598906 45820353.5300087 1010320.94237539 978490.248429457
146 41701012.7274279 41359155.5386835 901074.425995812 877455.090401744
147 40943346.9341874 40610239.3846035 764423.496050733 741270.575132998
148 42578403.6589717 42229026.7105253 848982.679422028 824430.390054578
149 38427597.7703161 38168362.138203 752465.049007036 735985.653608516
150 45500156.4963862 45142612.1218682 975482.222939147 950519.914148458
151 48026048.3384613 47536381.1583872 1026684.36849395 990092.339613934
152 45164334.5488088 44801173.0149133 1012848.71764397 987283.191099294
153 47056178.3595789 46581728.0575856 1015257.45076788 980831.78169024
154 44848648.2609233 44443696.1263049 1018681.06801917 988060.080258138
155 47331975.3151726 46995557.6522077 1005428.40731295 982014.628079099
156 48227644.2615008 47740022.4102465 976623.13447496 941364.454197068
157 45401374.2685541 44860314.8624094 904883.527098612 865184.055515578
158 41950109.458053 41625183.4100394 828140.283173988 805665.350375743
159 45308326.7936133 44838775.3455966 969698.75514791 935341.467801983
160 38883064.8805482 38621187.04815 800453.544368857 782925.118201414
161 42561397.6353869 42238948.4594555 856639.732740591 834128.305608855
162 45822866.222721 45424944.9490119 979251.173482613 950962.254620957
163 44836233.9753921 44373965.0291651 899393.24268012 865667.845608608
164 49090872.924617 48510265.0584384 1016935.73377845 973224.083788972
165 46764870.016347 46263056.047206 921811.16990974 885694.966560191
166 43166769.965731 42818732.4905338 900687.401272829 876887.289033544
167 41555300.3415591 41216034.2322511 891757.571462634 867884.96789496
168 47314599.1450082 46765864.3515764 1050732.11367209 1007326.81521167
169 46932298.9183523 46378052.0631619 975519.250627932 935071.277346221
170 44752521.2314276 44389436.2000415 938338.210536888 912045.462397712
171 47715665.0842913 47261496.4394717 990789.823022272 957934.476683314
172 45618425.0115083 45099611.1273676 944950.33724541 907800.74384339
173 46859205.6873963 46472659.458122 1070851.11291985 1042196.75564809
174 42552195.4626152 42201112.9544144 834325.220185406 808717.882120876
175 41435011.7247589 41068400.8985195 851272.300571335 825674.335894007
176 34635634.272455 34459113.135026 622241.772241878 611197.106068515
177 45858556.2836885 45451314.7011708 967980.110558133 938249.160435009
178 46258918.726615 45759063.6347322 927512.670669584 891584.777834455
179 45593425.2878737 45075836.8892387 923602.13501729 886782.752128944
180 43630016.959876 43343557.0578925 920564.572906101 900681.865427416
181 49448565.3495858 48743046.5224 1005945.11842713 952577.170049161
182 43530855.8937641 43143828.2094548 943241.980409068 916713.830786608
183 38772888.5117919 38479920.6211816 776083.789742599 757037.606594974
184 43676817.0704364 43331562.9616401 870346.434856719 845705.678157864
185 38381481.6577348 38149294.5224505 743224.243492594 727788.354325354
186 46093419.5544076 45707002.8985908 903509.525100905 875390.438046845
187 37102731.3784084 36893303.7896319 724268.788266115 710741.643978168
188 37190856.2753842 36935460.9651322 742555.397725756 726240.236028308
189 47189675.6282112 46645256.5056014 1017270.44075544 976650.420793828
190 42295406.9128843 41839459.3449201 856998.052214829 823156.76665794
191 39807869.6233677 39516285.1392163 779124.989355937 759690.854929629
192 43657292.0344635 43310527.6658502 885853.961729739 860447.051447654
193 37471895.564179 37238744.5230421 769395.260483793 754714.343431727
194 44334022.3347163 43949980.8523172 895624.379835958 868385.011815576
195 48138653.7035304 47512289.1958346 1005689.85402875 958813.671733891
196 44093490.4071431 43662845.5425545 998151.78074106 967681.869747973
197 45472103.1657222 45113841.7151475 1018500.76740063 993250.720443356
198 40132713.1322553 39865326.7249013 805728.650422291 787342.976589652
199 52858333.8801829 52088067.1191059 1104967.38498794 1046100.0940451
200 46187381.7240342 45764068.2500238 982940.129872741 951930.75339819
201 41031745.9227979 40705917.9053486 866425.828338547 842041.034119261
202 44973601.283735 44480296.8680556 884414.798211829 848958.334305226
203 40126304.1005369 39858111.2544636 806678.167847496 788896.5502241
204 44754581.8053 44318221.8149275 975131.246292959 942400.784001192
205 46272265.1491505 45696652.3614081 896475.638460082 855457.115535091
206 41940302.5580738 41567235.5306585 901158.265702092 874876.892660732
207 44594288.2949885 44139278.0410574 929182.969421532 895878.783820783
208 46122464.3037672 45637040.5961283 951444.35088597 914264.383919967
209 45569612.1129642 45109373.5653981 971389.426268671 937815.416641667
210 41099764.6948485 40805255.5606573 820258.321480169 799131.75210892
211 40216807.3940333 39889955.1847396 892712.074334479 870397.86706705
212 42201632.9143788 41900267.8568651 875355.328910907 854157.47939383
213 43656230.4035816 43274958.9549623 933653.505666622 906691.87622806
214 38273088.9764767 38063037.1666619 723301.387073026 709561.8669415
215 44800809.1385897 44421099.5738055 1022081.10308492 994026.561041652
216 40197889.3722053 39944427.8105145 898206.333369669 880652.37270784
217 45868599.7248742 45512808.494053 955952.549722016 929860.301528771
218 38413081.5118902 38131215.95263 730120.568724732 710049.516531627
219 48982248.3024355 48487562.6069577 1056570.2411876 1018579.07569419
220 43791148.4656154 43353976.7614908 902072.255828629 871011.110664062
221 38634641.5733757 38391835.1492125 765792.135972159 749951.820092155
222 41593744.576917 41196012.3483351 806087.834559531 778911.922551739
223 40626641.5370866 40325802.4674675 825221.154396168 805121.845158998
224 40235647.4474274 39899416.8532139 777718.176635693 755364.530509117
225 45143814.0565642 44729804.424722 940936.206313996 910025.568686819
226 44167370.3524597 43771172.3628577 871734.374085657 843679.052497881
227 46485878.9772355 46016914.4919409 955195.343733237 920932.724543888
228 49509425.723875 49003132.8213099 991300.531851257 953912.612808576
229 42423149.8875934 42056602.2581047 857087.359090456 831743.79933093
230 45613153.6220138 45140842.2697132 947631.136495288 911643.178850375
231 42548612.1557577 42213080.3595967 867097.190059831 842251.029731933
232 42733095.7065683 42426690.8418243 925918.029968513 904408.339888633
233 38077221.0260168 37826091.6611339 804776.336809492 788166.768772119
234 40634776.2843914 40336879.1355298 769033.19063343 749496.23639498
235 42929239.1873912 42538622.5429548 867082.569799619 839981.29618864
236 46129169.977842 45691540.2733266 965136.401993654 933053.686775775
237 51181631.1446847 50502306.0095411 1097501.53200999 1045241.07848311
238 45374107.4523864 44945835.6200679 950382.651577732 919123.197247959
239 46155730.9280551 45742462.3072222 926800.773200864 896891.385514732
240 43963034.1515865 43616747.3222729 924797.743795644 900829.02551874
241 43401752.9038877 43009231.5164166 866536.237645127 838553.956420299
242 39389581.1291286 39128752.5897945 781148.486268188 764150.517352159
243 48748660.9232873 48279672.7429166 1098157.73347637 1063456.1775468
244 39558542.8347685 39222919.9138597 736301.100180862 713958.937293597
245 38206721.9829663 37956946.7168082 810472.415292499 793844.758074404
246 44201814.3612871 43820820.7751953 944841.5114739 917118.686884627
247 48331877.0443067 47763843.78053 975234.590920576 933631.628087806
248 41510469.0307702 41204331.417336 872469.217218008 851782.802575183
249 48849168.1884167 48362093.6292374 1128961.84894959 1093997.22846609
250 46060340.6036013 45676782.7905458 925417.052704703 897961.544136896
251 35317359.9900504 35090755.507439 657529.638246244 642840.683386968
252 46433188.2491668 46047345.4318152 1022826.71615775 993658.036151356
253 38038382.6137416 37795042.9135146 752602.970498449 736797.63563828
254 48334543.9182609 47817490.3080798 995722.84860226 955885.105322997
255 38989525.7047512 38716999.6992741 772373.507568593 754325.379725605
256 52627170.0614211 51897749.2456042 1087118.67365491 1031499.57640109
257 48306791.6328837 47877523.0223875 1037680.91282272 1004925.19256453
258 44379904.7461198 44005202.4642576 932288.534792384 905879.36717393
259 47896089.1810569 47311699.1826854 1005597.38722749 962851.557741521
260 50221171.9092252 49608498.0546903 1051343.9300141 1006006.12026279
261 40113878.408115 39813551.0884032 833196.281322687 811860.295843567
262 48197663.5908516 47728651.1892774 1026073.72959198 992059.725384263
263 41361286.4992826 41051715.9264964 854060.430481739 833112.551768991
264 45177645.5298503 44772285.0593821 927910.433547214 899332.156841775
265 47217695.4313041 46699383.1758107 1076263.9716189 1038540.37041238
266 43539120.7386407 43179345.7187072 920065.526837811 894270.199894446
267 45652979.5520042 45312338.4005267 995031.61235882 969361.572436141
268 41732131.7216278 41469025.4914699 893706.315951482 875943.384758608
269 45399329.3193878 44993165.5425303 1001253.35250683 971935.281779674
270 41086453.4268242 40819098.9657868 841866.984017212 823518.98884794
271 41859681.9834863 41558985.6018578 862970.1172977 842405.675959367
272 45252466.4725616 44811083.652202 912435.909160558 880413.726086092
273 44632527.5839075 44245490.7616678 916449.352119559 888058.201592342
274 46343224.2360184 45993192.6548156 1021985.50238968 996804.446696369
275 46068254.201353 45620707.2012668 1053147.66692215 1021165.82222183
276 41525887.2007459 41280302.3863928 883464.901700296 867250.3583033
277 46739874.5306925 46314958.7913324 960431.13930237 929439.29469226
278 52469137.2540286 51746533.0857852 1111156.21427024 1055515.93833332
279 44919362.3793847 44518212.6940108 925223.854506024 896102.216258789
280 46016756.5114523 45619860.63053 1027027.06572551 998372.270429824
281 41931812.7663999 41607306.0039078 831795.104837794 808778.04487395
282 38815098.6363526 38526710.8316855 832385.126236037 812473.648418504
283 41983223.4700446 41680284.0660134 842293.045737458 821462.298854255
284 45159017.7744691 44626142.1991335 959269.343944223 922299.079162403
285 46164460.5008788 45684695.2566776 955705.756154038 920971.141943696
286 44998851.1143244 44520539.8821178 963030.806020003 929235.721293675
287 41136543.1821812 40860748.0918324 879550.050046735 860810.27183531
288 37322203.129805 37128408.723018 759184.267040713 746647.399020481
289 45430077.0431901 45044602.2198504 940154.110361552 912590.561798116
290 45686047.9678665 45318598.1842631 1007160.69699829 980025.097572437
291 49839874.0966005 49144017.9811312 1029910.5393634 977596.99071487
292 39140536.0595422 38886597.0404791 808731.651940258 791825.341527132
293 48436296.5263121 48046318.1904082 1017997.94046146 989340.620119463
294 46643765.8627425 46115446.7119231 945161.568847404 907660.931179432
295 40572023.872381 40321092.5595749 849374.478218394 831794.863504635
296 36028139.1356945 35848865.4941343 695777.162550893 684158.016408715
297 44357247.8028436 44007657.1177523 870813.457308348 846061.280200329
298 35225102.9467524 34995047.5511241 629696.689610522 614669.918855421
299 51544708.5652025 50807773.3420404 1119997.90058065 1062741.21047229
300 43555963.4409701 43233359.1429568 981764.811334211 958807.201389309
301 52581846.2852591 51804667.1830377 1178031.17859959 1118089.22766144
302 47725024.3153132 47191079.1671983 931661.294372675 891137.208636971
303 42603574.4120739 42270479.1997327 850555.363858641 827602.912330219
304 40732457.446515 40480703.7049832 854578.606603344 837714.428343711
305 38797727.2560446 38577506.373032 797868.22068312 782956.597636438
306 45667191.6058413 45253403.3335219 1021929.74965643 992344.678622204
307 44927407.4232924 44544442.4578594 998895.175471318 971586.96840134
308 49843152.1491627 49298453.140863 1104917.49089745 1064270.8181705
309 43533151.4060851 43147777.3856972 816729.36277747 789391.471811279
310 43925561.2226914 43509457.3355394 915479.090593048 885358.691484624
311 53739139.5957368 53075466.1791363 1161159.00328308 1108605.96936246
312 41535388.0773309 41231976.7740046 836513.051485043 814926.71353024
313 42297759.111912 42010470.747761 880782.917882795 860826.515089431
314 47389435.331967 46955941.9833092 1051914.1383027 1020233.01650423
315 40437928.217578 40119631.06455 821851.13464249 800847.122655235
316 43802535.9935812 43418556.1079667 889112.98443391 861424.187667034
317 45427447.842434 44940544.6420978 953936.905509604 919055.869483419
318 50614456.0633528 50110360.497394 1074272.30402153 1036855.70698298
319 47890038.3447098 47437810.3033725 1047948.44153573 1015480.15360194
320 45789761.3903496 45279980.4607268 1021111.82694553 984075.528416455
321 46806370.44419 46407096.0021625 996998.637974413 967918.240699605
322 45782229.7612397 45261211.5804144 1020866.10376441 982902.20767424
323 40835081.0278327 40549126.1387838 922824.878854661 902893.570720393
324 42965062.0120003 42536969.9439423 859227.524689807 828771.976686273
325 47827160.7945761 47276214.3067303 978503.928046264 938313.109255507
326 45681041.2618528 45274266.779195 913896.160806389 885047.368027098
327 46226858.7416755 45817611.2092119 966973.969806648 936879.727170403
328 41625678.7952656 41261232.2959973 862460.746755646 836055.683662033
329 40457889.5037365 40166732.5812891 808572.323828994 788422.151582617
330 40228689.3335107 39946642.1843438 901627.209170338 882012.878171855
331 42599756.8416003 42236810.2491923 866666.828727779 840546.539128814
332 45090174.7346108 44670360.0175025 923250.254973045 892349.077747811
333 49399230.4082875 48923432.0669193 1015701.54303803 980447.474894851
334 39927816.9593483 39601747.2852335 859164.470944726 837426.417004947
335 42484809.5634329 42159535.6350787 853791.857583389 830892.639069824
336 47062397.1623056 46585623.2087131 1005066.32717698 969758.7439813
337 41211240.3371587 40889832.9124866 784831.01423721 762520.524502176
338 45768272.4352982 45330618.6233688 941416.01464257 910654.485836092
339 51032180.1322986 50376367.073304 1141788.51067498 1092214.77184996
340 44747530.1349009 44313848.8771669 1000421.88591097 969346.7164596
341 43499156.1068516 43167333.5386657 963364.693854103 939497.961530086
342 40175057.1559801 39853409.8289635 807539.088971613 785268.668332534
343 41640229.9081697 41392537.0143448 808162.556320018 790760.201172187
344 46453120.5380743 46094604.27085 997603.473085501 971059.121056663
345 49370907.3435209 48840490.9032212 1084894.83072947 1044621.42481163
346 51388255.411208 50697693.4454744 1088441.13304941 1036145.4160281
347 47558713.8847708 47150352.1617301 1126565.27157032 1095957.62617763
348 45406661.5106803 44975812.7704126 950119.898807094 918970.93993376
349 42143049.9611397 41775253.618691 904237.703369415 877753.653833376
350 49863933.9924345 49405294.9930753 1138226.48369238 1104064.8540956
351 51842294.9543042 51170238.1382041 1031467.43725678 979741.301026226
352 45552706.3361207 45229294.0333453 990099.990069505 966275.885539221
353 47310219.1455741 46883405.8797148 983954.445719317 953580.947766221
354 41065189.9283277 40705961.6406338 797525.227303272 773032.478278038
355 46627298.6643957 46258861.8175097 1010992.81800479 985056.879669035
356 44289375.1593853 43923649.6410058 993280.03850778 966982.015997327
357 36525727.6564869 36318239.5158977 732668.865316021 719041.943450879
358 46454326.8026331 45976179.7732058 986883.464562828 951628.38857248
359 48119387.2149131 47601373.7817513 1004139.79457898 966135.039167359
360 46674561.7742599 46186211.6187462 927000.915896836 890421.301616906
361 46403414.8524967 45946239.215172 1013584.08738906 979298.549448005
362 45763185.5961901 45351977.0690324 944380.363999735 915131.593746128
363 46268895.8920821 45814757.5894154 1003437.24127985 970182.945088072
364 44540153.9554964 44127275.6608687 934987.483362532 904937.324453364
365 40870734.6887489 40599998.5002693 846019.571087987 828041.534293322
366 45612075.9357208 45155091.0533952 956474.686344029 923069.294886332
367 41643541.2237684 41337347.3237763 921435.122857313 899656.255442752
368 46558075.3101801 46060443.9751634 992374.55738226 953818.915527905
369 40341018.0914884 40049770.6822711 836513.065162563 816697.478788272
370 44738451.9276582 44351210.9818175 865726.847140474 837636.177572901
371 46977972.5427111 46457825.8565025 972553.562353543 933741.468224496
372 43694702.6643562 43277811.7117716 942954.443530162 913331.06868122
373 40646442.9131153 40375496.4939001 824849.160702477 806877.704721164
374 41129973.5386216 40836994.7733925 842016.257665401 821712.026974069
375 45202395.769699 44815697.5751849 961364.65947551 933536.180214919
376 41670298.0281072 41316459.2073381 860582.117028514 835807.599608554
377 43843444.9402403 43449611.6216081 911998.105279821 884022.242175698
378 43110659.0736415 42799561.759214 890705.698905021 868964.225423721
379 45647327.8945125 45211763.1620308 979357.48147376 948027.855176455
380 45818746.5320868 45380500.1447426 974047.180920371 942272.329267743
381 44857626.2853107 44442155.1007481 972863.391675628 942627.443125941
382 53273572.4587221 52468864.8822902 1118375.24911449 1055791.16356267
383 43446644.3488038 43120619.284676 975544.096921106 951704.227586982
384 39620664.7322512 39330891.6274297 823566.415256271 804658.598428923
385 41877489.362148 41490950.8656357 879612.171212856 850895.08173602
386 43968371.2937998 43542746.6541503 938246.433080262 906899.758766729
387 44948533.0584666 44577426.4624576 905858.310610666 879793.681047227
388 36726856.185662 36498500.9053851 733694.277291244 719183.981330753
389 43766709.8911799 43422822.6133514 951236.462570725 926049.560794278
390 46516766.287715 46159286.3271714 966184.671080363 939433.586195909
391 37875668.9521153 37632592.8198322 778068.723904697 761974.058520837
392 37071332.562143 36894064.5235915 771569.939998908 760453.172845787
393 38921134.8791446 38688256.2426461 794374.406008776 779114.771923868
394 44649488.1169367 44155927.417652 924808.609824692 889524.998260259
395 40293923.6671321 40034585.2060133 817844.064840255 800083.423026443
396 46632516.4545976 46135627.479203 1014486.29853217 978351.945061079
397 36809287.2586979 36574740.3835754 696148.484177231 680567.079001366
398 46945422.338868 46372165.3998003 1004432.24716116 962185.288384113
399 42209711.7216629 41881563.1303823 806553.966698715 783201.578396214
400 41714073.5556931 41344990.9208477 858339.305336058 833112.591131881
401 42906633.6003215 42528016.7429224 830967.635126322 804815.414622387
402 42001525.5368848 41668471.7231438 917889.227176378 895137.077690598
403 46141103.1347483 45725343.6301012 977422.30413103 946355.776621143
404 44494038.1085985 44055400.0960831 904248.91669215 874194.158180873
405 43838008.6139206 43394073.6663145 917325.264552281 885179.801166443
406 48750912.2170078 48297927.9883971 1061133.48606292 1028217.93717771
407 46193475.2263168 45664284.8668559 937445.397096482 897543.661455533
408 47515346.7313732 46883654.004277 1018183.05712053 972802.594233877
409 44238449.724824 43921403.8018022 962533.418952589 940391.91897732
410 39803204.7744932 39551814.1325351 802183.073385065 784988.344194887
411 47260991.5182858 46783611.0604342 1089786.04938225 1051704.32128194
412 44931806.0874689 44433411.0571809 898524.740475912 862428.308819534
413 43686012.0980172 43299222.5671273 868692.787493763 841045.726229714
414 48720980.739219 48110248.9642185 1062901.36106819 1016327.72638196
415 39792392.7731893 39541672.9261824 787871.906924065 771415.557181779
416 44119997.3033678 43774214.1300078 964499.014412885 939985.514861562
417 43142653.5021353 42766422.1887838 921883.256559276 895714.252811565
418 46289043.7970855 45766959.4799026 969526.332853381 931323.887633416
419 47428525.1468146 46901986.6403791 980991.96615495 941002.276831456
420 48230677.2331814 47728362.3373501 966941.794860424 929605.941673139
421 42127284.7536445 41793298.4138762 836046.322829816 813378.506591398
422 47022623.5357635 46598617.6000096 1108461.79338676 1077960.99336216
423 41788569.175993 41478201.4144477 810063.355670589 788377.122279298
424 39375848.0234318 39163137.880413 837096.603844482 822821.572853131
425 49142227.6732099 48664305.9427145 1035688.62206608 999544.996776724
426 43064198.7141991 42640413.8842017 937135.834677768 906087.72671695
427 39371686.0084028 39055176.9421265 830639.002698703 808410.195354228
428 45212103.573898 44822160.2988026 1028291.48576991 1000726.72195715
429 46391635.0788396 45833265.3911808 937334.153370005 896038.537217324
430 46823958.5794553 46299063.5710982 961084.352398454 922651.097744954
431 46227959.0672676 45828699.9338735 1035379.31093621 1006305.09253531
432 47432741.3465516 46787283.2006469 1021543.07690621 972353.351418306
433 45950952.7099412 45482572.500681 974390.903214966 939669.820881463
434 41282363.0882991 40970645.0556376 823976.300794122 802773.442432003
435 41853237.2677176 41570958.6024636 925638.825669507 905990.331175099
436 44807844.6484223 44334926.7393222 893054.238213097 859816.211021428
437 43472003.1668909 43086596.3042218 861818.83503142 834373.565067936
438 48483733.1467885 47880341.9325772 998982.436193381 955734.931522001
439 38464463.2594352 38249250.2271705 779195.748578414 764859.421886071
440 43143963.2059767 42857185.5498063 925070.020289123 904856.402649632
441 41736083.2441003 41494574.7080435 902124.848940318 885765.489110231
442 40101380.1092859 39847342.1223653 784410.984842628 767562.523558801
443 46817958.2474686 46303899.459277 956212.293734539 919174.588061912
444 43479473.6042958 43150479.8991067 910460.555890646 886726.552995464
445 42361292.1222259 42028556.9742431 916731.326019159 893781.44497184
446 47362067.7146797 46776205.2624876 973633.577489481 930334.425457227
447 45830788.0822568 45475095.1644443 1014790.79857449 988961.190497972
448 51039531.3565006 50368810.9204117 1050818.7838614 998411.891863555
449 38519407.0878032 38316138.7026458 823299.260597683 809871.651512055
450 42863749.3637602 42471313.2957144 881122.984247336 852583.19062808
451 40085323.9983552 39836216.1948976 802265.900898563 785539.364653678
452 46011332.2734992 45668190.6060765 1038155.82201209 1013523.61812892
453 46950401.4828439 46446631.9713028 993596.311392705 957113.789338144
454 49335395.2124389 48682098.0894332 1063731.63416299 1012748.95484334
455 41356844.2619923 41028698.7240067 863597.983934219 840113.340854947
456 44423019.5911146 44059500.0615334 959439.115757361 932277.640857205
457 43998305.9858182 43649621.7575485 975132.162615895 949068.384722031
458 40333187.2024538 40052630.3811311 828634.920705096 809686.202245938
459 45677405.5828036 45258065.1692052 925740.653134774 896267.189089577
460 36957591.8992848 36718630.5719305 673211.973896947 657806.586618284
461 43805143.6153878 43495676.2897803 903105.316921105 881544.737392245
462 46810961.0671534 46423884.6401073 1008779.6878049 979222.663080975
463 39613669.8989 39303716.293069 757086.133674451 736126.357039068
464 36691023.4083136 36515660.9831837 796556.766743495 784576.074098379
465 38971365.6278075 38735129.0161497 843072.780640077 827653.487787664
466 39099013.6554096 38783452.6595901 850323.953203512 828976.674606181
467 42604277.7719273 42262450.2248179 947671.364376678 923062.885049289
468 40382289.6495164 40094001.1867106 819650.906041434 800153.370909731
469 38702436.3583636 38409699.2211095 742507.30291432 722889.686510404
470 43159199.3521797 42861698.1700557 870347.472303623 848877.55534872
471 43056271.5395108 42703538.6654611 945554.043358561 919307.801671011
472 39977898.4041403 39717167.5384634 854172.684140126 836074.689749848
473 45033513.7951295 44688971.275924 931000.008285132 906514.873202968
474 39940613.7290608 39629381.2265984 840516.563827783 819432.30264988
475 43350559.1057496 43005398.2575101 962176.304021652 937469.584059006
476 43532485.8631511 43168178.0595058 850172.886124656 824190.147720766
477 47323028.2314279 46873952.697382 1069544.62675275 1035688.10933794
478 48280027.4301303 47723738.877041 1047858.85095213 1005760.92317186
479 42389089.5768782 42082049.5922047 914028.98039948 892391.49294926
480 40686590.8556022 40387922.2897632 846632.395400422 825847.237444022
481 46889673.4137556 46460606.7294656 1019899.10988376 988749.939903867
482 42593240.5865682 42218854.5119618 851018.975601083 825028.057196835
483 43492825.0187773 43075876.8899812 832734.975722326 802557.035929676
484 46896411.0873792 46440933.7404841 979084.418218767 945935.124883224
485 41734978.9630731 41345322.5837875 829521.105724533 802190.982436827
486 47205689.4052418 46705672.3017854 1002075.46229577 963932.922854902
487 46812739.5764719 46339581.6417189 964824.020757975 930091.31343905
488 47467247.8904707 46973967.1582849 978386.541031662 940371.940454291
489 40693615.5227943 40326915.8634081 808691.04004905 784116.574535336
490 41131539.3508605 40821196.3489156 898240.688465564 876420.174499745
491 44028092.5991656 43655405.5865617 891488.553809187 864503.305989848
492 49572587.1323773 49034145.2991411 1063664.6882295 1022602.5019299
493 44541155.9285665 44177463.2841953 960768.882215051 934291.881126139
494 45703627.3641742 45372282.5317207 996779.879897094 972125.532094695
495 43368593.5194113 43032159.4367991 919511.774090316 894724.153444184
496 50026115.1491129 49509884.7837442 1162211.3125428 1121543.72344583
497 49079481.4331472 48580267.1157841 1056083.06628117 1019275.2589198
498 37860159.6033375 37659626.5464731 746061.716264722 733546.311548729
499 41398237.9646846 41077840.4657369 828267.558478828 805901.357695491
500 42276054.4999914 42034111.9724251 921959.171232294 905209.681394353
