ID imp_con imp_vac i_con i_vac
1 41540053.1622229 40868332.3932453 789578.344517386 742685.270756584
2 41287589.7500932 40931800.0009535 729324.626022774 703858.553564382
3 41804575.2176022 41073673.1613544 806435.161683481 756219.887338916
4 41876488.1255987 41299055.5552316 789537.450359495 748635.907669827
5 38526604.2944535 38202280.1940877 683884.24918977 661684.546087716
6 43271941.2878185 42494093.1432373 837909.176715042 783263.463977803
7 42316737.6692971 41634377.6832769 820867.987322201 771886.911053491
8 34422605.3980626 34036900.80237 588975.841330755 563334.811635577
9 40308696.9561453 39956478.0978687 718663.55816278 694169.862652076
10 46528269.1784762 45735743.8033559 934108.364848385 875564.445474506
11 44072808.2232199 43486881.5621255 860311.002823309 817199.18125913
12 45322105.4188496 44862249.9977501 898253.882483825 865464.009544718
13 44252841.6642362 43572504.4067468 871176.20090767 823161.724689337
14 39832633.5403122 39403019.5876128 754335.165832548 725625.297508062
15 45282069.1589159 44532486.2560988 922838.869132866 867966.496983125
16 44406171.2877519 43682994.1969466 909698.927536065 858108.95302388
17 40934864.9799924 40395086.717049 781771.943296042 744091.169535723
18 39114916.5380576 38489722.8154582 764445.650918943 721004.259213115
19 46102263.0729804 45089992.3394121 945084.098052146 873303.244147118
20 38997489.4869396 38697335.6299995 689935.519145555 669011.361594128
21 43133571.0312844 42635659.4883376 823014.186757435 787052.040332814
22 39409958.1429643 39100154.8035599 706301.437764433 684670.523074016
23 38282001.2352576 37624184.7133377 715506.87595336 671309.17877782
24 41777803.0146495 40804834.7592812 819342.199045158 751709.794653435
25 38024460.1766749 37585064.7532728 657351.976221359 627104.650199014
26 42352413.7879825 41677713.6364281 806991.126056926 759190.968843975
27 43083826.367573 42222941.9678662 865147.695626533 804464.54736232
28 45373134.1479064 44843788.3917102 911421.470840465 873778.138005472
29 42506126.9796559 41704932.798588 811236.242901702 753973.901000831
30 42153888.1216023 41835639.9692747 784281.546844393 762177.268648366
31 44410295.312786 43572431.4039372 897032.559780437 836444.464396148
32 42969940.3625413 42368981.4507995 835953.591985993 793731.656707819
33 39745952.5484309 39304295.0974236 749588.233083697 720160.952193205
34 41924386.6480886 41306073.6627721 767821.92549658 723545.016265167
35 44883242.2743867 44336613.0331559 856677.700679073 818272.826108746
36 40715707.0586927 40174927.6134136 781312.450310294 743138.244753954
37 42243081.8551826 41660812.5450875 815939.078166437 775036.604268979
38 41789636.8991317 40999875.2030294 815468.929285327 759915.645228211
39 46661895.3217076 45681693.1923721 928740.013836177 859162.492849492
40 44209225.6019436 43529081.650785 897297.355149819 849278.280417226
41 43727299.1900215 42961872.6762766 887765.549191992 832822.246453742
42 37296437.3596305 36862969.4966557 659217.767979142 630637.532162591
43 39884478.7737834 39346796.8677083 760031.402598207 723529.624332198
44 38273405.5584754 37725830.8429798 684295.030669771 646407.600793254
45 41430640.4023346 41117812.7131704 727755.579227912 706371.478062366
46 45717488.4015106 44837959.7856621 897485.233327753 833608.299836298
47 45413400.4688662 44738822.0976088 884950.8420713 836641.715863572
48 39780806.0504628 39308827.0557158 742906.236133483 710748.134111322
49 41086058.0388232 40639973.6020434 736076.991102468 705326.927322343
50 41589098.5904577 41037247.4993452 795511.0773115 757681.706518918
51 44260246.7939322 43556401.6297756 876098.471028649 825009.089440083
52 43079192.7753949 42338793.1087038 818699.573952763 766501.393603766
53 41870876.6697398 41272291.0681529 799951.510961651 758198.902692838
54 41016008.4782846 40409533.3451702 760187.164272952 716993.894193832
55 42192516.2429662 41418108.2431212 817149.8974757 760745.032278824
56 44946432.2396721 44250903.27901 812673.384233556 765647.886694742
57 35483116.4693477 35144615.2230357 575663.767845528 552668.540268639
58 42953879.8705708 42154894.8370732 839739.869265233 781103.449523535
59 40588161.3486135 39945850.2654328 748338.967346991 702718.229884986
60 45576798.4591487 44763685.7910315 914787.186619819 856058.250615516
61 38572687.9517994 38343408.9801218 673061.832947032 657623.877322854
62 41902194.510258 41033326.1760584 858027.753662237 796699.366779668
63 40457542.879138 39837591.0364446 793324.704340144 750649.624529943
64 45230729.5656293 44376338.9191744 888871.103027957 828252.703524272
65 42309382.5493337 41915141.2157913 780175.03462388 752258.281787854
66 44901306.3412559 44361980.0892174 871815.487138354 832992.936376355
67 42708484.0683084 42238342.8810356 798656.815443086 765757.339718627
68 40532717.7196186 40016278.6913685 774701.867070944 739418.498302671
69 47563619.1363021 46728620.8757262 1012770.34533647 951547.496460463
70 43750324.3237 43171240.4607395 841401.442445161 800106.633576884
71 37810956.8900929 37391982.6436647 676164.347925036 646995.168056085
72 42433329.9509944 41891993.0395587 812964.505581097 775093.590235958
73 45674204.849474 45070739.6356445 899776.093505898 855527.511157643
74 44324006.111546 43525520.5227478 914619.484291263 856451.204725633
75 33239521.1989135 32996793.463218 536215.711465164 520597.156247644
76 41576993.9455525 40774270.7908996 780787.52142 723236.130314771
77 43867183.1844866 43239091.6008791 850861.092674652 805870.546591756
78 45200063.2851914 44605120.8805919 878188.722382001 836824.845299855
79 40798658.4664284 40038130.0076589 775657.573782497 723983.411784714
80 36956348.358799 36585413.7489755 662991.81424213 638686.13607187
81 38098795.7043919 37798942.1148907 671986.070194475 651039.476418953
82 36611242.8992226 36211777.3781912 638924.003652805 611200.270575567
83 44402287.7417651 43623750.0986529 890779.406151029 834135.324230266
84 38516140.2024893 38179535.356773 646347.602601535 623015.967506912
85 42424760.1050237 41799911.288351 767033.092002676 722889.162526428
86 40176286.2643132 39739215.0056623 698474.118137581 667637.295136083
87 39616655.8361999 39002581.7541639 774559.908381118 732288.195130766
88 42678287.0895118 42121607.622388 820117.653325376 780109.215953394
89 40645638.0679581 40076466.3974033 726172.576057481 686427.433334891
90 43687465.133946 42861342.1577698 879601.793425782 822333.330237187
91 41098421.0279188 40583341.5746327 809213.996232486 773687.06437441
92 40380530.5174054 39854525.2089737 773009.238222022 737549.844021762
93 37652540.7150853 37343906.4830242 648910.411783545 627795.998239064
94 40837552.2977298 40206864.1699449 793051.013722194 749114.584209455
95 41088490.3997904 40371847.9712536 789748.739102851 739457.076863164
96 37205369.12926 36701981.3177301 680232.358675448 645926.276813777
97 43858759.5499651 43292078.5674442 855995.91151102 815552.416527609
98 44509987.5375544 43292329.6064129 975824.043282748 888260.692620468
99 40921942.1879363 40473528.322014 769031.610039783 738210.73146947
100 41153016.3956631 40676995.9467396 763359.991836352 729715.524029592
101 37447425.9313719 37139353.1359736 683483.009007315 663021.194304346
102 46074263.7577868 45524795.1533239 925529.450050647 886006.644002905
103 38686898.0548828 38063647.7626059 698971.625323797 655964.375829572
104 42052589.1050221 41502866.3865259 791297.121814118 752775.482838875
105 44437889.5057368 43880519.1238616 868877.506228879 828112.261765661
106 42133915.9870594 41112882.9004619 824961.53885971 755645.664310344
107 41544734.0547496 41038359.1678137 777951.666963529 741517.471716226
108 37018429.3770435 36562507.7907552 655398.156030205 625274.105985919
109 40807070.1614535 40373596.5213521 783057.908298589 753259.14369035
110 38371538.3194333 37971137.8304799 700491.02436788 673287.223430428
111 42025502.5284398 41241064.9294778 812221.322786644 756059.708480777
112 41216397.7868555 40547123.5450873 802853.448633911 756079.498607402
113 44266354.6347717 43457207.2577292 863570.353255481 804488.082468237
114 46924836.7474615 46067996.6152323 934181.301101315 871796.422114119
115 46241775.1772353 45527245.4107703 945421.067920751 893898.420650139
116 43534197.6892735 42918011.5230521 846365.226047573 801402.619371613
117 42325291.0835022 41760148.8501738 832292.912936859 792896.8775079
118 38026646.1501627 37674545.8944063 694982.864163816 671443.855005534
119 36543875.1092096 36103953.1380756 644933.242754169 615152.18315837
120 38004611.4583484 37610789.7802937 680013.795098687 652973.113328439
121 37207149.3841252 36979925.3278462 638323.286054759 623370.631116048
122 43569875.8378762 42957315.4331965 865493.345019265 822186.750318259
123 41402700.3397969 40957702.2665736 767772.635706196 737042.926448257
124 32530789.7535908 32377208.1693537 481030.45845891 471311.313323261
125 40076691.78584 39640995.1948168 741488.002652956 710555.025324559
126 41028937.9281371 40382965.5894143 820237.043752267 776224.736813045
127 37871741.9511795 37377818.1083109 695375.602663594 660952.431525506
128 41554969.5456187 40752603.5722277 823493.980178263 767109.510860759
129 43251573.3526299 42726780.3474957 849610.49466162 812657.624847865
130 36612696.9958759 36208265.7479325 679194.187039501 652175.84949388
131 39998221.0713784 39618985.1133479 773875.559689563 748443.396446224
132 41374279.274179 40880928.7889291 772830.786835895 737958.698610925
133 46217132.7259589 45397978.3900895 949197.659436889 890097.056385281
134 41674628.121158 41232083.7351176 721687.179290155 690610.803658016
135 44843061.976181 44109499.7536939 874722.989101883 823409.069103333
136 41079826.1465716 40481301.652834 773569.872039026 731678.402413513
137 41013706.7084466 40466601.5110861 781641.855643509 743429.515253558
138 37521628.3806359 37052129.6965359 653324.709086994 621638.827371091
139 43370724.460781 42852271.6362079 854610.512517439 818174.403962661
140 39584399.3511428 39178819.2210402 669709.433749378 641740.581103931
141 45201374.193122 44597582.006405 877423.252016347 833423.834160523
142 45939788.7364864 45031712.8992774 915950.277496855 849869.129899662
143 43243667.6964244 42835564.2778499 853695.341870611 824449.377189622
144 41152849.9986258 40704773.1983192 726376.988581717 693744.986171098
145 44095392.8542373 43319070.5529974 878660.662635114 824024.136218657
146 39651125.0985073 38975880.8929994 728748.075543832 681914.635407244
147 43034340.0789133 42612551.3418702 814520.408369833 784396.019911179
148 37142888.5037648 36785494.0878218 642411.60439287 618039.644409025
149 44655001.2405436 43611909.3578925 944349.908529784 870500.764870756
150 39081141.6324517 38722827.8816136 706021.388358314 680618.180730875
151 45428219.2503354 44586654.9260705 919354.419458616 858637.468151566
152 40831678.2082712 40227332.375051 768910.303424838 726958.661390257
153 46470366.2204034 45428291.329832 977906.492397539 902866.000330241
154 40974457.9982604 40555417.3593621 773976.022187063 745781.113807615
155 43576198.4875294 42762667.8697812 884610.087582276 826600.045833381
156 43212965.5697827 42461507.0968824 847557.80342883 795522.754530476
157 40900333.3592574 40339586.9691634 760860.650791343 721480.927956442
158 39532793.5477191 38898751.1588788 759948.782852437 715804.713456613
159 38495690.7033674 38189441.7623442 689563.164253491 668587.064281146
160 42705655.8078636 42176517.1441181 815596.968324607 776622.659951732
161 44035139.8129095 43158394.0469928 915686.369112645 852470.004135964
162 37723754.071141 37262639.2885561 665008.134371867 634000.808721598
163 42821726.3107655 42337174.3988879 826475.337835902 792762.129109249
164 36350316.7016118 35995831.5855649 632906.463269123 609194.049415973
165 41806537.8918555 41077382.273093 812009.214004369 760153.359071948
166 41200043.775327 40699153.2588676 782468.268927173 747579.561584865
167 44488787.1586418 43684924.6908137 902329.42729007 843901.796273051
168 40722176.901553 40056541.7068255 765944.497926058 719144.571811734
169 37871259.2379235 37439668.985932 679311.329635869 649878.370350442
170 42671216.3799407 41981939.3586012 804703.31983102 755091.18391679
171 43576972.2221503 42851905.4964593 859237.521582936 807413.855740411
172 42519459.6846131 42066562.7683124 805012.584700808 771938.062409153
173 39334342.197463 38942917.2090085 740775.091267363 713803.891566604
174 42938611.8134539 42005479.3455331 869620.267214919 804026.764302652
175 42702851.0234878 42078525.9409149 821853.366223473 776600.459056488
176 44713848.9944814 44036792.0967423 889383.511921638 839128.629693265
177 48747385.6817877 47944867.6549936 1050196.17302516 991163.736438403
178 43544996.9493682 43031217.4531848 830135.27721512 792909.143014274
179 39338309.7933926 38887934.8372385 706899.751940005 675442.681041032
180 43362548.115441 42798783.6000908 813362.067633426 772069.209893681
181 43635957.8814302 42981243.6293083 869916.022807771 822622.342765715
182 39150079.9411615 38574374.7095443 736404.994075279 696943.313855771
183 40425682.7566216 39796817.0175514 794855.599213786 751460.721563245
184 42634943.3590118 42167416.4238613 782893.456768584 749347.889051646
185 47058426.7533596 46211650.4309163 962080.362604079 899759.775871517
186 42581546.1050617 41869681.4159058 853583.378571072 804051.65079043
187 45663403.5403595 44755198.5179277 920072.260784006 853185.628866648
188 41631673.0182118 40917039.2002011 786358.228950886 736274.459880255
189 38364939.2516698 37777377.5878418 702495.427941958 662488.882945341
190 41355946.7179116 40756420.7527549 745719.722914272 702414.113220816
191 42081322.4974359 41457872.1807853 838100.16438982 794802.723256664
192 45303478.6600959 44431799.0363441 911740.960169273 850331.961569756
193 37637023.2170736 37160805.422226 683423.384402926 650638.655024921
194 47570178.7128366 46957955.5454911 944633.279425282 900639.360167459
195 44477556.8245127 43997570.506616 907879.785873294 874267.953230859
196 38919545.6516766 38509467.161142 679416.49092623 650581.016946989
197 41423177.0678237 40734977.9484785 821832.922335458 772884.02486556
198 45728471.7385903 44644466.2613922 936943.51792893 860183.210824572
199 44391578.3419677 43833728.563476 840459.392468845 800617.635223472
200 42954648.4140865 42372533.8339684 810597.309580604 768356.09351716
201 34919459.4891483 34658314.0294487 566756.850362647 549581.837856491
202 36674346.041221 36417221.6068451 669035.179723813 652170.347364368
203 43137267.0327789 42623023.6777868 829660.189824946 792778.256515304
204 39178695.177114 38567950.8727513 728059.734945248 685520.805682965
205 43618847.7829686 42984806.5781674 859140.678167368 814157.241366435
206 46056653.6030349 44982116.8492924 949703.442048056 872826.710154637
207 40870437.3366425 40366925.7738748 774688.011083575 739091.977637997
208 44612000.949728 43669746.0608373 925989.278284334 857065.911868298
209 40806413.4376008 40086871.6732131 783528.091658787 732702.399870614
210 42550449.9201566 41942450.0087662 850990.764625668 808482.432123304
211 41406007.9462716 40976851.8270827 752317.367288088 722069.286737483
212 43629864.651176 42906178.9054772 831657.684480842 780051.214088989
213 44738913.0189459 43947972.8747852 901761.04012915 846716.155908855
214 48345145.6703068 47415883.6078919 1017042.9744556 949621.926817866
215 44239560.5731588 43251764.222894 928565.477957833 859111.083341665
216 36254530.047598 35986508.7569645 611387.062352412 593589.248445862
217 46509683.0446182 45634804.4123598 991932.056903512 927463.152631216
218 41995195.2098905 41120105.7068683 812427.782110197 751930.590508594
219 42215268.2474505 41671268.2408298 785091.272075054 746305.413615978
220 47995773.8920617 47199118.288098 978621.855704772 920637.390340723
221 41712484.1125558 41135247.3453311 741753.520329387 701504.909201716
222 40978971.0948049 40640105.7533594 759928.902374538 736889.821771105
223 42736857.5195989 42298555.5644302 811454.03206223 780847.328048686
224 44127641.0431582 43503795.0505723 877351.133006179 833548.816027051
225 39487859.3034675 38952679.403846 728790.049029855 690792.505673127
226 41613578.4661577 41070560.9654214 798254.388799769 761332.821249635
227 41346528.9010619 40809223.8022125 765548.089299113 727167.653235238
228 45026733.4380438 44233413.3225765 908143.335050513 851012.308634614
229 41237782.1011686 40581271.7789082 774846.403378349 728350.371549137
230 43286556.2500325 42948763.8592538 842714.564054634 819267.57190078
231 44405939.6926641 43892061.8631408 866493.229650458 829780.484625305
232 41889422.4384625 41454682.4717795 769631.84200722 738479.889002236
233 48183995.3107031 47035720.708207 1038529.88343069 957231.228482252
234 35972599.848761 35673039.805071 610880.292177989 591292.091319668
235 42712770.0156296 42236676.8242714 825125.318765566 791567.993730305
236 38460929.7907773 37858961.0367582 714707.970895023 673816.159424828
237 41929288.7180696 41093221.0063631 739743.456010516 680814.410479763
238 40738486.548949 40116895.9397727 778150.965190831 735279.923523677
239 37771486.38265 37260849.4186572 698613.827592503 665090.127121679
240 42602470.9739006 41872812.0010824 810594.439800323 759219.285780526
241 41847348.4093651 41417776.8064635 801251.062982421 771733.666733928
242 39310674.7935763 38789679.7107823 690414.093353702 654122.190405987
243 40787835.1039156 40374901.3559588 720091.08676865 690995.800633446
244 45443071.1521034 44547930.3907456 929999.894587685 865073.55808169
245 43609659.1738167 42935168.6883525 851720.863985886 804143.68226033
246 39054057.5465111 38681932.7989057 737057.890284856 712157.702320107
247 41689768.5549992 41128333.4232981 800434.214724136 760842.90287298
248 43496660.9117577 42844008.0295121 829479.183707875 783471.606987633
249 43359957.5911892 42508211.1038104 879549.107449996 816953.348791904
250 46329834.6259699 45239879.9563533 1010063.94643003 932357.191808775
251 39875476.5174811 39320030.3201026 763105.79471341 724620.699088617
252 41347093.1082808 40874580.7965975 767170.733628244 733855.363173592
253 34737067.8251434 34428363.3569495 612503.648508243 592866.627463418
254 40129080.3589047 39584494.6368645 727529.276018899 689947.217611393
255 44494930.3351571 43973375.4885637 872937.673375295 836016.413523845
256 40253780.689209 39915551.4529793 718742.161212833 694964.909791976
257 42063557.5852808 41588324.6930323 829414.450663551 795735.541595881
258 42380000.4021855 41603450.392199 863496.996076859 808733.486039375
259 43269172.4490938 42684219.9406954 841305.976657141 799805.106229711
260 43177185.8709224 42417524.6728721 865392.252375574 811301.282300208
261 41129049.255599 40509939.3461373 739988.320074035 696829.531302965
262 42561101.2332 41740867.6414262 803318.107955242 745234.192135639
263 41080565.6231306 40571150.4263709 789270.048087101 753577.446226828
264 36211781.2902852 35841225.6743639 594920.106004407 570069.299799006
265 42588564.0734455 42020554.8647542 813966.252463702 773187.873864051
266 40661358.868424 40143463.6138506 770689.368397605 734144.675181647
267 46580910.8336252 46022112.2002371 947744.103110239 908063.874154106
268 43979322.6686322 43482361.243625 895650.998888213 861060.850850216
269 38637381.9828548 38218000.2187728 688369.372065154 659410.615400415
270 41406817.5987458 40746728.5252626 799993.093195481 753325.396892506
271 41867610.6427596 41605307.9452695 800770.621592434 782905.749073612
272 41546788.0842702 40810097.3296565 841778.897721517 790921.414105861
273 42404363.9192084 42006426.6461848 734132.058288523 706044.96323828
274 38159457.423937 37565017.646787 742038.841341174 701423.064233077
275 45701748.2003065 45051859.613034 934530.283853094 887463.077576524
276 42675574.21533 42047235.6853574 855630.828792709 811944.642635232
277 41612203.9741833 41049533.49644 790687.389631186 750774.271557071
278 39954538.3993329 39427205.2051763 748805.52349948 712332.548170937
279 36915305.9682192 36615558.5796227 635966.078354986 616039.597620082
280 39951002.3576508 39405909.4198225 737217.81803451 698507.078639918
281 40623696.5095298 39987399.4722692 788101.222482423 743134.286439026
282 41697626.8054388 41102092.657629 792910.982157265 750733.817082832
283 39304212.2558473 38811018.8049716 727699.250489577 694035.035140674
284 43774489.1118996 42819943.8200959 884273.818650248 816328.087504051
285 44795879.5347496 43958643.4019946 896313.841069562 837418.097431744
286 40986380.6121147 40407991.8245264 819853.910268852 779135.23104267
287 43231191.8862535 42504110.5995902 768698.317051911 716658.109092228
288 43706696.7843798 42952241.1472588 878875.465549094 824982.496666253
289 39759452.5198122 39188753.4748742 760587.302874087 721983.307220504
290 41376890.9173924 40807553.2537596 804439.055268411 764601.780244129
291 41993448.757266 41328110.7888368 786982.862035278 739843.073771564
292 40231298.0092078 39798285.7082614 754935.762579409 725439.368348631
293 39626131.5397944 39283585.0446997 695418.381712892 671364.763025478
294 42061666.0130057 41535834.1971079 818319.224703223 781466.135836271
295 37964349.2827612 37605846.1478475 670138.620736315 645565.405610643
296 47558097.48992 46759072.0563782 992593.657378773 934370.731639021
297 38736459.1818723 38476889.3978746 698560.822368246 680975.158038284
298 41845489.7597503 41421952.6841364 780349.542242166 750378.811794828
299 41234559.0351026 40829623.7547667 764881.011016305 735833.068025483
300 42338157.3932372 41583308.7229429 822457.926967406 769700.686279949
301 39950811.4841313 39359896.1028795 742948.528599149 701514.729705008
302 43197998.6726647 42713487.9765511 840333.747881942 806149.917134548
303 36236938.2538882 35958736.5814546 586131.0984603 567207.028477439
304 39693740.7745398 38968135.3458285 776008.191989147 725357.171151425
305 38471008.4402361 38154913.0318021 651756.279963718 629608.706684301
306 40812068.7312777 40158560.086619 735743.440667357 690108.366268019
307 43819217.3976767 43243458.755119 803171.609417705 762395.300470353
308 45156330.7615647 44531200.3720063 886335.22422824 840624.165214901
309 42060255.4650861 41676151.9679805 797258.356604793 770012.421981086
310 40464067.9976956 39982671.1421241 745534.785294299 710765.394761305
311 42937580.9093002 42279894.9859752 844594.437042992 797187.217089077
312 41158579.0679465 40278650.3056612 795838.227858585 734925.436555869
313 38565516.8342187 38044927.0763049 687594.38642277 652218.114464517
314 40392749.0111943 39987051.5712771 774226.186949944 746341.005617143
315 44704819.1024357 43874102.0451789 875629.656220659 817191.423675585
316 37151070.2833915 36832283.6632822 629403.005311267 607860.956583935
317 41016115.4764916 40471953.8100694 833713.933972524 795588.929449793
318 43295377.1470761 42785893.0251415 852150.255135005 815949.450107928
319 42795738.5654162 42277027.9407496 847449.222018308 811321.549174732
320 40654553.7549774 40163967.7873593 750824.451002114 716933.801234101
321 43626825.0525604 42791162.2127558 844766.688940963 785486.638796919
322 39383644.8808902 38913759.1835217 729496.495928608 696703.242996337
323 39685601.502996 39189295.3185065 696292.690770392 661818.001094976
324 39956236.4821135 39449378.2879325 730384.997640588 695674.314632826
325 45602290.0371376 44427819.8662368 978862.435955214 896789.296943305
326 44391697.3275037 43669183.7290423 898642.485820581 846335.399516453
327 43202355.3749454 42318995.4337744 885595.927026869 822920.488031129
328 44325134.0500571 43785901.1757161 895746.705939101 856691.986642948
329 43922740.0145645 43257007.1328458 864210.191186817 815365.871509116
330 45844720.9052308 44894365.6310341 962014.37863026 892976.734950665
331 39277418.798806 38879706.9067969 716457.98204504 689209.849214773
332 44691346.4893676 43559778.329724 924034.184961022 842074.327007485
333 42459841.9471624 41865884.7177602 799405.819547006 757106.449685804
334 39369113.3461469 38940523.5863919 729990.297948492 700828.040599391
335 38898540.2321836 38472750.6165667 697105.064522338 667181.329983562
336 40873359.3860041 40327526.4660967 795612.424832799 757967.158128631
337 42683373.3934235 42172995.8430949 834575.300644865 798162.248680263
338 38216038.6352681 37911084.8523536 647843.86344682 627344.875738645
339 43446823.6929356 42944448.9419221 856214.793874033 821062.279156097
340 43757608.3138359 42763515.1527072 896334.812096855 823146.70329399
341 43220259.4984866 42550751.347149 860199.847416419 812369.236663363
342 44269855.6852311 43768436.6924656 849785.80033497 813718.613657377
343 45895256.579382 44971267.8920803 914584.271810009 850355.439068623
344 42490766.0529774 42132757.9162601 797590.282321812 772766.291419183
345 44668756.6081702 43773867.974783 902886.255627624 837703.368538324
346 43081223.9049757 42626540.9358399 790141.171220703 757466.149915002
347 41912383.659103 41423126.3467814 809794.612737427 775630.135163819
348 37779322.3467381 37292035.4949533 692308.303782327 658973.417395258
349 43157165.438631 42205019.7543366 860950.906452796 792742.024237694
350 42218533.2435703 41397535.0414531 833481.970194966 773746.374077679
351 41473683.7802705 41021909.3628373 771157.361842762 739338.397844004
352 38285097.6410767 37709317.2254662 705191.350417693 665077.72066945
353 39195947.7118825 38811357.6000122 722166.398804521 696195.863653168
354 36673868.2585789 36378608.1408534 598172.495461201 578311.362977664
355 41475403.8582661 40803664.9111316 761404.010280081 713442.637876744
356 38543788.6944003 38107055.8108449 679430.61740839 649963.58620086
357 41817460.6505387 41350277.8532366 783773.676716777 750986.597093698
358 41044555.0677583 40616692.3796968 763868.250636968 733818.917220492
359 41379894.1211699 40688203.8689713 799305.988169249 750495.111776291
360 44188772.1261733 43494110.0960683 899729.493995442 851206.793353153
361 40031210.4548388 39486361.9008816 745611.806474173 708871.818367974
362 43766438.8064417 43199793.1087937 873660.032909967 833461.962657179
363 38046009.6270493 37608455.7647214 689362.858860745 659324.650932205
364 38492727.6373692 38046528.4687556 662189.183842461 631628.531224951
365 43695563.0468573 42978341.8700092 872476.443165702 821825.365357724
366 46239529.2116456 45499017.9699889 937201.729522182 883442.854228545
367 41770219.0873415 41393675.8836219 797572.179035343 770937.111335112
368 39480372.5361257 38938781.646822 725992.002762391 688359.851767638
369 40777742.3764122 40450581.7259645 777421.931130018 754943.785707535
370 41471500.0505139 40773201.276402 765797.104832246 716847.161000476
371 36012980.3456478 35657365.9466166 617204.343566725 593735.472331921
372 41552302.4111195 40836104.1157038 840251.800173524 790810.181227608
373 44847213.2714488 44097724.2398406 921962.128078469 868561.245377185
374 43371199.864744 42803178.906006 828171.486790568 787794.043056845
375 37976993.5691723 37578591.7436536 686360.712805482 660002.247802812
376 43371314.2756828 42635305.9686569 878619.331033343 826362.644011138
377 40664715.1071936 40081419.1752788 748452.855974455 706355.958037385
378 39367991.5426084 38767068.6547764 739755.204109728 697506.702154174
379 44050751.5872911 43359072.7710649 880893.170054967 830899.615315743
380 35332939.9638346 35041661.6044061 567632.925612601 548830.173212025
381 42855281.0662832 42146510.0209403 836358.130389969 785816.453200192
382 43521986.2256606 43037349.2521595 843700.221466642 809514.893410858
383 42446070.3407989 41649724.8475746 795563.051499583 739762.006581312
384 43037039.5123969 42412918.1930104 874514.336217575 830325.949482555
385 41192618.0777384 40538410.4622815 797032.286082481 751658.228640644
386 48652902.8706825 47502948.2272785 1025733.55221099 944040.465784546
387 39072747.6896127 38530706.4552092 723378.409645827 686017.946136182
388 42709988.4868422 42147875.1027227 833932.747006575 794299.311515696
389 38763201.2938078 38491063.0283019 683015.311111973 664402.868840238
390 42889446.1309071 42338526.5793604 843013.075404094 803918.196649307
391 41778052.7103167 41213309.1214364 797746.748195199 757750.107983257
392 40388359.8550344 39796174.8041239 795086.390771477 754366.431488986
393 39917456.9364752 39309948.5508941 736869.748481982 694329.703440662
394 46314629.9477462 45425878.2419174 980853.770807587 916282.043542717
395 45305906.1469577 44382320.7721838 940959.736352051 875210.506807003
396 43764133.6859353 43034602.6077192 852814.475720002 801057.099921883
397 43949135.3835377 43283308.7779574 841446.31584421 792991.729489244
398 42083479.1701559 41641575.0857035 743253.718584557 712808.283469432
399 43928275.3674409 43233104.3514576 867668.394115933 819389.926820692
400 45160170.8669134 44062540.8136318 931436.088578225 852494.151883552
401 45488055.4069238 45030452.9338776 906746.649412265 874435.628730491
402 47038321.8588007 46514484.7555951 948002.587298784 910060.353169292
403 36093021.7910362 35736320.5470172 616095.57263542 592164.12325282
404 40450466.9143295 40040645.6014321 753042.946823454 724596.420040574
405 42119799.7670544 41461645.3026398 777328.645855824 729889.512447579
406 39395873.8695699 38782445.6165543 735982.852346892 693214.242960142
407 40000534.8649322 39369049.381024 758987.557739596 714365.300608477
408 40508707.2113574 40132625.2635908 752901.766071823 727038.737849464
409 35515629.6885386 35167159.1078916 617953.662507082 595453.191205157
410 40428620.813338 39863727.7753933 725192.555664464 686216.425162356
411 42724567.9545458 42311435.8303118 828679.630276255 800200.052183619
412 45522625.7113742 44708932.0070805 898765.107155846 839539.278035756
413 42640387.5331905 42058682.2189211 802816.710263057 761241.298773344
414 45937181.6779548 44949396.225447 929272.204628345 857194.627226671
415 43392939.534979 42718388.352017 857402.315683684 809485.618953273
416 42180245.8891649 41545408.7680848 800382.275280381 754885.622790614
417 39203378.6860212 38709453.7790403 734657.832621596 701068.885862668
418 40112240.1755676 39549360.312418 743739.764371661 704623.058212375
419 45263347.1270036 44755770.2332836 867951.106595284 831301.471258358
420 45016910.8109089 44379221.6949577 894303.819098915 848868.856326069
421 36605618.444318 36204505.9717704 619180.935375865 592166.81694434
422 40553979.5434115 39897760.7201753 772454.435791718 727270.42579615
423 40086442.8086593 39348612.3055608 788467.80442505 737674.85220047
424 38974122.8836649 38526844.3771555 695472.495191743 663954.55356801
425 39446016.2626869 38872257.6398818 755328.320218326 715504.730877143
426 45954163.5653481 44930009.6873169 950005.41016416 875579.951078132
427 43892851.3406293 43257520.6463314 870966.915523158 824213.235926991
428 35107749.3576147 34667393.8161147 608754.104940938 579276.114655543
429 40333139.3617146 39943035.2841935 740477.059745251 713332.916735032
430 44433002.1645487 43845362.1976179 887457.854340172 846288.391664831
431 39363810.5581984 38848683.4203214 738033.792995059 702657.239187834
432 45052570.6762531 44135073.8965203 917741.380055763 852514.527419618
433 44123452.8997124 43592745.0707368 820008.022797285 781132.164302424
434 38048516.4561311 37800154.2007574 650382.572018169 633372.805309707
435 40997250.2308846 40375721.6436809 759897.397469771 716373.00115774
436 39719808.5025899 39276116.2705036 690778.553308166 659715.16517087
437 45225608.1521039 44591136.25154 852898.122567622 807443.333157109
438 47372363.0366257 46599364.3681593 977205.690793643 920201.886630396
439 40399456.6121721 39874098.2386175 766010.931844838 728932.736198989
440 45343932.1762559 44713960.0621509 917665.194883137 872584.862201443
441 43145613.6036287 42444295.3657462 847317.614239092 797755.887046655
442 42577168.8425011 42077720.4749844 786953.51489769 752931.847453061
443 41105712.5508657 40228443.8174123 747159.23531753 686545.683769362
444 44729297.8247334 43992307.5982918 844500.984511199 791546.073325437
445 44926205.8982832 44057708.2812404 931001.972294402 868552.006080064
446 45807850.2907508 45200256.8676525 872195.099516476 828964.9261282
447 45046711.0968834 43933243.0510502 927092.833101944 849838.993753337
448 43773606.5499533 42854943.3200514 869619.342081137 805006.031368449
449 37765086.4956764 37465347.3018391 645751.191390103 625343.627384655
450 43201221.7110502 42598232.4927327 834722.284721826 791978.688301366
451 41180784.3829805 40468455.7768435 796846.803130465 747258.23790163
452 43860678.6922432 43169741.7038066 811365.93896823 762885.101289993
453 42069887.9613838 41278410.7070811 846006.233821168 789524.479140159
454 39424390.6684876 38974988.8280852 724119.03669792 693262.420497897
455 39722402.162191 39193022.9437735 748698.270619913 712333.575404362
456 38879039.0149722 38508978.7152481 694715.163789077 668910.320234578
457 44813561.2271994 44062334.1241402 904131.387045138 850501.634050239
458 44353428.4111606 43431358.4804999 900884.946202639 835330.339037928
459 40631923.1402114 40223614.8086946 739014.478125224 710008.793876905
460 47559175.4035217 46730544.8194366 988904.647347159 928956.104257044
461 42524444.6775961 41796755.5020156 845593.42915103 793622.101355931
462 37039863.7987761 36743674.3063469 616275.293656455 596351.514467653
463 39072141.0678265 38598414.4624363 717854.214624055 685836.189263571
464 41228565.8562335 40382121.357502 796084.758774699 739145.263810999
465 39441973.3742181 38943758.5641912 725855.21204157 691144.819158292
466 40640112.878141 40254869.8320534 743575.120604794 716999.134328682
467 40784650.3257147 40057612.5067699 791251.743237113 739376.365901308
468 43544881.9724272 42957353.1128238 853760.628490744 811945.571165384
469 40482200.8728605 39732880.1444989 770978.960439901 719205.186077104
470 41259123.5917686 40688753.6350882 781286.050426468 741254.428897775
471 42649166.5606954 42123368.5331058 803149.776027423 766073.358899057
472 42027373.3469854 41249681.1967711 823086.642426434 767492.84295705
473 48168308.0171955 47595041.3244889 968223.642526457 926590.772546791
474 41755624.7296347 41182118.4526064 797105.875622282 756855.581407888
475 37985782.3078798 37557997.6569189 671145.327049314 641715.872150103
476 46254287.5551092 45352251.0393747 964119.448115529 900318.112044764
477 42406382.666525 41684731.4151918 864654.193257688 813895.358369422
478 43292322.3350223 42572477.8877787 829640.058257783 777952.269413615
479 41110440.9657164 40482052.760273 811658.600566508 768923.752775629
480 42131939.840275 41525411.8829094 825003.368034781 783322.272609597
481 41926774.2734246 41408421.695613 792468.650828518 755911.572877436
482 40608291.085225 39963266.4575615 763971.400245447 718421.475450755
483 37958636.9142506 37468675.4220625 691848.474584228 658988.640156373
484 44339849.633306 43756642.0798917 860353.570039119 818109.597440009
485 48596443.5486595 47909029.4781706 1032330.04113193 982939.273228571
486 42533720.9199744 41960319.7062053 794774.688435518 753685.758127418
487 40478092.3384805 40140515.186515 724732.21789631 701226.148644375
488 41561425.5141664 41007188.9074816 784040.818179062 744136.475336817
489 43614182.7414995 42794649.5746457 859876.263260813 800712.03164164
490 41904950.310534 41181398.0931179 770015.965978256 720103.552177186
491 37293827.30977 36987709.2350468 651947.469095972 631431.359724149
492 43525226.526503 43033957.6313818 842571.679773086 807984.968140265
493 44438353.5793272 43534106.3464601 923005.476227122 859038.81797215
494 40818971.7165802 40292939.5135498 758299.463507743 721716.057711719
495 41055248.8945851 40540131.8936872 782752.94163154 747114.904975448
496 39455309.747966 38985049.1913005 748067.567813022 715042.79507347
497 46394241.6037935 45421546.4936026 908018.166258674 840178.568813749
498 44600894.5189202 43799895.4885671 900050.07671618 843377.186578178
499 42103414.5872308 41506612.1201764 785647.190193635 743452.842450067
500 38862642.1131781 38330524.709235 718070.090943264 681197.755969108
