ID imp_con imp_vac i_con i_vac
1 41540053.1622229 41467492.2641465 789578.344517386 782917.423244029
2 41287589.7500932 41267992.088067 729324.626022774 727533.150140967
3 41804575.2176022 41415677.900892 806435.161683481 770091.524012482
4 41876488.1255987 41807683.8646929 789537.450359495 783207.724029495
5 38526604.2944535 38376206.1499832 683884.24918977 670202.129411741
6 43271941.2878185 43230439.5375103 837909.176715042 833976.199199971
7 42316737.6692971 41964669.5002869 820867.987322201 787889.293263049
8 34422605.3980626 34142144.7342845 588975.841330755 563237.235632084
9 40308696.9561453 39914323.9912459 718663.55816278 683414.025663756
10 46528269.1784762 46389711.5742515 934108.364848385 921166.303269759
11 44072808.2232199 44066496.0863745 860311.002823309 859732.915418494
12 45322105.4188496 45005478.3251585 898253.882483825 870001.426422419
13 44252841.6642362 44006705.6475471 871176.20090767 847144.186915433
14 39832633.5403122 39447539.9727032 754335.165832548 719014.370938591
15 45282069.1589159 45249585.1221035 922838.869132866 919804.596677227
16 44406171.2877519 44120666.9705433 909698.927536065 882392.139908194
17 40934864.9799924 40595721.3837319 781771.943296042 749766.82013869
18 39114916.5380576 38817069.4216369 764445.650918943 735519.625532234
19 46102263.0729804 45708538.5266255 945084.098052146 906923.305173661
20 38997489.4869396 38670241.9005681 689935.519145555 660141.351614482
21 43133571.0312844 43013358.4982592 823014.186757435 811888.348202744
22 39409958.1429643 39084557.0417953 706301.437764433 676634.286329257
23 38282001.2352576 38225504.1262338 715506.87595336 710199.173929138
24 41777803.0146495 41383866.3951147 819342.199045158 782119.575551903
25 38024460.1766749 37885986.1165963 657351.976221359 644887.597794362
26 42352413.7879825 42007696.301058 806991.126056926 775806.043405456
27 43083826.367573 42926598.1063774 865147.695626533 849853.863867402
28 45373134.1479064 44962147.8776622 911421.470840465 873764.424237486
29 42506126.9796559 42274897.699885 811236.242901702 789259.836341867
30 42153888.1216023 41893957.0652486 784281.546844393 760669.465323879
31 44410295.312786 44057526.7247141 897032.559780437 863739.957615232
32 42969940.3625413 42798128.6464427 835953.591985993 819886.531226894
33 39745952.5484309 39714574.3726484 749588.233083697 746591.158538017
34 41924386.6480886 41563856.8683724 767821.92549658 734510.31369092
35 44883242.2743867 44415993.5925763 856677.700679073 815677.933133646
36 40715707.0586927 40483409.5314859 781312.450310294 759068.091504575
37 42243081.8551826 41932953.2593069 815939.078166437 787467.728119334
38 41789636.8991317 41756335.2532198 815468.929285327 812309.060795239
39 46661895.3217076 46437671.8038499 928740.013836177 907685.227095127
40 44209225.6019436 43795073.9138208 897297.355149819 856657.85466405
41 43727299.1900215 43504256.6963654 887765.549191992 866139.469746458
42 37296437.3596305 36937208.7832601 659217.767979142 626793.946067257
43 39884478.7737834 39663573.6468448 760031.402598207 740089.740529959
44 38273405.5584754 38144223.3070992 684295.030669771 672301.1960504
45 41430640.4023346 41381323.107909 727755.579227912 723367.435111516
46 45717488.4015106 45412227.3967425 897485.233327753 869104.622522855
47 45413400.4688662 44955897.9915838 884950.8420713 842679.306078642
48 39780806.0504628 39506600.8417915 742906.236133483 717646.767157112
49 41086058.0388232 40688468.6215008 736076.991102468 700023.86228135
50 41589098.5904577 41348810.7535934 795511.0773115 772532.901393798
51 44260246.7939322 43978313.0301614 876098.471028649 849813.889450974
52 43079192.7753949 42759284.0016924 818699.573952763 788798.071325872
53 41870876.6697398 41618482.435116 799951.510961651 776873.720418995
54 41016008.4782846 40655272.0287163 760187.164272952 726928.645279955
55 42192516.2429662 41908417.8942159 817149.8974757 790308.884818795
56 44946432.2396721 44665999.2620507 812673.384233556 787449.415010583
57 35483116.4693477 35178090.9643746 575663.767845528 547648.267673222
58 42953879.8705708 42537748.5664871 839739.869265233 800946.303606575
59 40588161.3486135 40561280.3181584 748338.967346991 745871.981071588
60 45576798.4591487 45332665.9776426 914787.186619819 891877.013029404
61 38572687.9517994 38262060.0457585 673061.832947032 645478.696229912
62 41902194.510258 41688964.9282173 858027.753662237 837354.375353234
63 40457542.879138 40411199.4257605 793324.704340144 788841.040455513
64 45230729.5656293 44980070.5589929 888871.103027957 865767.493906236
65 42309382.5493337 41792516.4173147 780175.03462388 734409.084362652
66 44901306.3412559 44785352.0153786 871815.487138354 860881.314996908
67 42708484.0683084 42625160.6723553 798656.815443086 790830.304323674
68 40532717.7196186 40219444.9229516 774701.867070944 745565.122694829
69 47563619.1363021 47174737.783137 1012770.34533647 974962.907736515
70 43750324.3237 43486051.9321119 841401.442445161 816183.190886824
71 37810956.8900929 37520932.59527 676164.347925036 649512.172759697
72 42433329.9509944 42306252.1856669 812964.505581097 801340.464406104
73 45674204.849474 45274180.751569 899776.093505898 863377.79566487
74 44324006.111546 44100035.2089349 914619.484291263 892917.538569144
75 33239521.1989135 33018180.7780979 536215.711465164 516044.296030543
76 41576993.9455525 41325382.916744 780787.52142 757264.511740316
77 43867183.1844866 43801090.0627115 850861.092674652 844594.709372562
78 45200063.2851914 44938921.5228497 878188.722382001 854304.718123432
79 40798658.4664284 40794108.074365 775657.573782497 775232.384687554
80 36956348.358799 36533425.4007029 662991.81424213 625177.84949858
81 38098795.7043919 37936395.9890982 671986.070194475 657114.446889777
82 36611242.8992226 36457924.7244904 638924.003652805 624579.376922887
83 44402287.7417651 44022175.8254184 890779.406151029 855486.083168899
84 38516140.2024893 38368058.2122932 646347.602601535 632445.110808685
85 42424760.1050237 42355072.2573959 767033.092002676 760733.565388001
86 40176286.2643132 39917519.4903022 698474.118137581 674296.392929339
87 39616655.8361999 39428511.3975533 774559.908381118 756889.160296512
88 42678287.0895118 42497140.8841711 820117.653325376 803133.266670283
89 40645638.0679581 40323624.4742099 726172.576057481 697067.871392271
90 43687465.133946 43404510.8179169 879601.793425782 852351.380185915
91 41098421.0279188 41071434.3813605 809213.996232486 806689.465629402
92 40380530.5174054 40140725.2105875 773009.238222022 750416.270683784
93 37652540.7150853 37360985.614191 648910.411783545 622104.46579122
94 40837552.2977298 40768582.258893 793051.013722194 786527.994346772
95 41088490.3997904 40725058.2351404 789748.739102851 755513.406219413
96 37205369.12926 37110952.8477626 680232.358675448 671086.19641581
97 43858759.5499651 43605403.0017916 855995.91151102 831850.861904765
98 44509987.5375544 44426897.814901 975824.043282748 967675.980804149
99 40921942.1879363 40797192.7710713 769031.610039783 757528.951492781
100 41153016.3956631 41017868.2629919 763359.991836352 750995.089378322
101 37447425.9313719 37238736.8072937 683483.009007315 664006.150263204
102 46074263.7577868 45944210.8533014 925529.450050647 913524.197311149
103 38686898.0548828 38337221.0551607 698971.625323797 666956.819143512
104 42052589.1050221 41979970.7826633 791297.121814118 784518.0785536
105 44437889.5057368 44410858.1725004 868877.506228879 866395.265347479
106 42133915.9870594 41797071.1860503 824961.53885971 792674.296495497
107 41544734.0547496 41438976.6896884 777951.666963529 768081.01086843
108 37018429.3770435 36597903.9504077 655398.156030205 616522.973315107
109 40807070.1614535 40458625.1155737 783057.908298589 750608.290982336
110 38371538.3194333 38193689.4781628 700491.02436788 683887.627423872
111 42025502.5284398 41901773.004753 812221.322786644 800600.88581848
112 41216397.7868555 40849278.1826917 802853.448633911 767784.535496436
113 44266354.6347717 43839797.0623949 863570.353255481 824272.589390557
114 46924836.7474615 46544884.6099808 934181.301101315 899161.483770357
115 46241775.1772353 46002126.2804574 945421.067920751 922834.959965365
116 43534197.6892735 43332367.9174433 846365.226047573 827839.328134071
117 42325291.0835022 42251471.3997197 832292.912936859 825381.685308385
118 38026646.1501627 37799865.7771287 694982.864163816 673755.01950551
119 36543875.1092096 36424118.0252731 644933.242754169 633536.847546803
120 38004611.4583484 37795433.0872908 680013.795098687 660629.619158419
121 37207149.3841252 36993395.4152489 638323.286054759 619578.556595601
122 43569875.8378762 43431358.993016 865493.345019265 851963.390008305
123 41402700.3397969 41321913.327048 767772.635706196 760030.40642536
124 32530789.7535908 32364780.0115747 481030.45845891 466422.443065013
125 40076691.78584 39942331.8757203 741488.002652956 728817.090426355
126 41028937.9281371 40899590.0872939 820237.043752267 807299.515544201
127 37871741.9511795 37500349.1724987 695375.602663594 661033.387569606
128 41554969.5456187 41249086.4707763 823493.980178263 794859.233099218
129 43251573.3526299 43208309.5461798 849610.49466162 845579.740734875
130 36612696.9958759 36527452.7155562 679194.187039501 671235.596019944
131 39998221.0713784 39735270.0237493 773875.559689563 748857.096978945
132 41374279.274179 41222632.3247416 772830.786835895 758872.387139885
133 46217132.7259589 46106976.5490527 949197.659436889 938528.255647545
134 41674628.121158 41435772.6728551 721687.179290155 699929.582057655
135 44843061.976181 44440093.0145406 874722.989101883 838636.00629066
136 41079826.1465716 40988528.4608863 773569.872039026 764734.357343469
137 41013706.7084466 40668724.9437005 781641.855643509 749782.019015612
138 37521628.3806359 37030988.6783579 653324.709086994 609398.221362614
139 43370724.460781 43243060.7421245 854610.512517439 842927.614089922
140 39584399.3511428 39256115.713325 669709.433749378 639484.65591815
141 45201374.193122 45139994.3559089 877423.252016347 871791.610048751
142 45939788.7364864 45633713.5193916 915950.277496855 887311.832948976
143 43243667.6964244 42860627.9950078 853695.341870611 817836.071660796
144 41152849.9986258 40940087.5771988 726376.988581717 706155.073360465
145 44095392.8542373 43831229.388804 878660.662635114 853637.717320046
146 39651125.0985073 39527440.0944134 728748.075543832 717320.383658528
147 43034340.0789133 42830791.631473 814520.408369833 795610.725675091
148 37142888.5037648 36877139.6577346 642411.60439287 618414.969989208
149 44655001.2405436 44417749.1407432 944349.908529784 920547.10072988
150 39081141.6324517 39071962.0463786 706021.388358314 705175.424015005
151 45428219.2503354 44945152.0868103 919354.419458616 873636.712478587
152 40831678.2082712 40581715.0739407 768910.303424838 745669.59930309
153 46470366.2204034 46278685.5907171 977906.492397539 959171.748267862
154 40974457.9982604 40543412.1029658 773976.022187063 733228.798806165
155 43576198.4875294 43527089.6135701 884610.087582276 879966.436667463
156 43212965.5697827 42917618.8301931 847557.80342883 818802.933592753
157 40900333.3592574 40829461.8989597 760860.650791343 754232.296807059
158 39532793.5477191 39123105.7236103 759948.782852437 721930.020237093
159 38495690.7033674 38274639.0737442 689563.164253491 669285.181499261
160 42705655.8078636 42454219.3063473 815596.968324607 792042.794418695
161 44035139.8129095 43855186.076167 915686.369112645 898225.31880708
162 37723754.071141 37369504.5874749 665008.134371867 632586.672902109
163 42821726.3107655 42788831.8364291 826475.337835902 823355.274789939
164 36350316.7016118 36112595.9755751 632906.463269123 611052.523856374
165 41806537.8918555 41802001.3627526 812009.214004369 811579.936822816
166 41200043.775327 40946464.2750642 782468.268927173 758143.924490485
167 44488787.1586418 44163863.2799194 902329.42729007 871515.530101718
168 40722176.901553 40440094.1702185 765944.497926058 739277.519946602
169 37871259.2379235 37695073.9288038 679311.329635869 662787.012916757
170 42671216.3799407 42223002.432586 804703.31983102 764637.098061733
171 43576972.2221503 43356160.330253 859237.521582936 838307.337795126
172 42519459.6846131 42508418.4821997 805012.584700808 803984.570216624
173 39334342.197463 39067613.4071144 740775.091267363 716046.332447994
174 42938611.8134539 42721844.2321977 869620.267214919 849149.230716384
175 42702851.0234878 42429049.467659 821853.366223473 796525.490834603
176 44713848.9944814 44586142.0552703 889383.511921638 877243.570039878
177 48747385.6817877 48332633.1583207 1050196.17302516 1009927.21306205
178 43544996.9493682 43080975.7620758 830135.27721512 787269.52195114
179 39338309.7933926 39243964.0509629 706899.751940005 697991.09088545
180 43362548.115441 43190749.4463306 813362.067633426 797277.53275007
181 43635957.8814302 43172559.2248822 869916.022807771 826433.65307676
182 39150079.9411615 39146054.9427777 736404.994075279 736032.175168213
183 40425682.7566216 40329764.4818903 794855.599213786 785720.113712365
184 42634943.3590118 42264115.1872727 782893.456768584 749372.608865015
185 47058426.7533596 46888485.6888815 962080.362604079 946391.348955743
186 42581546.1050617 42260133.6062123 853583.378571072 822913.804608965
187 45663403.5403595 45569183.6983252 920072.260784006 910969.878005982
188 41631673.0182118 41609938.8253828 786358.228950886 784344.068252109
189 38364939.2516698 38344286.7664578 702495.427941958 700540.792817958
190 41355946.7179116 41008138.3346241 745719.722914272 713849.026360303
191 42081322.4974359 41705456.5942032 838100.16438982 801413.501772444
192 45303478.6600959 44926540.3607611 911740.960169273 875331.168621234
193 37637023.2170736 37471768.2611589 683423.384402926 667984.617257065
194 47570178.7128366 47137742.7141691 944633.279425282 906275.365503314
195 44477556.8245127 44433415.3021481 907879.785873294 903726.404070297
196 38919545.6516766 38902965.6910762 679416.49092623 677916.252205289
197 41423177.0678237 41370177.138731 821832.922335458 816910.682550422
198 45728471.7385903 45356239.3511139 936943.51792893 901828.507758767
199 44391578.3419677 44088425.3750187 840459.392468845 812940.490822284
200 42954648.4140865 42630040.1725048 810597.309580604 780596.179131389
201 34919459.4891483 34639181.1986252 566756.850362647 540853.949512472
202 36674346.041221 36510660.6170598 669035.179723813 653928.137360193
203 43137267.0327789 43101400.9106597 829660.189824946 826183.993743855
204 39178695.177114 38986824.1067479 728059.734945248 710036.437536166
205 43618847.7829686 43316107.1668976 859140.678167368 831309.542929345
206 46056653.6030349 45590234.8233502 949703.442048056 906478.23017559
207 40870437.3366425 40818840.3975099 774688.011083575 769773.384600814
208 44612000.949728 44607162.6005273 925989.278284334 925526.472227655
209 40806413.4376008 40677953.3709872 783528.091658787 770965.005369177
210 42550449.9201566 42167656.2282359 850990.764625668 815048.958137391
211 41406007.9462716 41271550.6303306 752317.367288088 739885.475536635
212 43629864.651176 43357647.6266132 831657.684480842 806677.387568574
213 44738913.0189459 44169910.1632452 901761.04012915 848781.058204425
214 48345145.6703068 47955755.598598 1017042.9744556 980690.949844402
215 44239560.5731588 44147651.0281833 928565.477957833 919441.274265734
216 36254530.047598 35975787.4132876 611387.062352412 586306.805496008
217 46509683.0446182 46501911.1138394 991932.056903512 991199.395215751
218 41995195.2098905 41971523.6158603 812427.782110197 810120.126665079
219 42215268.2474505 41990871.4747864 785091.272075054 764630.577112782
220 47995773.8920617 47766218.6118352 978621.855704772 957586.143243297
221 41712484.1125558 41676915.4828801 741753.520329387 738395.216769246
222 40978971.0948049 40426631.4751285 759928.902374538 710291.347594436
223 42736857.5195989 42423262.3964164 811454.03206223 782658.740968382
224 44127641.0431582 43886323.3376437 877351.133006179 854265.448385557
225 39487859.3034675 39459477.7180108 728790.049029855 726040.849674379
226 41613578.4661577 41560879.6787308 798254.388799769 793348.494169478
227 41346528.9010619 41299783.5769887 765548.089299113 761230.107854811
228 45026733.4380438 44509394.2758157 908143.335050513 860296.161092236
229 41237782.1011686 40985302.6912066 774846.403378349 750939.593779124
230 43286556.2500325 43092626.6543032 842714.564054634 825335.756716906
231 44405939.6926641 44139633.1667608 866493.229650458 842879.547513874
232 41889422.4384625 41883028.2804817 769631.84200722 769053.126327279
233 48183995.3107031 47738953.8547819 1038529.88343069 995745.489567025
234 35972599.848761 35870990.8388511 610880.292177989 601800.947448842
235 42712770.0156296 42580367.9801498 825125.318765566 812884.321669477
236 38460929.7907773 38216630.9733465 714707.970895023 691966.204152905
237 41929288.7180696 41663451.3505491 739743.456010516 714138.716886854
238 40738486.548949 40512992.0357324 778150.965190831 756144.488643468
239 37771486.38265 37504167.9779475 698613.827592503 673940.154808124
240 42602470.9739006 42483986.0261499 810594.439800323 799756.284471325
241 41847348.4093651 41625345.1829324 801251.062982421 780940.034566269
242 39310674.7935763 38905939.9984346 690414.093353702 654017.167452417
243 40787835.1039156 40655721.2753521 720091.08676865 708177.192835789
244 45443071.1521034 45355959.6734299 929999.894587685 921319.437063762
245 43609659.1738167 43098298.0984121 851720.863985886 803867.998253377
246 39054057.5465111 38720445.9075748 737057.890284856 705692.682351975
247 41689768.5549992 41591939.5436026 800434.214724136 791252.841032819
248 43496660.9117577 43335689.9838201 829479.183707875 814968.587929609
249 43359957.5911892 43143618.037516 879549.107449996 858458.222555258
250 46329834.6259699 45859300.5146563 1010063.94643003 964608.071761195
251 39875476.5174811 39701716.7500056 763105.79471341 746519.444600453
252 41347093.1082808 41008172.0799612 767170.733628244 735651.247896205
253 34737067.8251434 34632637.8285718 612503.648508243 602297.713102111
254 40129080.3589047 40030849.8781371 727529.276018899 718580.038687502
255 44494930.3351571 44113506.004072 872937.673375295 837318.953117509
256 40253780.689209 39903295.5458204 718742.161212833 687192.23892507
257 42063557.5852808 41732955.8531075 829414.450663551 798092.388140187
258 42380000.4021855 42052567.7734391 863496.996076859 831912.224426414
259 43269172.4490938 43125957.7792698 841305.976657141 827642.224459066
260 43177185.8709224 42919947.9498436 865392.252375574 840582.377752458
261 41129049.255599 40596175.5240026 739988.320074035 692453.727963667
262 42561101.2332 42430132.032404 803318.107955242 791016.125993987
263 41080565.6231306 40896931.796769 789270.048087101 771607.014919436
264 36211781.2902852 35835055.0326128 594920.106004407 561734.672013807
265 42588564.0734455 42333006.0213977 813966.252463702 790341.49979799
266 40661358.868424 40369846.8566957 770689.368397605 743740.56958631
267 46580910.8336252 46200178.8578011 947744.103110239 912830.94650889
268 43979322.6686322 43951889.6113434 895650.998888213 893013.286348654
269 38637381.9828548 38323537.257598 688369.372065154 659690.953500104
270 41406817.5987458 41392305.5288892 799993.093195481 798633.851777068
271 41867610.6427596 41506850.5528165 800770.621592434 768049.826349591
272 41546788.0842702 41284946.1700384 841778.897721517 816585.238652365
273 42404363.9192084 42320272.1869158 734132.058288523 726611.283970645
274 38159457.423937 38125492.6812962 742038.841341174 738598.038479848
275 45701748.2003065 45307558.5160592 934530.283853094 896671.585009544
276 42675574.21533 42286791.391318 855630.828792709 818231.893976602
277 41612203.9741833 41227640.6620012 790687.389631186 756053.591623527
278 39954538.3993329 39725551.5558477 748805.52349948 727867.983542584
279 36915305.9682192 36769508.5725685 635966.078354986 622268.566608096
280 39951002.3576508 39743874.5816954 737217.81803451 718392.230096995
281 40623696.5095298 40477158.2584177 788101.222482423 773781.463981366
282 41697626.8054388 41461117.7174907 792910.982157265 771125.558606654
283 39304212.2558473 39063859.7844872 727699.250489577 705360.617154771
284 43774489.1118996 43693771.1229208 884273.818650248 876728.911963303
285 44795879.5347496 44489650.8272668 896313.841069562 867490.506437243
286 40986380.6121147 40922214.2192068 819853.910268852 813737.007764885
287 43231191.8862535 42847825.5736341 768698.317051911 733552.637108172
288 43706696.7843798 43332318.6670448 878875.465549094 843487.22083478
289 39759452.5198122 39716369.4988316 760587.302874087 756444.519100213
290 41376890.9173924 40883861.017137 804439.055268411 758890.590279443
291 41993448.757266 41913291.7988762 786982.862035278 779525.275747131
292 40231298.0092078 39961623.6755958 754935.762579409 729638.281896703
293 39626131.5397944 39455455.7319043 695418.381712892 679787.08251832
294 42061666.0130057 41929960.4675654 818319.224703223 805958.948280785
295 37964349.2827612 37760354.3107552 670138.620736315 651355.660236451
296 47558097.48992 46912523.9153979 992593.657378773 934599.679575432
297 38736459.1818723 38626071.4203226 698560.822368246 688493.220084704
298 41845489.7597503 41544253.647331 780349.542242166 753702.41520634
299 41234559.0351026 41192181.6501909 764881.011016305 760976.870896016
300 42338157.3932372 41928371.6494883 822457.926967406 785304.00221118
301 39950811.4841313 39888691.494827 742948.528599149 737232.931703717
302 43197998.6726647 43175037.6481207 840333.747881942 838208.427773834
303 36236938.2538882 35962295.4696331 586131.0984603 561321.818435023
304 39693740.7745398 39579121.6763553 776008.191989147 764939.776467705
305 38471008.4402361 38193687.1732714 651756.279963718 626609.687181799
306 40812068.7312777 40445744.152494 735743.440667357 701898.269030225
307 43819217.3976767 43535388.1107292 803171.609417705 778217.045150551
308 45156330.7615647 44750635.2073053 886335.22422824 848572.189573283
309 42060255.4650861 41924413.1918423 797258.356604793 784812.79797431
310 40464067.9976956 40204986.1786894 745534.785294299 721030.466504842
311 42937580.9093002 42561223.393998 844594.437042992 809392.095612794
312 41158579.0679465 40793484.9271462 795838.227858585 761156.1116428
313 38565516.8342187 38311083.6223991 687594.38642277 664774.836025354
314 40392749.0111943 40234197.714553 774226.186949944 759262.389670823
315 44704819.1024357 44656591.5381459 875629.656220659 871090.838920155
316 37151070.2833915 36997129.7678173 629403.005311267 615630.38124965
317 41016115.4764916 40805544.3257355 833713.933972524 812980.541933267
318 43295377.1470761 43114356.9386273 852150.255135005 835578.684130972
319 42795738.5654162 42533725.2947986 847449.222018308 823191.881363566
320 40654553.7549774 40598180.6563797 750824.451002114 745792.982208485
321 43626825.0525604 43359488.7780703 844766.688940963 820392.02964701
322 39383644.8808902 39245002.0287238 729496.495928608 716397.696785551
323 39685601.502996 39500494.0495495 696292.690770392 679671.655891765
324 39956236.4821135 39573850.1950076 730384.997640588 695148.586659597
325 45602290.0371376 45338996.8636448 978862.435955214 952710.455808356
326 44391697.3275037 44339691.023621 898642.485820581 893729.223941774
327 43202355.3749454 43016478.8306745 885595.927026869 867760.622782378
328 44325134.0500571 43952184.9297255 895746.705939101 860338.889995734
329 43922740.0145645 43920269.2260151 864210.191186817 863975.393347524
330 45844720.9052308 45720029.5272974 962014.37863026 949945.450582376
331 39277418.798806 38936848.8425708 716457.98204504 685017.263066057
332 44691346.4893676 44448823.7608335 924034.184961022 899637.88576855
333 42459841.9471624 42296610.4814866 799405.819547006 784409.784086631
334 39369113.3461469 39329830.5459665 729990.297948492 726385.092097418
335 38898540.2321836 38636468.2669183 697105.064522338 672454.781133601
336 40873359.3860041 40532244.6893236 795612.424832799 762889.699116787
337 42683373.3934235 42263393.7935233 834575.300644865 796093.520308211
338 38216038.6352681 37978313.0162636 647843.86344682 626563.799476736
339 43446823.6929356 42932083.7254674 856214.793874033 809848.151047284
340 43757608.3138359 43479053.1226004 896334.812096855 869904.275355209
341 43220259.4984866 42951467.5828767 860199.847416419 834895.349398839
342 44269855.6852311 44019271.8814649 849785.80033497 825937.351199213
343 45895256.579382 45561972.7035245 914584.271810009 884628.294704579
344 42490766.0529774 42200264.9154441 797590.282321812 771415.163338084
345 44668756.6081702 44517404.5646495 902886.255627624 888550.888284878
346 43081223.9049757 43015244.5018448 790141.171220703 784262.465803085
347 41912383.659103 41901143.2792908 809794.612737427 808749.536840637
348 37779322.3467381 37498707.3041176 692308.303782327 666583.286125613
349 43157165.438631 42753882.3736262 860950.906452796 822220.316469655
350 42218533.2435703 42066632.6520443 833481.970194966 818576.214871961
351 41473683.7802705 41132455.8885783 771157.361842762 739206.844694624
352 38285097.6410767 37987113.1559529 705191.350417693 677442.201723121
353 39195947.7118825 38914346.6129635 722166.398804521 696637.753412835
354 36673868.2585789 36358344.4290904 598172.495461201 569794.233993412
355 41475403.8582661 41378335.6074997 761404.010280081 752332.321979362
356 38543788.6944003 38051733.1055231 679430.61740839 634652.914093808
357 41817460.6505387 41672207.1634664 783773.676716777 770711.137590668
358 41044555.0677583 40865727.1330761 763868.250636968 747258.092316738
359 41379894.1211699 41017236.909334 799305.988169249 764261.280350571
360 44188772.1261733 43719942.3310956 899729.493995442 855853.971429419
361 40031210.4548388 39658896.8655634 745611.806474173 710892.436409342
362 43766438.8064417 43523655.6850873 873660.032909967 851062.092057094
363 38046009.6270493 37968721.0688589 689362.858860745 681836.454106697
364 38492727.6373692 38377431.6562071 662189.183842461 651799.397848803
365 43695563.0468573 43673027.9312005 872476.443165702 870300.018487493
366 46239529.2116456 46066973.0326718 937201.729522182 921434.878032245
367 41770219.0873415 41342198.7771698 797572.179035343 758345.61543036
368 39480372.5361257 39405538.9636302 725992.002762391 719106.993115049
369 40777742.3764122 40488649.3765735 777421.931130018 751093.482453288
370 41471500.0505139 41023212.9400117 765797.104832246 724294.176537134
371 36012980.3456478 35789468.2422882 617204.343566725 596538.544910607
372 41552302.4111195 41491835.9288216 840251.800173524 834267.418006293
373 44847213.2714488 44484355.8432958 921962.128078469 888291.460805886
374 43371199.864744 43139225.9289549 828171.486790568 806759.167492441
375 37976993.5691723 37948780.8292973 686360.712805482 683728.658101962
376 43371314.2756828 43031338.677707 878619.331033343 846444.875722801
377 40664715.1071936 40658360.843135 748452.855974455 747853.93664907
378 39367991.5426084 39144590.2343586 739755.204109728 718269.91923739
379 44050751.5872911 43617714.3500143 880893.170054967 840186.995985167
380 35332939.9638346 35247476.1493429 567632.925612601 560081.190633364
381 42855281.0662832 42638085.3437812 836358.130389969 815304.599333276
382 43521986.2256606 43412871.2063638 843700.221466642 833691.238175016
383 42446070.3407989 42177656.4289981 795563.051499583 770814.053338555
384 43037039.5123969 43030269.7015616 874514.336217575 873861.29603634
385 41192618.0777384 40729877.1864446 797032.286082481 754782.127237793
386 48652902.8706825 48296262.2200768 1025733.55221099 992443.73531689
387 39072747.6896127 38926991.1545572 723378.409645827 709520.39273178
388 42709988.4868422 42536361.508515 833932.747006575 818196.701515951
389 38763201.2938078 38441297.4602597 683015.311111973 654340.438259256
390 42889446.1309071 42527509.1975 843013.075404094 810386.730287139
391 41778052.7103167 41731835.0174498 797746.748195199 793358.334454154
392 40388359.8550344 40247780.1973995 795086.390771477 781752.827824732
393 39917456.9364752 39711466.5407798 736869.748481982 717723.241126889
394 46314629.9477462 46055228.6374356 980853.770807587 955837.636231246
395 45305906.1469577 45099052.6782541 940959.736352051 920675.375563426
396 43764133.6859353 43505052.5160579 852814.475720002 828799.055104477
397 43949135.3835377 43801703.2674302 841446.31584421 827304.157356207
398 42083479.1701559 41897621.4928499 743253.718584557 726546.671811465
399 43928275.3674409 43574663.114569 867668.394115933 835108.885564647
400 45160170.8669134 44870685.6143147 931436.088578225 903409.970388471
401 45488055.4069238 45043281.6590293 906746.649412265 866785.121454214
402 47038321.8588007 46467868.8714483 948002.587298784 895503.024050805
403 36093021.7910362 35928948.3611586 616095.57263542 600701.243169675
404 40450466.9143295 40105179.8347765 753042.946823454 721119.801155579
405 42119799.7670544 41850525.0196305 777328.645855824 752456.980055327
406 39395873.8695699 39156377.9308873 735982.852346892 712860.866716993
407 40000534.8649322 39917752.8821095 758987.557739596 750984.672704734
408 40508707.2113574 40152295.7450509 752901.766071823 720883.939944489
409 35515629.6885386 35261899.0981283 617953.662507082 593421.96084596
410 40428620.813338 40157346.1856806 725192.555664464 700472.729560429
411 42724567.9545458 42530051.8838458 828679.630276255 810691.951259648
412 45522625.7113742 45177429.8585101 898765.107155846 866211.943792105
413 42640387.5331905 42413959.7682601 802816.710263057 781875.95413377
414 45937181.6779548 45606277.1569528 929272.204628345 898184.439331534
415 43392939.534979 43381831.6940108 857402.315683684 856360.3607011
416 42180245.8891649 41791860.7380391 800382.275280381 764838.972736448
417 39203378.6860212 39079082.6823161 734657.832621596 722928.578701719
418 40112240.1755676 40044065.665237 743739.764371661 737177.178833169
419 45263347.1270036 45029936.694627 867951.106595284 846504.292841888
420 45016910.8109089 44622882.9094487 894303.819098915 858399.949529815
421 36605618.444318 36456242.865407 619180.935375865 605386.113942077
422 40553979.5434115 40362694.0771339 772454.435791718 753980.100463387
423 40086442.8086593 39987717.9975102 788467.80442505 779131.16110797
424 38974122.8836649 38840587.1600191 695472.495191743 683089.197420178
425 39446016.2626869 39166677.887472 755328.320218326 728306.603444331
426 45954163.5653481 45797279.0560967 950005.41016416 934855.72538538
427 43892851.3406293 43584773.0459884 870966.915523158 842034.640672362
428 35107749.3576147 35021124.0764423 608754.104940938 600447.682648906
429 40333139.3617146 40154151.0334724 740477.059745251 724140.467410614
430 44433002.1645487 44192937.6138833 887457.854340172 866050.594002625
431 39363810.5581984 39192726.1055782 738033.792995059 721491.56039945
432 45052570.6762531 44606812.276344 917741.380055763 875916.390313613
433 44123452.8997124 43853605.9259304 820008.022797285 794793.580180848
434 38048516.4561311 37656780.6828219 650382.572018169 615855.199976794
435 40997250.2308846 40996830.8039977 759897.397469771 759858.870021806
436 39719808.5025899 39574313.0741616 690778.553308166 676903.813703601
437 45225608.1521039 44831235.0317956 852898.122567622 816772.576524519
438 47372363.0366257 47245969.0710589 977205.690793643 965236.265151143
439 40399456.6121721 40211616.056953 766010.931844838 748690.782809212
440 45343932.1762559 45164122.6717921 917665.194883137 900840.52689655
441 43145613.6036287 42733433.2632477 847317.614239092 808412.65351916
442 42577168.8425011 42341886.5150959 786953.51489769 766089.515812279
443 41105712.5508657 40857071.5633397 747159.23531753 723978.207723438
444 44729297.8247334 44337019.0121479 844500.984511199 808506.631054023
445 44926205.8982832 44451797.7200841 931001.972294402 885902.890395826
446 45807850.2907508 45475905.0544488 872195.099516476 841964.022345464
447 45046711.0968834 44541843.8229605 927092.833101944 878794.23492808
448 43773606.5499533 43294606.6392011 869619.342081137 824915.380813483
449 37765086.4956764 37650781.5479994 645751.191390103 635334.686354229
450 43201221.7110502 42987536.3237796 834722.284721826 815285.284324185
451 41180784.3829805 40725654.7973715 796846.803130465 753979.86203473
452 43860678.6922432 43549646.5676617 811365.93896823 783009.194320706
453 42069887.9613838 41749432.1209987 846006.233821168 815341.87795895
454 39424390.6684876 39102685.0656952 724119.03669792 694874.391085371
455 39722402.162191 39318337.9777953 748698.270619913 711675.187899176
456 38879039.0149722 38614661.4564246 694715.163789077 670732.216108907
457 44813561.2271994 44499230.6531578 904131.387045138 875024.638323366
458 44353428.4111606 43871545.5371516 900884.946202639 855180.956368361
459 40631923.1402114 40284233.5072105 739014.478125224 706865.932629171
460 47559175.4035217 47378711.9015451 988904.647347159 971549.995408288
461 42524444.6775961 42097590.0764263 845593.42915103 805837.208537883
462 37039863.7987761 36602150.9549044 616275.293656455 577596.339286014
463 39072141.0678265 38979598.7403965 717854.214624055 709149.637051315
464 41228565.8562335 41040316.6785093 796084.758774699 778025.568605624
465 39441973.3742181 39146280.5442755 725855.21204157 697801.773984978
466 40640112.878141 40506105.644544 743575.120604794 731130.048288829
467 40784650.3257147 40587885.2122099 791251.743237113 772274.669255694
468 43544881.9724272 43543368.6828055 853760.628490744 853621.525063873
469 40482200.8728605 40275544.1426587 770978.960439901 751298.260735994
470 41259123.5917686 41004252.8863028 781286.050426468 757376.378176464
471 42649166.5606954 42450318.2771677 803149.776027423 784589.443126709
472 42027373.3469854 41651220.3139814 823086.642426434 787490.708597369
473 48168308.0171955 47953045.9770468 968223.642526457 949318.583477744
474 41755624.7296347 41594216.9665676 797105.875622282 782321.798085898
475 37985782.3078798 37617473.4400591 671145.327049314 636527.399276328
476 46254287.5551092 46036763.4913964 964119.448115529 943582.563546727
477 42406382.666525 42088299.8943116 864654.193257688 833986.06572136
478 43292322.3350223 43275369.7383845 829640.058257783 828119.660370127
479 41110440.9657164 41062706.7172341 811658.600566508 807015.541347097
480 42131939.840275 41720546.2580547 825003.368034781 786880.11065292
481 41926774.2734246 41776443.5255489 792468.650828518 778452.769379176
482 40608291.085225 40581177.7608122 763971.400245447 761461.194225191
483 37958636.9142506 37804022.8427412 691848.474584228 677163.3484537
484 44339849.633306 43983375.7041806 860353.570039119 827100.542218582
485 48596443.5486595 48011529.7370757 1032330.04113193 977998.761610717
486 42533720.9199744 42347217.0925282 794774.688435518 777614.922472759
487 40478092.3384805 40301968.7747038 724732.21789631 708489.143838782
488 41561425.5141664 41332551.4262502 784040.818179062 762969.637046702
489 43614182.7414995 43211342.2663586 859876.263260813 821949.962365681
490 41904950.310534 41767895.3742771 770015.965978256 756905.866844597
491 37293827.30977 36950098.805761 651947.469095972 620956.055403962
492 43525226.526503 43056428.0051789 842571.679773086 798435.281218365
493 44438353.5793272 44063691.145252 923005.476227122 885877.7397192
494 40818971.7165802 40621741.7724974 758299.463507743 740373.150723406
495 41055248.8945851 40570267.0707535 782752.94163154 738249.561637205
496 39455309.747966 39163059.163254 748067.567813022 721208.848102549
497 46394241.6037935 45638779.4380698 908018.166258674 840819.805419122
498 44600894.5189202 44187850.6831443 900050.07671618 860348.818188788
499 42103414.5872308 41835884.1615583 785647.190193635 759921.484478423
500 38862642.1131781 38647393.8293372 718070.090943264 697265.832104956
