ID imp_con imp_vac i_con i_vac
1 42709330.9333008 42340250.4931849 977940.723644121 943945.804968003
2 45851484.9960316 45268113.2168298 968690.645441086 916971.005041698
3 44722425.5688237 44280151.949687 947688.080101088 907917.481073064
4 46132615.9462851 45472334.5828641 1002671.77983969 943792.083410054
5 40760377.8889648 40350444.1700018 843905.446855793 807825.216057946
6 43232406.4004104 42666452.8758854 883215.094639042 833139.995202363
7 48015107.0720229 47149747.1955062 989228.874252779 913520.014092199
8 42849258.1921236 42444810.8035125 866321.595464653 831230.894702457
9 41255816.3245474 40749738.5723147 795930.736585442 752932.267722797
10 44018425.7579968 43517045.4077795 900416.777289544 856295.136971302
11 43925367.3550307 43420374.2140039 946615.654830806 901361.439800458
12 49249569.5074282 48504936.5017778 1022646.3506905 957040.410832023
13 47672958.958242 47043680.6558854 1055250.96108292 998048.306544097
14 41724793.2895709 41368979.9230387 894075.486955947 862801.206530577
15 41102326.4900387 40619734.8545319 793331.644039837 752012.612397482
16 36511656.4000791 36240234.914124 692849.415160176 669927.695779341
17 44018245.0543646 43380445.078088 876350.691964866 821679.183290038
18 41902029.7916067 41481184.2607038 903428.526197194 866052.082385738
19 46000384.0479395 45302464.0264192 999055.968352824 936440.010203742
20 42454871.7346362 42085084.7783114 937994.964932441 904668.075846235
21 43783677.7446814 43305081.1024055 851461.862591751 809983.95930789
22 49554772.8420549 48880143.9884636 1043858.5678118 984180.70426516
23 42699403.1493584 42339673.3865036 951258.898033209 918385.722673101
24 41015066.0897542 40668687.6856989 847807.388578303 817548.52513639
25 42958366.4506608 42538789.5340399 912545.657609796 875286.179625485
26 49119114.0911947 48326344.995403 1084758.4957224 1012937.13721353
27 42948167.1553036 42515801.2949567 865547.802968463 827921.968874672
28 46397741.9687345 45893540.5549769 1000734.56583745 955798.246469776
29 39068730.3354597 38663223.7340047 823565.433882604 787674.938027009
30 48173034.7017416 47464162.3094 967710.021911389 905416.018131008
31 38221112.4194543 37892029.4756244 779224.254244958 750811.154193297
32 41926035.3430734 41559538.4419936 895036.242020488 862079.472032263
33 36650612.8152298 36417755.580904 744656.426960308 724253.656619475
34 43345988.5042189 42692018.7236615 849368.853299456 793331.144377705
35 42024717.1619365 41550040.9482799 828466.617844209 787702.230351227
36 48149594.7137995 47425589.3473942 1034830.07733628 970478.66650726
37 44239620.2602434 43791328.334662 932386.654995533 892744.263493498
38 40241449.2680964 39758980.9280831 806454.64126437 764595.291561531
39 44858568.2402161 44314964.5498801 1004347.62433386 953830.989067705
40 42203849.4389888 41835453.9544203 879036.672733039 846758.00424591
41 45799236.6667429 45292071.1787998 1004988.31194059 959210.367166172
42 47787015.9785796 47192677.0213827 1062432.53016594 1008495.07810428
43 40568148.1506261 40237744.4071064 893583.353728459 864088.56598058
44 44143079.2801718 43722433.1376956 934280.891963843 896975.237640424
45 43622203.9140743 43211433.4301035 919532.402906723 882699.597101123
46 37972896.2690946 37699327.7592095 765461.765366096 741603.983022517
47 42937411.2698676 42397341.1887214 904461.51412628 856605.312512099
48 48142985.3344063 47458546.140839 992536.948467977 932874.576029681
49 51124329.0093232 50229296.8508468 1094058.44196535 1013615.27112613
50 43267716.4287826 42747803.9359662 849483.280004447 805224.965397521
51 41034696.974401 40592525.9232228 818333.151525276 780279.095398627
52 48491667.5407984 47760066.0071276 1038194.05676299 973189.439643355
53 44131663.9938036 43587676.1420256 921758.477200777 873533.207725987
54 44606322.3774086 44006906.2867541 917795.602854153 865013.167817932
55 49358558.5840201 48548297.9938813 1016924.12635355 945169.635600033
56 45621435.0401016 45028357.5057325 981440.465190117 927623.890202268
57 53255656.2442068 52345912.0279844 1153848.70599586 1072164.00219378
58 43120588.5067561 42600288.0676271 872716.848768432 827050.874545164
59 47448994.2714221 46796994.4195879 1015275.09147205 956568.8157611
60 51061659.0614685 50338254.3871522 1091826.16337278 1027177.9898055
61 41417194.9244433 40990873.0690869 850303.004632417 813480.758280185
62 46767702.7592025 45832748.2818729 931909.082332538 851015.980865717
63 44194625.2771131 43569935.9324194 876448.573179386 822554.617720945
64 44204393.7392946 43797262.4023085 1044891.08657349 1007396.30862098
65 44313169.8522357 43928200.2611131 1040743.55331714 1005268.48956026
66 44837051.6075669 44302719.3653241 937992.35049594 890265.435772077
67 43518380.1950337 43063473.4791154 958549.671076423 917936.021575132
68 45739561.148068 45161771.1743371 986213.619506314 934637.316100551
69 47456789.1760119 46620763.1524502 970486.613648061 896867.01222459
70 35847779.6947383 35660989.6337957 692678.508128094 676724.799087362
71 46954984.9200804 46178913.2834316 996982.326363921 927510.264121258
72 39425185.3999014 39085076.4464488 772294.712598314 742881.09896758
73 43684852.9734659 43054599.9745042 918694.915799494 862100.099867004
74 38779306.6305688 38487917.7550387 844448.417746746 818596.097078633
75 46363855.9158608 45687756.2705357 947361.516351559 888172.628822762
76 40290104.3977132 39860065.4782627 808074.510502921 770793.528200148
77 48539536.434457 47833116.6451975 1075005.9785723 1011204.39156155
78 43323878.7007068 42892456.8302268 871304.802918595 833710.080307867
79 37629746.9904894 37325795.4615906 714314.216473371 688289.431177245
80 43231759.0012873 42754959.0488798 884039.265235093 842233.9038381
81 48494050.4384706 47896532.0004803 1045489.91793112 991714.939896151
82 47190269.1981897 46379988.0971814 1012614.51271209 939205.455960957
83 45908009.5375812 45368727.4327599 1023122.66943735 973952.048210846
84 46764697.994236 46213581.9405736 982046.804928327 933418.776150427
85 42924670.2449807 42524479.1656901 946346.126567096 910171.193653001
86 42762985.4818581 42253405.6524195 830442.690138763 786938.245319009
87 44454276.8652029 44016152.1167291 956145.435113484 916954.227904282
88 47714464.2771077 46974842.1542903 1031303.49395941 964422.724770053
89 36449531.6716949 36186309.5925406 716921.322350626 694269.083884838
90 40983179.3162824 40487818.5689618 775628.442641857 733825.079381486
91 41985894.0523387 41631305.7637762 947486.305105509 915471.081643636
92 43083634.2843911 42674221.0098269 896333.092336995 860662.731954681
93 41279900.120273 40864553.9849494 859806.172042529 822698.557909094
94 41619461.2196395 41160324.1853227 813990.053706367 774794.487705267
95 43318948.4830422 42813431.2593611 881321.525194865 837124.776904289
96 38833855.2663919 38486162.2681974 784448.852840402 754207.184059093
97 49014362.6760281 48258339.8181304 1035650.50059274 967845.547752749
98 37855813.6896803 37663482.6153315 866560.573114297 849199.182729427
99 40945489.4845652 40473734.1664337 805445.027198932 764849.84228647
100 43474706.8828324 42941279.9104512 900512.847622762 853878.796818378
101 44619826.9020298 44088301.5916605 940474.663333617 893836.307800465
102 45836137.8297952 45270053.0960404 921696.853947267 872235.451640619
103 47558004.1557433 47000088.2691767 1034946.06901025 984863.271089035
104 41023855.9265771 40660581.4414959 836269.33170583 804914.145791789
105 38139211.6505318 37847836.1835199 766635.237444688 741314.072720658
106 45198792.5820352 44671212.0054349 933326.855638667 887327.632636291
107 41388106.8047743 40997747.4919045 826475.581030078 792882.25259982
108 39586757.7896601 39184055.23953 776509.861845018 742298.625120411
109 45727358.071848 45250609.9628621 974892.669782679 932759.484983619
110 42358350.2048405 41916041.5665838 907304.237510749 867756.500013756
111 52808709.5732008 51629327.7119844 1132633.29034057 1027902.05799441
112 39565159.3813683 39213542.3481192 807891.906099949 777223.761772974
113 40006799.4779396 39632721.9367096 778404.826602174 746376.397477437
114 48214994.6279384 47614224.5736395 1013846.32059403 960632.907246594
115 42715823.4936812 42278219.8004335 853959.895047038 816349.884044352
116 44819470.28789 44368397.8911888 975207.613863784 934717.890501095
117 39163869.570012 38789132.1690035 759993.156198425 728196.983360253
118 47797843.0625637 46990975.4492917 927258.141344536 857743.334458674
119 40206993.2429042 39822309.5024338 859088.742811473 825117.92182026
120 39348498.4195562 39047063.836979 798691.572725444 772569.98438554
121 40714339.5897298 40356918.2114657 829708.010678634 798657.210634065
122 46774154.1339515 46112065.9306842 996088.898564408 937540.535466989
123 45418205.1275537 44687536.4241655 901811.916872736 838381.668377227
124 39826953.8186727 39484081.1560136 838243.161713155 807832.072086766
125 51790494.3158344 50937011.6773318 1101526.61302458 1025541.86444966
126 48621806.7578416 47888788.4653903 1046189.26964542 980877.734087209
127 38433893.6151856 38097713.2662549 763901.491084504 734923.554698291
128 44351271.971171 43854703.5970684 942827.333862353 898434.26209496
129 47682555.7853244 46921537.0032462 965552.793840637 899237.147630817
130 43827392.3296657 43352977.2276282 965085.992990951 922010.055915013
131 46406122.833467 45556192.4802877 932730.253544718 859163.471772545
132 45311272.9886501 44828941.976756 988351.533498777 945011.922906106
133 40644883.5208459 40242752.2767599 871074.294006404 835107.7443919
134 43169687.2628398 42498079.3854465 840117.148776939 781883.152133875
135 46174534.2735222 45499903.5776788 985486.241986393 925957.074468593
136 43393305.0435315 42803295.0082897 869680.555398498 818605.082462565
137 38377353.2441964 38062933.6385408 774953.102754403 748034.350884862
138 46468675.6049195 45844511.6398044 1037431.25609903 979503.257495775
139 41066683.4447232 40606034.0151682 836587.953704885 796532.240928465
140 43165488.5988296 42788755.751025 980973.121464188 946710.926667541
141 47755751.8760473 47123552.0653683 967009.242636974 912150.804189847
142 43182041.2206184 42795933.4791907 891308.670221582 857560.683763915
143 42416144.8008225 41868018.7872261 868164.851411824 820185.886791183
144 41143502.7390344 40769148.3902118 842780.542587662 810567.944144296
145 46248641.8598906 45677847.957814 1010320.94237539 958657.160164023
146 41701012.7274279 41337303.7881849 901074.425995812 868558.130084991
147 40943346.9341874 40430074.4957076 764423.496050733 721339.997256895
148 42578403.6589717 42148051.623408 848982.679422028 811837.580326916
149 38427597.7703161 38123338.140736 752465.049007036 726462.153588533
150 45500156.4963862 45048356.2584516 975482.222939147 935455.851430494
151 48026048.3384613 47237045.6814415 1026684.36849395 956718.228844575
152 45164334.5488088 44744320.1917458 1012848.71764397 974928.585224099
153 47056178.3595789 46545395.7121319 1015257.45076788 969552.15532742
154 44848648.2609233 44334807.8955904 1018681.06801917 971318.366033781
155 47331975.3151726 46861519.7799152 1005428.40731295 964273.802432205
156 48227644.2615008 47491726.7266522 976623.13447496 912494.21037328
157 45401374.2685541 44709075.1545252 904883.527098612 844909.071321211
158 41950109.458053 41424219.8768707 828140.283173988 783056.837035472
159 45308326.7936133 44713479.3072112 969698.75514791 916564.654409119
160 38883064.8805482 38570550.3061142 800453.544368857 772938.969057293
161 42561397.6353869 42111089.1924913 856639.732740591 817622.347095408
162 45822866.222721 45272472.0159111 979251.173482613 930331.847923629
163 44836233.9753921 44085426.6550985 899393.24268012 834423.730147888
164 49090872.924617 48400947.9119241 1016935.73377845 955974.473488996
165 46764870.016347 46052257.3325429 921811.16990974 860315.209602033
166 43166769.965731 42750372.0597998 900687.401272829 864167.694361356
167 41555300.3415591 41191072.3539067 891757.571462634 859229.122159749
168 47314599.1450082 46599052.7226437 1050732.11367209 984820.808468849
169 46932298.9183523 46314012.9541774 975519.250627932 921412.874469505
170 44752521.2314276 44150465.9573166 938338.210536888 885653.140458064
171 47715665.0842913 47040599.0528927 990789.823022272 931779.777163099
172 45618425.0115083 44969603.3583551 944950.33724541 888477.247562107
173 46859205.6873963 46392072.9129937 1070851.11291985 1027645.24405952
174 42552195.4626152 42026179.5878365 834325.220185406 788404.197810064
175 41435011.7247589 40961418.3083554 851272.300571335 809748.51613622
176 34635634.272455 34343275.9786256 622241.772241878 597948.189976004
177 45858556.2836885 45221483.0900761 967980.110558133 911383.146298637
178 46258918.726615 45552003.7822721 927512.670669584 866089.549961062
179 45593425.2878737 45040362.1686299 923602.13501729 875585.173343602
180 43630016.959876 43287070.5637973 920564.572906101 890426.98698494
181 49448565.3495858 48560571.0638007 1005945.11842713 928361.090763548
182 43530855.8937641 43085859.7865587 943241.980409068 903889.860143376
183 38772888.5117919 38406748.6895661 776083.789742599 744560.916544457
184 43676817.0704364 43183093.0485584 870346.434856719 827823.572406368
185 38381481.6577348 38056070.0063459 743224.243492594 715626.855684507
186 46093419.5544076 45405596.7781944 903509.525100905 844697.340362267
187 37102731.3784084 36835821.4858795 724268.788266115 701603.571628448
188 37190856.2753842 36919439.0536797 742555.397725756 719108.886094232
189 47189675.6282112 46517709.8609928 1017270.44075544 956634.937423987
190 42295406.9128843 41703097.6545574 856998.052214829 804420.413675967
191 39807869.6233677 39469704.1520773 779124.989355937 750184.166113002
192 43657292.0344635 43170100.5588996 885853.961729739 843140.197523727
193 37471895.564179 37192865.6433794 769395.260483793 745434.58860663
194 44334022.3347163 43826531.5061157 895624.379835958 851548.036685835
195 48138653.7035304 47368897.6229226 1005689.85402875 937382.90943538
196 44093490.4071431 43692919.3257753 998151.78074106 961760.474735828
197 45472103.1657222 45041915.1544697 1018500.76740063 979350.099168642
198 40132713.1322553 39759453.2724811 805728.650422291 773299.558428614
199 52858333.8801829 51797331.2793386 1104967.38498794 1010325.94770088
200 46187381.7240342 45596527.5849785 982940.129872741 929938.68956591
201 41031745.9227979 40556540.1088487 866425.828338547 823607.817210826
202 44973601.283735 44324867.4540275 884414.798211829 828765.768801236
203 40126304.1005369 39803252.6081617 806678.167847496 778810.061065479
204 44754581.8053 44199394.5258369 975131.246292959 924586.450219366
205 46272265.1491505 45536663.0559049 896475.638460082 833755.54188457
206 41940302.5580738 41516366.1447354 901158.265702092 863170.590270367
207 44594288.2949885 44048263.9502455 929182.969421532 880745.541637626
208 46122464.3037672 45482422.3497929 951444.35088597 894273.801176842
209 45569612.1129642 44987234.3460307 971389.426268671 919373.203727209
210 41099764.6948485 40644279.9177436 820258.321480169 780312.267254857
211 40216807.3940333 39880983.5338897 892712.074334479 862335.960927293
212 42201632.9143788 41850668.8054389 875355.328910907 844204.930656532
213 43656230.4035816 43169902.1014393 933653.505666622 890512.502872174
214 38273088.9764767 37969295.4322359 723301.387073026 697507.34192798
215 44800809.1385897 44294397.5965589 1022081.10308492 975307.376939945
216 40197889.3722053 39884796.4101473 898206.333369669 870176.244561875
217 45868599.7248742 45255087.8005017 955952.549722016 902041.149953062
218 38413081.5118902 37980662.8898232 730120.568724732 693092.571229403
219 48982248.3024355 48262652.5252994 1056570.2411876 991660.316781888
220 43791148.4656154 43238577.8141067 902072.255828629 853598.294810219
221 38634641.5733757 38336117.0515914 765792.135972159 740161.000364811
222 41593744.576917 41003991.1296766 806087.834559531 756383.790417792
223 40626641.5370866 40278884.2827758 825221.154396168 795053.291738863
224 40235647.4474274 39843346.8962965 777718.176635693 744611.480010851
225 45143814.0565642 44465600.759455 940936.206313996 880773.301429373
226 44167370.3524597 43612496.1796167 871734.374085657 823922.291813357
227 46485878.9772355 45842958.0691596 955195.343733237 898861.315719239
228 49509425.723875 48712699.6026366 991300.531851257 921730.104921442
229 42423149.8875934 41965509.1254429 857087.359090456 817618.786787678
230 45613153.6220138 44869663.2082845 947631.136495288 881389.090822262
231 42548612.1557577 42066331.8913987 867097.190059831 824341.033100143
232 42733095.7065683 42318492.196429 925918.029968513 888876.591756429
233 38077221.0260168 37784184.2154424 804776.336809492 778864.116898679
234 40634776.2843914 40246200.589741 769033.19063343 736489.251358144
235 42929239.1873912 42377214.2345179 867082.569799619 819259.328821157
236 46129169.977842 45474238.347223 965136.401993654 907564.477806742
237 51181631.1446847 50319406.6115742 1097501.53200999 1020370.49564888
238 45374107.4523864 44775031.313322 950382.651577732 897656.810970793
239 46155730.9280551 45458110.7906544 926800.773200864 866090.998122758
240 43963034.1515865 43584059.3594995 924797.743795644 891382.750743466
241 43401752.9038877 42814797.5702244 866536.237645127 816221.886980346
242 39389581.1291286 39055024.75581 781148.486268188 752539.611409282
243 48748660.9232873 48165927.3121712 1098157.73347637 1044718.57870238
244 39558542.8347685 39044047.2629649 736301.100180862 693644.839671519
245 38206721.9829663 37939690.6545584 810472.415292499 786940.871777002
246 44201814.3612871 43669956.9821831 944841.5114739 897700.172273432
247 48331877.0443067 47393538.4511861 975234.590920576 894128.050954135
248 41510469.0307702 41144770.9307928 872469.217218008 840336.462820305
249 48849168.1884167 48253629.7150185 1128961.84894959 1074356.56195161
250 46060340.6036013 45475666.5673366 925417.052704703 874586.737778335
251 35317359.9900504 35079573.1400611 657529.638246244 637243.079208412
252 46433188.2491668 45955091.2548767 1022826.71615775 979450.261113348
253 38038382.6137416 37735882.2865024 752602.970498449 726587.573034855
254 48334543.9182609 47555610.980911 995722.84860226 926353.036913294
255 38989525.7047512 38679684.2129607 772373.507568593 745811.001700138
256 52627170.0614211 51627744.3086975 1087118.67365491 999392.802273647
257 48306791.6328837 47550726.4743164 1037680.91282272 969906.163704174
258 44379904.7461198 43986031.5551954 932288.534792384 897711.811126868
259 47896089.1810569 47116166.5697778 1005597.38722749 936856.218209476
260 50221171.9092252 49423856.8462723 1051343.9300141 980406.406002526
261 40113878.408115 39699017.9917902 833196.281322687 796253.00055215
262 48197663.5908516 47672755.348212 1026073.72959198 979186.614833895
263 41361286.4992826 40958006.1734933 854060.430481739 819032.00427338
264 45177645.5298503 44671275.7594483 927910.433547214 883764.16598955
265 47217695.4313041 46610664.0367982 1076263.9716189 1020779.57196366
266 43539120.7386407 43085892.5921441 920065.526837811 879855.975171652
267 45652979.5520042 45076870.9265006 995031.61235882 943012.404096761
268 41732131.7216278 41384444.4294403 893706.315951482 862960.75200108
269 45399329.3193878 44808838.7064593 1001253.35250683 948139.70269051
270 41086453.4268242 40697237.9616397 841866.984017212 807986.701899621
271 41859681.9834863 41433593.9426077 862970.1172977 825901.429985752
272 45252466.4725616 44582520.4367068 912435.909160558 854339.911297609
273 44632527.5839075 44095584.3433944 916449.352119559 869032.396250738
274 46343224.2360184 45839323.0592965 1021985.50238968 976837.501701299
275 46068254.201353 45578745.6269405 1053147.66692215 1008327.1602673
276 41525887.2007459 41218666.0666438 883464.901700296 856449.952291066
277 46739874.5306925 46009743.7386829 960431.13930237 896493.111084082
278 52469137.2540286 51554780.0242414 1111156.21427024 1028739.92433214
279 44919362.3793847 44272436.3724604 925223.854506024 868641.184685338
280 46016756.5114523 45529250.5970469 1027027.06572551 982956.64917665
281 41931812.7663999 41524421.7389949 831795.104837794 796473.232676433
282 38815098.6363526 38531305.5059659 832385.126236037 806901.031496037
283 41983223.4700446 41553199.9159443 842293.045737458 804931.525036617
284 45159017.7744691 44506360.0794694 959269.343944223 902378.407323682
285 46164460.5008788 45555720.8547255 955705.756154038 902151.615849264
286 44998851.1143244 44493692.3816923 963030.806020003 918225.525380237
287 41136543.1821812 40805258.1131512 879550.050046735 850172.525593256
288 37322203.129805 37099656.122722 759184.267040713 739993.145674884
289 45430077.0431901 44958183.7846134 940154.110361552 898688.301862656
290 45686047.9678665 45157346.6136136 1007160.69699829 959161.857844699
291 49839874.0966005 48980329.4003992 1029910.5393634 953859.337832217
292 39140536.0595422 38796616.9610322 808731.651940258 778602.675082814
293 48436296.5263121 47915991.4073233 1017997.94046146 971875.641886013
294 46643765.8627425 45988031.8768529 945161.568847404 888295.618796126
295 40572023.872381 40247456.2211632 849374.478218394 820565.888258892
296 36028139.1356945 35797480.7943272 695777.162550893 675969.13806614
297 44357247.8028436 43756306.9385301 870813.457308348 819366.988864931
298 35225102.9467524 34904638.6199544 629696.689610522 603099.820803707
299 51544708.5652025 50695003.7772595 1119997.90058065 1043009.02638828
300 43555963.4409701 43175561.4182352 981764.811334211 946912.613540476
301 52581846.2852591 51658436.4987043 1178031.17859959 1093178.8313131
302 47725024.3153132 46713417.7038447 931661.294372675 844210.515140667
303 42603574.4120739 42109557.1965261 850555.363858641 808182.089136657
304 40732457.446515 40423361.0037421 854578.606603344 827514.27905266
305 38797727.2560446 38504412.9760076 797868.22068312 772082.142223864
306 45667191.6058413 45175056.4303898 1021929.74965643 977383.777845928
307 44927407.4232924 44512522.4124349 998895.175471318 961286.142878702
308 49843152.1491627 49064210.2992121 1104917.49089745 1034269.56037921
309 43533151.4060851 43020524.2333563 816729.36277747 773497.439511652
310 43925561.2226914 43348284.3575899 915479.090593048 864740.129893128
311 53739139.5957368 52703058.9544153 1161159.00328308 1067309.9104203
312 41535388.0773309 41072540.7408569 836513.051485043 796129.11758239
313 42297759.111912 41872221.197426 880782.917882795 843421.226822831
314 47389435.331967 46746581.3380971 1051914.1383027 994034.616531611
315 40437928.217578 40020222.3231609 821851.13464249 785869.995646393
316 43802535.9935812 43311287.9776361 889112.98443391 846110.625037086
317 45427447.842434 44843632.1666271 953936.905509604 902369.719385137
318 50614456.0633528 49775553.4748641 1074272.30402153 1000009.6645681
319 47890038.3447098 47302044.6129327 1047948.44153573 995224.588439878
320 45789761.3903496 45250069.6292644 1021111.82694553 971946.379422194
321 46806370.44419 46203669.4412491 996998.637974413 943728.504264252
322 45782229.7612397 45235393.3015043 1020866.10376441 971212.698921732
323 40835081.0278327 40489187.4202115 922824.878854661 891272.051357529
324 42965062.0120003 42349842.3080341 859227.524689807 805986.902207732
325 47827160.7945761 47062634.4954136 978503.928046264 912045.612867403
326 45681041.2618528 45171059.1086394 913896.160806389 869661.423659687
327 46226858.7416755 45660056.1413526 966973.969806648 916545.619918259
328 41625678.7952656 41200259.2017075 862460.746755646 824360.460165571
329 40457889.5037365 40037710.5861464 808572.323828994 772086.899662463
330 40228689.3335107 39933138.0170465 901627.209170338 874817.580084461
331 42599756.8416003 42121465.2408711 866666.828727779 824675.669362941
332 45090174.7346108 44515685.6283143 923250.254973045 872802.36979511
333 49399230.4082875 48714932.8637178 1015701.54303803 955714.392945164
334 39927816.9593483 39543914.1517633 859164.470944726 825129.12895195
335 42484809.5634329 42035087.5233265 853791.857583389 814944.501100042
336 47062397.1623056 46418191.8620844 1005066.32717698 947203.577029525
337 41211240.3371587 40696528.2890445 784831.01423721 741452.989632409
338 45768272.4352982 45152308.3762026 941416.01464257 887917.643167616
339 51032180.1322986 50196272.3503841 1141788.51067498 1065987.63300862
340 44747530.1349009 44227295.8316785 1000421.88591097 953361.657641108
341 43499156.1068516 43107149.0665143 963364.693854103 927796.97665547
342 40175057.1559801 39771661.5353884 807539.088971613 772276.868238452
343 41640229.9081697 41246503.9670096 808162.556320018 774183.042790916
344 46453120.5380743 45974379.3488566 997603.473085501 954643.368519012
345 49370907.3435209 48604277.1193075 1084894.83072947 1015501.23716617
346 51388255.411208 50497530.641429 1088441.13304941 1009377.77934671
347 47558713.8847708 47046313.974015 1126565.27157032 1078787.8904803
348 45406661.5106803 44851284.6389434 950119.898807094 900992.616728892
349 42143049.9611397 41770179.4210352 904237.703369415 870705.983758068
350 49863933.9924345 49223599.7548204 1138226.48369238 1079888.23925583
351 51842294.9543042 50793082.1646833 1031467.43725678 940084.966156802
352 45552706.3361207 45066299.094615 990099.990069505 946234.188765638
353 47310219.1455741 46701399.3223154 983954.445719317 930280.509303248
354 41065189.9283277 40608139.2883423 797525.227303272 758806.686017121
355 46627298.6643957 46120397.43028 1010992.81800479 965747.047454412
356 44289375.1593853 43868780.145647 993280.03850778 955052.542678657
357 36525727.6564869 36274817.6424368 732668.865316021 710997.893385893
358 46454326.8026331 45873693.9875135 986883.464562828 934957.12527664
359 48119387.2149131 47345826.6001875 1004139.79457898 935952.047657248
360 46674561.7742599 46067562.8446755 927000.915896836 874151.512184344
361 46403414.8524967 45843216.8702058 1013584.08738906 963056.955454619
362 45763185.5961901 45224742.060256 944380.363999735 897529.340719581
363 46268895.8920821 45579383.8753288 1003437.24127985 941423.469721545
364 44540153.9554964 44041366.8309652 934987.483362532 890733.479804794
365 40870734.6887489 40534826.1769949 846019.571087987 816909.628092431
366 45612075.9357208 45087960.2455612 956474.686344029 909854.585693091
367 41643541.2237684 41255377.6089296 921435.122857313 886296.497941247
368 46558075.3101801 45881333.8825057 992374.55738226 931113.570812378
369 40341018.0914884 40059151.4294437 836513.065162563 811513.087575814
370 44738451.9276582 44104504.1009538 865726.847140474 811059.080359753
371 46977972.5427111 46367560.3520034 972553.562353543 918615.911266849
372 43694702.6643562 43253228.3251071 942954.443530162 903658.169117513
373 40646442.9131153 40291269.5044976 824849.160702477 794176.993179768
374 41129973.5386216 40756203.671034 842016.257665401 809279.623874214
375 45202395.769699 44729061.9399897 961364.65947551 919011.952909905
376 41670298.0281072 41295713.9708724 860582.117028514 827549.017777818
377 43843444.9402403 43225910.3442445 911998.105279821 858115.986163758
378 43110659.0736415 42684621.3120284 890705.698905021 853167.29703554
379 45647327.8945125 45102147.7049399 979357.48147376 930704.552979841
380 45818746.5320868 45271320.422917 974047.180920371 925500.198608741
381 44857626.2853107 44321540.7353217 972863.391675628 925026.256981817
382 53273572.4587221 52250089.9197485 1118375.24911449 1027010.82927303
383 43446644.3488038 43022992.9672896 975544.096921106 936811.254317039
384 39620664.7322512 39275206.3042466 823566.415256271 793612.113341426
385 41877489.362148 41324968.9371644 879612.171212856 830181.813543781
386 43968371.2937998 43435557.9780266 938246.433080262 890278.358342297
387 44948533.0584666 44400913.2972657 905858.310610666 858692.711905984
388 36726856.185662 36428559.245603 733694.277291244 708202.278163777
389 43766709.8911799 43308587.8252508 951236.462570725 909626.240702405
390 46516766.287715 45970143.2013336 966184.671080363 917701.993310227
391 37875668.9521153 37561731.6843845 778068.723904697 750707.783891897
392 37071332.562143 36850568.3532798 771569.939998908 752301.190831482
393 38921134.8791446 38611650.7907992 794374.406008776 767519.490977453
394 44649488.1169367 44034596.8576552 924808.609824692 870793.583656214
395 40293923.6671321 39924782.3923323 817844.064840255 785647.831819689
396 46632516.4545976 46027782.3522959 1014486.29853217 960266.380126234
397 36809287.2586979 36533175.5704425 696148.484177231 672507.370676323
398 46945422.338868 46306914.6388852 1004432.24716116 947427.104376993
399 42209711.7216629 41609482.8588318 806553.966698715 755630.754145833
400 41714073.5556931 41254325.5539612 858339.305336058 818328.479757522
401 42906633.6003215 42335215.8387518 830967.635126322 782508.575525118
402 42001525.5368848 41651237.2376718 917889.227176378 886593.694953779
403 46141103.1347483 45571563.878911 977422.30413103 926298.737334776
404 44494038.1085985 44018211.8154701 904248.91669215 863198.308173706
405 43838008.6139206 43296676.765474 917325.264552281 869107.31447421
406 48750912.2170078 48158715.1561125 1061133.48606292 1008084.38879918
407 46193475.2263168 45391973.4296763 937445.397096482 866726.386336341
408 47515346.7313732 46743198.1213944 1018183.05712053 949865.355459462
409 44238449.724824 43823487.746743 962533.418952589 925793.927655133
410 39803204.7744932 39444967.7544761 802183.073385065 771066.652156492
411 47260991.5182858 46664189.1460428 1089786.04938225 1033492.57316286
412 44931806.0874689 44213585.4529442 898524.740475912 836421.404336011
413 43686012.0980172 43184251.3394275 868692.787493763 825121.620324633
414 48720980.739219 47963460.1105269 1062901.36106819 994669.606388964
415 39792392.7731893 39462967.0588804 787871.906924065 759684.28922123
416 44119997.3033678 43693712.8103446 964499.014412885 926486.422604021
417 43142653.5021353 42699528.1777369 921883.256559276 882382.565202937
418 46289043.7970855 45669156.0541157 969526.332853381 914463.366014877
419 47428525.1468146 46662145.5955647 980991.96615495 912966.320293754
420 48230677.2331814 47435356.3568312 966941.794860424 897474.032936687
421 42127284.7536445 41701556.9657949 836046.322829816 799523.602739958
422 47022623.5357635 46532852.1756518 1108461.79338676 1063337.65954868
423 41788569.175993 41308667.1466286 810063.355670589 768795.621386873
424 39375848.0234318 39119452.9828894 837096.603844482 814442.915902312
425 49142227.6732099 48421945.112497 1035688.62206608 972154.024365499
426 43064198.7141991 42534017.6064631 937135.834677768 889193.274261869
427 39371686.0084028 39022716.957042 830639.002698703 799404.674684369
428 45212103.573898 44748187.6908997 1028291.48576991 986172.204081791
429 46391635.0788396 45571484.4829768 937334.153370005 865595.484591317
430 46823958.5794553 46178002.3418764 961084.352398454 904447.144825026
431 46227959.0672676 45689011.6163112 1035379.31093621 986687.491242297
432 47432741.3465516 46710010.3293813 1021543.07690621 956308.342331056
433 45950952.7099412 45303558.8718503 974390.903214966 916550.449678376
434 41282363.0882991 40858066.2460767 823976.300794122 787440.525616677
435 41853237.2677176 41472890.3086451 925638.825669507 891400.419831832
436 44807844.6484223 44142151.8138558 893054.238213097 835681.012243932
437 43472003.1668909 42980977.3628542 861818.83503142 819366.5986027
438 48483733.1467885 47684013.8947489 998982.436193381 929638.472434162
439 38464463.2594352 38137936.0013042 779195.748578414 750780.779925634
440 43143963.2059767 42727090.427813 925070.020289123 888098.4817394
441 41736083.2441003 41439003.347116 902124.848940318 875722.482685061
442 40101380.1092859 39750301.8606909 784410.984842628 754421.268894916
443 46817958.2474686 46137944.8106501 956212.293734539 896712.195265946
444 43479473.6042958 42944537.1227845 910460.555890646 863152.375458659
445 42361292.1222259 41992484.2235575 916731.326019159 883726.421136981
446 47362067.7146797 46670085.2921945 973633.577489481 912139.549237291
447 45830788.0822568 45353395.5381368 1014790.79857449 971931.721354196
448 51039531.3565006 49960211.932867 1050818.7838614 954622.91380904
449 38519407.0878032 38263325.8941661 823299.260597683 800506.164674005
450 42863749.3637602 42414848.8734668 881122.984247336 841537.412679947
451 40085323.9983552 39731638.6435341 802265.900898563 771692.428316085
452 46011332.2734992 45578199.0412803 1038155.82201209 998763.34041097
453 46950401.4828439 46248535.8904504 993596.311392705 931506.252902845
454 49335395.2124389 48625396.0646177 1063731.63416299 998871.41397818
455 41356844.2619923 41013961.8052408 863597.983934219 832803.918728407
456 44423019.5911146 43874347.8945538 959439.115757361 909876.64479032
457 43998305.9858182 43552279.7366324 975132.162615895 934334.901710993
458 40333187.2024538 40028940.9019547 828634.920705096 802192.70775022
459 45677405.5828036 45092908.4734581 925740.653134774 875020.517497586
460 36957591.8992848 36635266.7066248 673211.973896947 646347.401695007
461 43805143.6153878 43272682.0532637 903105.316921105 856450.429214403
462 46810961.0671534 46173648.1345878 1008779.6878049 951187.7088293
463 39613669.8989 39185668.1067225 757086.133674451 720750.73765697
464 36691023.4083136 36486393.1429325 796556.766743495 777994.494655454
465 38971365.6278075 38679139.3191168 843072.780640077 817324.670300638
466 39099013.6554096 38831426.4775777 850323.953203512 826275.577700705
467 42604277.7719273 42160689.996516 947671.364376678 907504.97675033
468 40382289.6495164 40045501.3072101 819650.906041434 790447.261965473
469 38702436.3583636 38326704.0614621 742507.30291432 710394.881060094
470 43159199.3521797 42625643.1836651 870347.472303623 824055.607076838
471 43056271.5395108 42628946.9333735 945554.043358561 906331.770145257
472 39977898.4041403 39682464.3818249 854172.684140126 827730.164206842
473 45033513.7951295 44489739.0848996 931000.008285132 883193.573588433
474 39940613.7290608 39582336.4630889 840516.563827783 808937.508571178
475 43350559.1057496 42923610.025203 962176.304021652 923396.028777875
476 43532485.8631511 43002126.7591477 850172.886124656 804435.889753732
477 47323028.2314279 46781293.9997631 1069544.62675275 1019694.77225724
478 48280027.4301303 47586285.8505604 1047858.85095213 985146.524226699
479 42389089.5768782 41974565.8826685 914028.98039948 877162.787494126
480 40686590.8556022 40332861.0760258 846632.395400422 815566.654654191
481 46889673.4137556 46377645.6906842 1019899.10988376 973808.570078981
482 42593240.5865682 42075932.9881286 851018.975601083 806466.211829625
483 43492825.0187773 42831041.2646275 832734.975722326 776442.001279476
484 46896411.0873792 46223962.0385681 979084.418218767 919752.694096698
485 41734978.9630731 41259129.8825653 829521.105724533 788114.928906246
486 47205689.4052418 46483086.1801179 1002075.46229577 937278.83148625
487 46812739.5764719 46170403.1140617 964824.020757975 908326.103167983
488 47467247.8904707 46723571.7529961 978386.541031662 912317.127150068
489 40693615.5227943 40163572.6859755 808691.04004905 763296.099173491
490 41131539.3508605 40709176.1745536 898240.688465564 859928.541461994
491 44028092.5991656 43510274.1494585 891488.553809187 846203.402616632
492 49572587.1323773 48783021.4722059 1063664.6882295 993216.676216457
493 44541155.9285665 44093974.8273577 960768.882215051 920624.621988913
494 45703627.3641742 45142212.6506764 996779.879897094 945943.032381382
495 43368593.5194113 42920249.3244073 919511.774090316 879201.804940383
496 50026115.1491129 49334684.7345456 1162211.3125428 1097067.57668323
497 49079481.4331472 48479295.0074457 1056083.06628117 1002224.09159108
498 37860159.6033375 37582213.6550461 746061.716264722 722485.651839394
499 41398237.9646846 40966903.7088571 828267.558478828 790763.720485669
500 42276054.4999914 41959666.7879977 921959.171232294 893753.043397461
