eta 0.843137 0.664281 1.021994
Age_group Prob_SP Prob_SP_low Prob_SP_high Prob_SN Prob_SN_low Prob_SN_high Prob_EP Prob_EP_low Prob_EP_high
0 0-4 0.050154 0.038636 0.061469 0.483693 0.472637 0.494796 0.466153 0.455192 0.477153 
1 5-14 0.196738 0.161468 0.229227 0.437759 0.419401 0.457580 0.365504 0.349910 0.382297 
2 15-24 0.513434 0.453896 0.561305 0.311402 0.280693 0.349563 0.175164 0.157782 0.196717 
3 25-34 0.462893 0.404370 0.510966 0.356295 0.324363 0.395151 0.180812 0.164528 0.200596 
4 35-44 0.385919 0.331106 0.432456 0.417610 0.385897 0.454942 0.196470 0.181407 0.214155 
5 45-54 0.345225 0.293372 0.390035 0.455693 0.424380 0.491890 0.199082 0.185092 0.215164 
6 55-64 0.296740 0.249267 0.338647 0.502355 0.472157 0.536497 0.200906 0.188115 0.215190 
7 65+ 0.238222 0.197370 0.275203 0.552526 0.525321 0.582503 0.209252 0.197880 0.221574 
