eta 0.843137 0.664281 1.021994
Age_group Prob_SP Prob_SP_low Prob_SP_high Prob_SN Prob_SN_low Prob_SN_high Prob_EP Prob_EP_low Prob_EP_high
0 0-4 0.100000 0.085000 0.115000 0.650000 0.552500 0.747500 0.250000 0.212500 0.287500 
1 5-14 0.100000 0.085000 0.115000 0.650000 0.552500 0.747500 0.250000 0.212500 0.287500 
2 15-24 0.500000 0.425000 0.575000 0.400000 0.340000 0.460000 0.100000 0.085000 0.115000 
3 25-34 0.500000 0.425000 0.575000 0.400000 0.340000 0.460000 0.100000 0.085000 0.115000 
4 35-44 0.500000 0.425000 0.575000 0.400000 0.340000 0.460000 0.100000 0.085000 0.115000 
5 45-54 0.500000 0.425000 0.575000 0.400000 0.340000 0.460000 0.100000 0.085000 0.115000 
6 55-64 0.500000 0.425000 0.575000 0.400000 0.340000 0.460000 0.100000 0.085000 0.115000 
7 65+ 0.500000 0.425000 0.575000 0.400000 0.340000 0.460000 0.100000 0.085000 0.115000 
