0.0175036403988775 0.0308040756542853 0.0390204549667215 0.0456687882823252 0.0378231586421763 0.0326087735035915 0.0324277389424465 0.0377742900197715 0.039493634440126 0.0430647548452985 0.0442078429125093 0.0409362418425797 0.0452626634963448 0.0486712485450312 0.037580847191052
0.0328053112291215 0.0437114255532295 0.0992704146218605 0.111074709386355 0.040680649887941 0.0278874772554298 0.0225612682209565 0.0220813697436065 0.0280350766341605 0.023639177779052 0.017259074285518 0.0131518757150362 0.0108917843827782 0.00718301970845125 0.0072127493371765
0.0231831404831923 0.0322147731401975 0.0591055079520225 0.0579455621250628 0.0231635453544383 0.0170745354637112 0.015222007250705 0.0145086479669885 0.0161841570714552 0.0144105946884185 0.0108395304484242 0.00831892830718875 0.00683866624453675 0.0048323335546995 0.00468494181383625
0.0235029296590127 0.0350462036172188 0.047739540919513 0.0567722695152632 0.0225446379452965 0.016003107396208 0.0150008988666357 0.0150140628528985 0.0147352291392465 0.0143366269518465 0.0106198066728695 0.00832794548260975 0.00684472888019375 0.00441917359594525 0.004423197756748
0.021138998727899 0.0286898591944552 0.0420901006779493 0.0753671201634145 0.0215889044303612 0.0143982875725905 0.013359894896351 0.0128898503194895 0.0144668953533423 0.0127944237514942 0.00974658460452225 0.00731227898441325 0.0062571718811205 0.00416193578492825 0.00412397518150625
0.0130680029887093 0.017066690476136 0.0298439057338805 0.041674175202733 0.0157175818753773 0.0112535988412978 0.0093491576544045 0.0089082416340105 0.010001505111772 0.00926965764850325 0.006799761438862 0.0054006698483315 0.004250475078896 0.00293126507527525 0.002877415439429
0.0298830277292273 0.0392939474213135 0.0550281683641852 0.0802516230201042 0.0302036747744418 0.020001815998331 0.017990384680449 0.0180951698940263 0.0198090667861285 0.0184889798168547 0.0135456727385805 0.0106793275485945 0.00847309761860775 0.00565036776813325 0.0056614872137255
0.0313784050206942 0.043697914823841 0.0783099983287762 0.0865420203289808 0.0311442663001345 0.0211903868925758 0.0200661236014993 0.0190645790655695 0.0207821705753403 0.0177736725218113 0.0133598331542002 0.0106083254262508 0.00871699673874375 0.0059872872118635 0.0056924969583635
0.0318583745868537 0.044505436354232 0.0732628987396085 0.0790792907497383 0.0293080123658448 0.0216146864326223 0.0206702193938087 0.0196282777900207 0.0217602749380173 0.0190520209174335 0.0149632183355952 0.0119063736155887 0.0090954167827855 0.00657061203286325 0.006043976458793
0.016452283405339 0.0211458176801738 0.03683198026196 0.063173530611352 0.017541921620137 0.0127203821062893 0.0112864616091422 0.0102788945291055 0.011672400389088 0.0105249988876582 0.00849226335976225 0.0061081479952145 0.00492922316312825 0.0035239984093615 0.003601559202641
0.0271943298770045 0.033726609952217 0.0590848713045573 0.0736659340632693 0.0272946056511585 0.0196558604283187 0.0169858191126195 0.0165616681288485 0.0177016565415072 0.0163626326842182 0.0123993470343493 0.00976605029626325 0.008439601911272 0.005308186743058 0.00547673139918075
0.036863526587727 0.0533170427893688 0.0918377384982317 0.0852868976885117 0.0340329001537445 0.0227274146782412 0.0218563571756253 0.0210349251603403 0.0229009610158003 0.0200427464953975 0.0150938716217795 0.0120852048485352 0.0103090865335748 0.00654493648971525 0.00684069247240875
0.0278839525702153 0.0390148189100648 0.0573875530979212 0.0709495309238403 0.0263506765673772 0.0180361426241415 0.0156187452904868 0.0165142098928405 0.0173318490453052 0.016075240394637 0.012181266182148 0.009235150592586 0.00766984290847625 0.005150890795774 0.00529288242751625
0.0210860547978442 0.028331121153627 0.046284242474655 0.057904962792172 0.0227939903282945 0.015618723706271 0.0138853213254595 0.0144689462903122 0.015400004392669 0.0135386081504608 0.0103604308091705 0.0078706278776555 0.0064150170359455 0.004523465876738 0.004277464797253
0.0495781211823913 0.0705664499168207 0.0880155402949573 0.104645869968853 0.043475350423936 0.032619541277084 0.0303849110300787 0.030628997697354 0.0319840241014505 0.0283113978093322 0.022404961023376 0.017345686192966 0.0145402930197867 0.009295857667967 0.0091609470632455
0.0239817469707205 0.0318784605306583 0.0578445405948158 0.0750891716720657 0.0255451589397598 0.0188893539152152 0.0163596130028645 0.0158352904569755 0.017045176369172 0.016016410782329 0.0121254264574352 0.008545435814056 0.0076120194418135 0.00482639520906275 0.0050710446429745
0.0204897244642395 0.0271907915688552 0.0492731216095992 0.0776396384283472 0.0252878817635982 0.0170762852297132 0.013436393442419 0.013575766150493 0.0151828937840065 0.0143712280850895 0.0105026841605817 0.00861891835731975 0.00645132546613325 0.004398773508206 0.00440603923663925
0.0215886019452128 0.03119390526003 0.04615283494157 0.0565528771322795 0.020898143711615 0.0154147428595387 0.0137600723701633 0.0134766733080332 0.014634903278591 0.0129558919311042 0.010230913923191 0.00785387198989525 0.0064101388831545 0.00470628258140775 0.00437040545933825
0.027654016493452 0.0365342075414765 0.0598904139406198 0.072660945789346 0.028131681261405 0.0200130227173392 0.0187490581856317 0.0168976763460933 0.0194005735141347 0.017235981114115 0.0130158774508425 0.0105769058157507 0.008343917476815 0.0056662926018965 0.005445131303341
0.0201357303995022 0.0287100775200032 0.0473897246862958 0.0538343924790915 0.0211455844004497 0.0161105127379833 0.0132957601476818 0.01342305646898 0.015442065236142 0.0135003865523182 0.0100690537737347 0.00754241169674675 0.00648325109443375 0.00428926578312575 0.00417563720274375
0.017690418291616 0.0256127970999865 0.0399902559625105 0.055902200801291 0.018728683917894 0.0131484556788355 0.0121783804735225 0.011336449387788 0.0121112238148532 0.0109680297180715 0.0083350807616135 0.006835281646964 0.00542481004952725 0.003704008937094 0.0035948890351415
0.0514445714733645 0.0604284615586798 0.0805063792003805 0.114681785827152 0.0362302443564727 0.026526769601147 0.025205252590974 0.0258640451145485 0.0262950597078528 0.023960979434459 0.018238815479482 0.0135959712018715 0.011920628435929 0.008225575686004 0.007569618330402
0.0394026759142055 0.0585872994443878 0.0734086220904615 0.0839345130108392 0.0318938340547648 0.0231989224237432 0.0227799212286105 0.022021606557623 0.0225043547496327 0.0203735397966 0.0156191220635708 0.0118996967805988 0.010932108286246 0.00735865953546875 0.0068158722567275
0.0303964366597692 0.0395171679488227 0.056344368745308 0.0680100005376888 0.0278449789500623 0.019402739727385 0.0176959226057435 0.0180907822395928 0.0183751643010945 0.0171763766153827 0.0131769209390828 0.009729640350621 0.00844758141371375 0.00543927591064075 0.00548764412876275
0.0365860886646725 0.0481416156477738 0.0900530219891245 0.100076054645862 0.0368256754066565 0.02427520995351 0.023412554400732 0.0236007423803133 0.02487139977933 0.022305511296069 0.017012645227702 0.0127153003197722 0.0111387765397948 0.00765790251593425 0.0071575468412335
0.0346325984864895 0.047856205107379 0.0783733748614333 0.084620558072561 0.0296376752385813 0.0224649850412055 0.0215623201734243 0.0218645470205278 0.021961942205101 0.0194667442788932 0.0149414714354382 0.0118440822939752 0.00957605074789875 0.00678594920536875 0.00640716218154725
0.045470297817367 0.0594750800452842 0.091459115057943 0.104254908474822 0.0395991014955828 0.0303362639601453 0.0302582244912507 0.0265350429026322 0.0286768202973713 0.025721650797264 0.0200428385495467 0.015268041814569 0.0130189026454375 0.00822942900312575 0.0078204974637485
0.0236637628433873 0.0346589269550605 0.0529364654733615 0.0527907246723532 0.0206113500338077 0.0159572644899552 0.013804113041189 0.014839801259915 0.0154395520806427 0.0128833481777542 0.0102824672709453 0.0077198233239245 0.00686572780512725 0.00460223980685925 0.0043560955618375
0.00982201313375875 0.012867059650111 0.0227959871623525 0.031685332046293 0.0101696410514978 0.00752771052270075 0.00596819421578925 0.0057414428765445 0.0063052310732055 0.0057818129600055 0.00460353164831325 0.00354823464257775 0.002939982530597 0.00202066862497925 0.001956891844115
0.042400777984809 0.0576801058217615 0.104819583719419 0.0940854029122625 0.0372403816512005 0.0276487005043782 0.0272186571003125 0.0249519282697132 0.0268514752170383 0.0237501257595475 0.019015428133487 0.0138558544330548 0.011974358233832 0.00857421613583725 0.00762644959653125
0.0156512022982853 0.0205200312804985 0.034309986416974 0.0486517161907783 0.0174492700982593 0.0114770437402432 0.009786568201547 0.00984845815666675 0.0108003837965098 0.009711248169045 0.007734667337133 0.0058342959541645 0.00477915496632525 0.0032023218398465 0.0030558632487385
0.0201480386051337 0.0253560477977108 0.0387207752926823 0.074071085672195 0.0216062771402207 0.0145929493112043 0.0124087697071202 0.012145798674261 0.0139583672159117 0.0131763628488875 0.009573102300624 0.00807513186387375 0.006040769017605 0.0042889660246325 0.00403736071768425
0.0167459617232017 0.024212890359312 0.040297709971132 0.0480436580941068 0.0172138612306963 0.012040877270267 0.0111179721090153 0.0106062948750558 0.0113585525849975 0.0104936134985828 0.00847460229856875 0.0061127571223985 0.00522476773315175 0.003529446235669 0.0033092941664995
0.0237386119751955 0.0333535276661997 0.052465778924657 0.070383723184443 0.0283900860041335 0.0196965320723032 0.0176800590526325 0.0166072164012493 0.0180852504595102 0.0175712570533678 0.0130496911661537 0.009231431141668 0.00783077161070375 0.00548046503311925 0.00515630982374
0.0301125183676485 0.0396812853808333 0.0664735373189765 0.108789019149844 0.0301411030952562 0.021800594883917 0.0203863554777335 0.0192363097730537 0.0205936042795815 0.0193072064293695 0.0143800320979372 0.010807029115543 0.0089322691485825 0.006244286388894 0.00579097567831775
0.018056895016379 0.0249724831895342 0.0379047741389368 0.0523283303013143 0.0190633858272435 0.012515094884369 0.0114480602771905 0.0111639206305058 0.0124257733966092 0.0115075486632525 0.00845602030314025 0.00698122982181225 0.00543322123711475 0.0036499978023185 0.0036569905319885
0.0491369405097122 0.067837726169892 0.0917837823301702 0.0878730112445062 0.0340114160385232 0.026183071482439 0.0253247920170577 0.0264244230347405 0.0266910157711085 0.023138787790784 0.0179649073473527 0.0142923906924 0.012051382172327 0.0079928136284185 0.0074751244764205
0.052991997357197 0.0795065886485898 0.0942381339845788 0.116851704610729 0.0432620926168505 0.033185342725304 0.0315956684551315 0.032160091267175 0.0315706542202088 0.026844099467376 0.0216894705818898 0.0174033117353543 0.0153110111010365 0.00976333906552375 0.00905364105115975
0.0547298415758515 0.0686735048783872 0.0960910859456797 0.116009087346313 0.0440051068326865 0.0319837881897713 0.031413621859287 0.0313421285373913 0.0325006693118792 0.0286432373027917 0.0222082055325075 0.0170720840490487 0.0145763205764752 0.00956187877568225 0.0098421326279665
0.0221159977175663 0.029683758991489 0.04480775802916 0.0580773432980033 0.0240298660383397 0.0158143242521785 0.014077690541385 0.0137355837516035 0.015321948775268 0.0138779701095495 0.0102490176507787 0.007888543938211 0.006832021027165 0.0043953366367815 0.00458071252518525
0.0233712111784278 0.0333171929043257 0.0486331926388935 0.0593481177422137 0.0240899336397477 0.0168057366368328 0.0149428756417473 0.0149522444560262 0.0156634715515535 0.0148922512711893 0.0109101755073262 0.00784426228874025 0.0071015903908705 0.00466641215558825 0.004561275478045
0.0394420275597563 0.051836648817436 0.0862262077223258 0.0888384244018075 0.0331875119715997 0.0240034380991603 0.0230587846288152 0.0228546503218495 0.024961336114494 0.0213716535847452 0.0164013941956597 0.0127938857464438 0.010749131918824 0.0073447715124845 0.007030039702251
0.0183622039357972 0.0242557489836115 0.047080813593132 0.0830264749357923 0.02072535321951 0.0145183704617045 0.0127749747540815 0.0120944032251678 0.012917743457629 0.0123731225571722 0.00979782172949 0.0069919167519125 0.00578240392827225 0.003784918891351 0.004037107261845
0.0195362800394327 0.0285047222330618 0.0459911283661455 0.0471254315968112 0.0174506264145465 0.012592074443071 0.0118174601275133 0.0124450335709718 0.0128818973954265 0.0109465554182553 0.0086659096237725 0.00672391159729175 0.0058630247011355 0.00381350146631775 0.00362685821859375
0.0406964397574023 0.0556732693616505 0.0833866901669985 0.104356402343843 0.0396227546140892 0.0286730779719298 0.02602799817505 0.0245091874350638 0.0272907348892463 0.0241992380143305 0.0183985596213917 0.014124173960684 0.011628685932463 0.00805820851052375 0.00779832636073675
0.0125703495165377 0.0161557145309737 0.0379887243011075 0.0318933337099562 0.0127724865815402 0.00901451947179175 0.00813730604229925 0.00810478528085175 0.0090262435444155 0.007643750553039 0.00621368092895575 0.0043277503270345 0.00390334189126275 0.00261661499330925 0.00247370691371875
0.0263076105297873 0.0359808697347758 0.0612490501284267 0.0724954752919713 0.0231741725034812 0.0177905638216567 0.01656643400896 0.015878446595927 0.0171165248554505 0.0158628003487792 0.0110852184027115 0.00879352673617075 0.007484812750309 0.00535209818275425 0.004861109619827
0.034978877805656 0.0481725369521555 0.0719657847457753 0.0928642925214883 0.0333114764015503 0.023145963925067 0.0217665420063985 0.0215873348385985 0.0218373832815185 0.0197758907750248 0.0153418607687655 0.0116819760423207 0.0101125245017888 0.007058448389329 0.00646547825832675
0.0206934655315255 0.0303533801468405 0.0468335492224278 0.066601199599451 0.0214917256419878 0.0151360521066372 0.0129178760114835 0.0126898309892288 0.0140110163310383 0.012757227892708 0.00967342592270775 0.00689891749171325 0.00646355808403975 0.0042547317806085 0.0041819639459165
0.025643397186117 0.0299086499878163 0.0440697891553328 0.0697710234329255 0.0254885194806637 0.0174750972984075 0.0152199351185637 0.0152427158110425 0.0150363136202285 0.0148888007586495 0.0108601140941288 0.00843464098235525 0.0069770229661875 0.004425343983029 0.004441303744615
0.0294810719854745 0.0368014499192925 0.0522204670759457 0.0720240796576115 0.0232449546761417 0.0164275174396195 0.0159015572845433 0.0159397268939577 0.0171278380082295 0.0149396551043857 0.0115832554087228 0.0086838304983045 0.0073323314092455 0.00519603811699675 0.004809531096265
0.0460371997766485 0.0698879567842955 0.105611717219121 0.100115806551366 0.039136327941166 0.0278679944926427 0.0265580297546765 0.0274507997121138 0.0290558104609222 0.025535445663578 0.0187362330444723 0.0152566872262325 0.0128053309381125 0.008591828425649 0.00819620082084875
0.0188019160559555 0.0273614116243858 0.04124312918434 0.0476194314609395 0.0188314182162202 0.012899250529505 0.011860595677311 0.0115331336890843 0.0118319065756945 0.0108702308574558 0.00858588456080325 0.00664250207033525 0.00570331469152225 0.00373556613039725 0.003640043525117
0.0656475048363915 0.08974682970227 0.114045397927185 0.105628298488978 0.0433138905319798 0.0339049428263137 0.0349001426908215 0.0348663099007527 0.0330996065435035 0.0284047978317057 0.023229559834652 0.0171510268361815 0.015319057288859 0.010771711040122 0.0100275207358967
0.0250163135795375 0.0355590854575705 0.0533193336982125 0.0712267158678215 0.0235343023566503 0.017274335813499 0.0159338646951235 0.0157598784894515 0.016248227428226 0.0152489127540217 0.0117847470083363 0.008756603992257 0.00750523175356125 0.00515949541203925 0.0048197557289235
0.0207239308961167 0.0274218656150453 0.042379992055907 0.056907547455452 0.0230598851398388 0.0160997388818322 0.014016024803001 0.0131202854945065 0.015336763276783 0.014601706805035 0.0107074059350337 0.00767709679982475 0.0065782005534505 0.004238552444117 0.00419212591506875
0.0261652146168555 0.042121472286544 0.0564529138313317 0.069566605835981 0.0234252502754217 0.0174743372013485 0.017293597776616 0.016633453927953 0.0171499240644235 0.0156018979918343 0.0117118253222818 0.00898105186103 0.00800028104491275 0.00529734100332275 0.00509728500111625
0.0356565728768882 0.0518191886391752 0.076626174256379 0.125161404239649 0.039138198279137 0.029156387892901 0.0243761842725837 0.0234213145195235 0.025091005859621 0.0237541952142468 0.0181425956055997 0.0135558682499597 0.0115595226140042 0.0072788262621795 0.00727807115198625
0.0214710389583193 0.0286797453473695 0.0453136294570675 0.0493473141196343 0.020475557227669 0.01481342337999 0.0130685226980557 0.013659157071037 0.0142053913005565 0.012706115460928 0.00941708932254875 0.0073810501610345 0.006291367171123 0.00448969875504675 0.00394372509862325
0.0315303765142088 0.0476303722815868 0.076858208154819 0.0836004244967142 0.029706774961494 0.0232768191549737 0.0210913468927462 0.019494701703073 0.0216431645395593 0.0198483113123845 0.0141110265576058 0.0108330939605515 0.0100880722736648 0.00632449927313575 0.006078999285569
0.0256455871062015 0.0353387807428288 0.049588128095689 0.0680451232407873 0.0250061110393817 0.0180313590621373 0.0166683091490292 0.0159692909996528 0.017470687906183 0.0164113376954763 0.0118720395743425 0.00881942161341425 0.00757677079781325 0.00522495908431375 0.00485684038782925
0.0217469343951035 0.0304276215922182 0.0432645031773023 0.068301193027671 0.0208523949561785 0.0144935787277598 0.01358520505682 0.012918751269525 0.0140742031060413 0.0132250564031688 0.00977252221620175 0.00764830693223975 0.0064009940359915 0.00423138174744425 0.003894683608831
0.014506988012538 0.0197140881359523 0.0326509169272097 0.0474211964809393 0.017346200042224 0.0107176748480648 0.0104704322101847 0.00950953579931875 0.011032412753982 0.00991227561088125 0.0074882896767995 0.00580091072208925 0.00485670188211275 0.00323804891257625 0.00306946493714125
0.015870618899672 0.0239080195394243 0.0371961556675588 0.0458088887080745 0.0183714434289567 0.0126088739281285 0.0115460587325777 0.011023872945472 0.0120363619445022 0.0110933970183875 0.00873382893281025 0.0060867267985805 0.0051264213095645 0.0036393211570425 0.00357130520479525
0.0323315627815425 0.0443889895454805 0.065955046579015 0.0985992949101613 0.032097498259019 0.022425017176778 0.0204190997340933 0.019911321008031 0.0210582086728325 0.018363039909064 0.0142528477816153 0.0105188399680477 0.00941943962540575 0.006543147031774 0.00625563452579775
0.0253846072771475 0.031668068629341 0.0403258605337977 0.0639803679318182 0.0201422395699672 0.0143239601908515 0.0141320234547057 0.0138184047424185 0.0148351245643048 0.0128129408366448 0.0105714339083107 0.0076194630900115 0.00651680100463425 0.00435831602394975 0.00408552531909
0.018072576180543 0.0245592538155062 0.0328045030932973 0.0549511592929412 0.0172488434926302 0.012417833324057 0.011074692931745 0.0105146182986063 0.0113843254908868 0.0106669422354303 0.0079737235640365 0.00597604103219 0.00553914284700075 0.0035501181871975 0.0034221383053415
0.0200987571733165 0.0264866511925765 0.0428518474408735 0.0510823502835732 0.0205063580387875 0.0153278169840655 0.0132226143345815 0.0128101263016643 0.0140183125350775 0.012668769761878 0.009549436668537 0.0073078980557065 0.00615219184406875 0.00432884445119025 0.004266018481803
0.0246572019763195 0.034466740583007 0.0539808624624267 0.0671726915986172 0.0263143789698105 0.0180540283825815 0.0174286588858552 0.0164384364442235 0.0178584973132453 0.015013152734242 0.0126163324174707 0.00908213065599425 0.007490839278806 0.0051303123274665 0.00475969154920075
0.0380004978091567 0.0546917693180992 0.074941756824445 0.122053558513557 0.0348263913966922 0.0254111697807585 0.0239280722855617 0.022467387343634 0.0246538893520225 0.02268046639658 0.0169972965482213 0.0134459711835172 0.0110051562765803 0.0069950705668145 0.006980247679524
0.0230015458147445 0.031099548589917 0.0502412147632237 0.0924069996504925 0.0299272202298692 0.0195690996639248 0.016194394382838 0.0158144426609475 0.0175582491843795 0.0166288211878137 0.012315349391522 0.009368395678569 0.00763791605616725 0.00500584772294825 0.00524235971214325
0.030307385556053 0.040536169980892 0.0526577747081362 0.069848010750396 0.0263613777362205 0.0185088470204447 0.018276595353763 0.0173888757180233 0.0183242926859737 0.0164815050593052 0.012450101252336 0.0098863925448045 0.0082867389016915 0.00556120494333175 0.005070582352652
0.0201534771521385 0.0266327134897675 0.0415203293568487 0.047675921675335 0.018093603343897 0.012697758636532 0.0123935405158795 0.0113231659529448 0.0123297613089475 0.0109843570070105 0.008862956373135 0.00631972004075525 0.005592193210797 0.00394304432080175 0.00363422071853725
0.0264377661615567 0.039623358000264 0.0542740508328515 0.069175011023504 0.0258691596592355 0.019664632330568 0.0169895932387465 0.0159182494763947 0.0174780366003978 0.0156967949480775 0.012411941967597 0.00924814872985325 0.0077404470648525 0.0049991513731865 0.005097432740634
0.0126682224561135 0.0162785791863422 0.0243676914439555 0.037551951061125 0.0144624995057445 0.00921840009881625 0.00865517517291225 0.00808806573436625 0.00834562486673475 0.007914057620732 0.0061391152659655 0.00485812026918775 0.00386244514946 0.00253710392966775 0.0024666551700695
0.0301689262215802 0.045302281784025 0.059722980070035 0.076602497224826 0.029197139837986 0.0208787344845753 0.018039496529537 0.018459691234273 0.0196403344104705 0.0177100857214188 0.0134666227403865 0.01018982157349 0.00854180590290725 0.0063101352326465 0.0057644652467195
0.0238978114159275 0.0328535773089128 0.058264857799838 0.0669674980097678 0.0254889677511625 0.017640468256771 0.0155672407991412 0.016009083999586 0.0164863825172925 0.015463833079245 0.0119972215518835 0.00896627123846375 0.0075516686729485 0.004898118818438 0.00500209688568275
0.011813045493168 0.0150576079108255 0.0229752660265067 0.0427527761298077 0.0134976866759943 0.009333384063151 0.00779685520450775 0.007684516802323 0.0084605883570565 0.0076412328319945 0.00609824433710475 0.004547521209249 0.0037324095121045 0.002485784038228 0.00244992235801975
0.0252402170302277 0.0349013190259403 0.0715185434614597 0.085025736411739 0.0273515186134315 0.0194273449445745 0.016350015743909 0.016437187281227 0.0184629204856937 0.0185027079372557 0.0125400508904707 0.00981907803544475 0.00795683194214625 0.00538440899144925 0.005097870776888
0.031570613792892 0.0453008131536687 0.06430146067177 0.082220103166354 0.0333674501569053 0.0236489787771068 0.0218379694256625 0.020330180434187 0.0214321954591875 0.019207575429724 0.0153980308531507 0.0112625564346782 0.009997725670891 0.00660485489834775 0.0065712075776195
0.01620587949939 0.0241206504482857 0.0451584070039947 0.0399336039158405 0.0160647311378135 0.0118835876502178 0.0105589970381197 0.0106549482596718 0.0111512252837185 0.0098123659554365 0.00799168960752925 0.005839212788393 0.00532584954549925 0.003444682676326 0.00330036462001375
0.033186599276804 0.0438332678148272 0.0744662365976265 0.070648806124289 0.0277702540201535 0.0201194891196407 0.0189397632295355 0.0182724211219332 0.019416724421715 0.016539253714984 0.0127135071517165 0.00997222418124075 0.0087915118229965 0.0060034837330535 0.00577919881624475
0.015333966418179 0.0204597389141907 0.034449703168989 0.0426404601183277 0.0165066013936422 0.0122291946616228 0.0103958895883313 0.0105644404617732 0.0119613306862095 0.010062114386149 0.007851656846488 0.00588198405041325 0.00501972428763475 0.0033174372448735 0.00340847777802325
0.023604952883783 0.0347749127443453 0.0461865785878098 0.0546171812106088 0.0224803166828927 0.016481976039565 0.0154683361289468 0.0151010831938767 0.0160067381224933 0.0140784198320733 0.0108764322447235 0.00793256373392075 0.007308120775129 0.0046708355122155 0.0046759131472915
0.0223812746476425 0.03056743151528 0.049831842146046 0.0665855824454445 0.024048549385008 0.0164151964283775 0.0151964924355172 0.014399349113179 0.0156875073921472 0.0147619100669687 0.0112691969075565 0.00852893718630225 0.0068342885957945 0.00453804739947925 0.00452413828228
0.027251582906463 0.0353332149616695 0.0485752857076477 0.058081411272467 0.0223777273440448 0.0167445978851685 0.016684961533921 0.0158886427879255 0.0163297895388363 0.0147969125173772 0.0115346795782025 0.00876099402377375 0.00781969839827875 0.0048482553771185 0.00466680119341025
0.0229767865120397 0.0294466330870775 0.0491676872524383 0.0790636305276907 0.0244229113281993 0.0176249461946528 0.0155379856698622 0.0145223971409822 0.015988799455676 0.0154273800615357 0.0111392675691698 0.0084493661276355 0.007170359676063 0.0046553031228165 0.00484960706652925
0.0216236601638048 0.0306750981092772 0.0455831774204755 0.0762705895378978 0.024872607211334 0.0161640333487435 0.014637472176287 0.0135523909044272 0.0150646464382605 0.013428026017484 0.0100803189062013 0.00756043377098525 0.006458257020758 0.004444659606814 0.00434458547937925
0.0413637093218402 0.065155383416834 0.107670470244676 0.121172948163432 0.0382017151135275 0.0267871516634288 0.0262473596411138 0.0256147753629005 0.0289132510699967 0.024464255604797 0.0191959876014783 0.013897714683152 0.012177801312648 0.00824462146176325 0.00774092541813325
0.0283838881105467 0.039730952608126 0.0756759627638245 0.138399551944411 0.0366851009284142 0.022872270896761 0.0198804231440372 0.018248686233812 0.0215499818171575 0.0197488875102452 0.0149568627199458 0.0109507418011935 0.0087684558865955 0.0061776213396285 0.00593110972742425
0.0231365393317777 0.0331082425233922 0.0467929474715483 0.0746872431628058 0.0221671643844343 0.0172978432230147 0.0141720836131867 0.014146609027656 0.015864774142122 0.0139846113916747 0.0106251410945932 0.0085381985002445 0.006835359666754 0.00462679194647225 0.00448191932247875
0.0359471833783767 0.0494447138269657 0.0651779002082182 0.0946776831419762 0.033793079224576 0.0233793579961797 0.0217390417498372 0.0214965136595408 0.023099966592884 0.02022984122223 0.01581998702483 0.0117836596819937 0.0100160546199212 0.0067403599178375 0.006411273136099
0.04034007871289 0.055262825197448 0.0770130597965605 0.0968359323800205 0.0329179990894123 0.0242015057417665 0.0230136232293922 0.023713878176772 0.023799610052354 0.020583493403511 0.0161153470183872 0.012469356844613 0.0106352072419025 0.0073426489772905 0.00680555198481375
0.0361834219827983 0.048413260082493 0.0872039479855112 0.148451426909574 0.0425709139458873 0.0270256433773032 0.023193612592349 0.0223772467035093 0.02906496473825 0.0240401327409525 0.0179549600053025 0.0130639552964458 0.0108633881268723 0.00725773384658525 0.007615971847584
0.02603952290569 0.0353215198868845 0.0510890478319205 0.0714722961284693 0.0256448852950678 0.01873431312418 0.017034830178961 0.0169561027584537 0.0172662011852293 0.015894377486536 0.0125572214807198 0.010189781683861 0.00824495655806 0.00538287937625175 0.00525496190329725
0.0155484171091388 0.0204979163941075 0.0282421189636143 0.0406696105321357 0.0149864184622433 0.0110867674681613 0.0096240218370185 0.009195991494299 0.010146147974122 0.00892091417540675 0.0073267466477125 0.00550128985852275 0.0045564311534745 0.00300992952809375 0.0030131527158035
0.018367915539055 0.0232597040311905 0.037653132892206 0.0374772496515337 0.0148394581658888 0.0104491665846465 0.0102969098100665 0.0100043661899833 0.0104519435104392 0.00944186140078 0.0072355378318455 0.00571800453316975 0.0049922563379035 0.00342562715997875 0.0030045537679245
0.050518852021238 0.0675186653595615 0.098361342066422 0.109923997095066 0.0443604010440488 0.0295693830226975 0.0277342173556555 0.0294215435676725 0.0298820294800522 0.0266945151146835 0.0203744959464177 0.0150741522922738 0.0138068648419295 0.009154518620625 0.00843982159715425
0.0211190921295655 0.026402733850083 0.0431818338556453 0.0709472018709982 0.0225762958864103 0.0152499881127842 0.0136025051801742 0.013773556312017 0.0144939910880975 0.0141541564040737 0.0106393229603037 0.0079296308829355 0.00648349533246825 0.00437355204114175 0.00427690549277775
0.0235393294307825 0.0321954663390305 0.0803992044179568 0.0682704767704275 0.022862966373243 0.0154835722463572 0.0140744493480697 0.0146818108209833 0.0168245528000792 0.0148523343195947 0.010753569971918 0.00786080569737575 0.00694213152420475 0.004579432662348 0.00454103497646625
0.0253690279703385 0.041599669976579 0.0568300772988697 0.0751618735879495 0.025509001238328 0.0187625449939465 0.0162104740790352 0.016472373634616 0.0182527015838465 0.0163984087963112 0.0122314803574465 0.0090432068339485 0.0079005352165815 0.0052687013986035 0.005089440767941
0.0675287576168088 0.091508261969078 0.106073758161502 0.127453989350831 0.046513255585447 0.0354932625572483 0.0340115567077708 0.034830112785745 0.0338782061470883 0.0291780186134142 0.0229642381700448 0.0182986024170993 0.0158105866195525 0.0103555323335922 0.010129415487278
0.0173916161538503 0.0228436418289928 0.0434569763828348 0.0461057769399772 0.0193332400226203 0.0136922581497055 0.0108307554631675 0.0112449878239368 0.0121436119387755 0.0107118647840502 0.0084386602521145 0.0064496819314485 0.00560125025096725 0.00365652347203125 0.003520777642262
0.023569034384527 0.0337312022084423 0.0452997323516538 0.0621020780808675 0.0229145055428815 0.018001686013609 0.0142514797359957 0.0142914923163333 0.0155890001916733 0.0148828527673 0.0106128987423238 0.00822572136673675 0.0072811542454445 0.0047911806111815 0.00452310602006225
0.0214110113229482 0.0313134067848497 0.0456218273995552 0.0560096041853198 0.0190920686222672 0.0135603596955628 0.0127524490191392 0.0123725721652802 0.013206716550043 0.011765143964262 0.00880454956476625 0.00703097696073825 0.006017518878393 0.00398715634108225 0.00383020165918575
0.0353386218933177 0.0509532780001822 0.072390755143313 0.084203306200825 0.0310503392629418 0.0215837164121225 0.0219774307141168 0.0210852519387628 0.0217297657185658 0.0195335182728085 0.0152557812726755 0.0114109471675542 0.00986799087708025 0.006545589210137 0.00617467177042525
0.028901745947721 0.0399309024636502 0.0597655717623735 0.085727161013809 0.0289829568710488 0.019900503953333 0.0170464737375382 0.0171241476481475 0.0184531931262278 0.0179187316821928 0.013332999092658 0.0107961953961267 0.008136486899498 0.005425206155239 0.00539533220943675
0.0332416982242668 0.0454991369622205 0.0616085875857173 0.0885682420668795 0.0296594761684888 0.0216262476473065 0.0210017683653357 0.018653812913759 0.02060323079261 0.0186633444976027 0.014423810114111 0.010449173648853 0.0092366543233315 0.00657500985582425 0.0059056339778895
0.026462054282684 0.036663221461377 0.0568814086786052 0.0589099076167245 0.0233413126942225 0.017673236443578 0.0160925253893555 0.016591033446433 0.0173068797608168 0.014568019296045 0.0114353713991605 0.008715464452505 0.0078409026523655 0.0052411589153985 0.0050913506800965
0.0251509345296793 0.0332821185323652 0.0614893059275295 0.0894173570410042 0.027688500407024 0.0201860236669613 0.016538506235979 0.0163765143445945 0.017500572087884 0.0175063928699335 0.0121198220594495 0.0088781339992235 0.00779034940132625 0.00524550389008125 0.005115600297971
0.0172174640830568 0.0220227279463488 0.051451630430955 0.0586523668779935 0.0214337066410603 0.0142454092302645 0.0121187125176842 0.0115266991614828 0.0134750411731347 0.0133998277765553 0.00914506686371625 0.00675079742266625 0.00569997001321125 0.00384461805937125 0.00376816752385825
0.0207223517261792 0.0295042202992548 0.0468387199878515 0.0771776721475072 0.0223063361188157 0.0150434091615053 0.014405693128209 0.0138354883390185 0.0148653881751178 0.0135193545576255 0.0103056972354963 0.007454294971523 0.00650820405041975 0.004439595498543 0.00464754537295475
0.024672507820163 0.0393954180163378 0.0522598945188738 0.0670163019749765 0.0246818741702035 0.019320190831907 0.0158531802949783 0.0158424853105595 0.0173318744387208 0.015479149381242 0.0116597137053972 0.00934999266077 0.00808361592117825 0.00523304283713975 0.0048645009068445
0.040369584750482 0.0536976398789712 0.11683605203359 0.0952025598433523 0.0356426929668908 0.0274205145610872 0.0245729907357678 0.0234588975956368 0.0248793834856387 0.022501720395179 0.0165291210875902 0.013039689671703 0.0110056065642027 0.007278402881009 0.00738828184540375
0.0207453638351585 0.0281623232475695 0.0482435011346768 0.065808614751336 0.02299001841781 0.01603907581348 0.0131698720487603 0.0129196726273247 0.0139849812345943 0.013938728328762 0.0098622716390795 0.00771600890190425 0.00638554728568675 0.00459519707846 0.00410548410408275
0.0472518560587852 0.0714394473826682 0.0944387879930495 0.0958042510286422 0.0398504874088597 0.0301650384039445 0.028527407267686 0.027460561788371 0.0302868129609135 0.0251236656935322 0.0190224162961805 0.0151911455343932 0.0128684860404282 0.00964968165626325 0.00807529848347375
0.0131812921045175 0.016941827267981 0.0325787378991665 0.0381368121090098 0.015668774340486 0.0102685006887627 0.00945409220129175 0.00875608069365075 0.00952965184755375 0.00889444744913825 0.0071633396233385 0.0050651464595575 0.0042845095675795 0.00284216386058525 0.00278636140098575
0.023666979846074 0.0333775670896483 0.0495237245799562 0.0630455374164423 0.0245946149201792 0.0181890112973148 0.015943135927733 0.0160185770578045 0.016893767643779 0.0156085694115587 0.0120087824540693 0.00881975476679925 0.00747336197343075 0.0053849823637345 0.0047744327814275
0.0236861125693048 0.0376400667713185 0.0516802215208532 0.0496950402091505 0.0202348489549245 0.0145431739529742 0.0137048887087917 0.0138228084121662 0.0138842599982475 0.0127817386334275 0.010356416358198 0.0073464096110485 0.00667032344684325 0.0043538497917045 0.004130927206421
0.0160938221170197 0.0226076392675395 0.0384585672159153 0.0569140071000432 0.0175379245124858 0.0125082017756172 0.010629783894867 0.010528738466005 0.0114152957917615 0.011118317209294 0.007934231996478 0.00605496780895025 0.0051174027005475 0.003428772484079 0.0032333699650615
0.0271907872176753 0.0359369134833315 0.0578071077374818 0.0579187113061775 0.0236586884056415 0.018003871866118 0.0168306853932477 0.0160305808865897 0.0169853674711438 0.0148139417838192 0.0116450785672608 0.00948657252079525 0.00752137614634 0.00552525471481425 0.0052008483079265
0.0232652347628853 0.0289005808866487 0.0426875072296935 0.0604970774205383 0.0202845410764315 0.0144955505971627 0.012687312763961 0.012808425321989 0.0139064007419313 0.0124057536484268 0.00969209146632825 0.00746261829683175 0.0062152426537895 0.00417557012787075 0.00395961305031025
0.034910784568747 0.0444309909742315 0.066762679326284 0.0959367581307282 0.0317636513344715 0.0223912031536825 0.0213129974802913 0.0211733246505445 0.0212367379265755 0.020283415752993 0.0150194315400412 0.0120259372199805 0.0098639053404725 0.0063577473073255 0.00642344480928525
0.019911625857997 0.0280071674529483 0.0466274231461207 0.0590813298301395 0.0207002544476518 0.015148809696856 0.0135107489140625 0.0132900914266362 0.0137435639831575 0.0130654655716765 0.00969482143123225 0.00707611044513125 0.00613306013753425 0.004354043468865 0.00411287845542425
0.028602224796621 0.046181263833349 0.0625559989765555 0.0692678872644432 0.025836194426994 0.0194270451411255 0.0179347530766238 0.0172245082108565 0.018146320130304 0.016164922663945 0.0127725985088242 0.009466269977312 0.00828699467713625 0.0054008646313905 0.00552670448374925
0.0371097780647998 0.0470484800856008 0.0672208469096272 0.0779736905381145 0.0295198617725775 0.0222662535678913 0.019571380522406 0.020263691732903 0.0209107095613548 0.0189476178157577 0.0140279314970965 0.0108005978216177 0.00992505001921825 0.0066964988482495 0.00588336089460275
0.0303994803168835 0.0416056652199058 0.0680941208856992 0.11259283438157 0.031431667373089 0.0205552121566095 0.0189133494269147 0.019116781720477 0.019415522440182 0.0193790213953627 0.0137765145304818 0.0102841562583733 0.00869103382434 0.005673089890249 0.00587292978033325
0.0396116821984143 0.0617798323160577 0.080424624557049 0.0942551695136712 0.0373789887805045 0.0272720105223412 0.0257398320501937 0.0244657190671688 0.026931144404443 0.0246038562510785 0.019114824493387 0.0138652038681285 0.0118495185396152 0.008063360335228 0.007935821042509
0.0135937099519413 0.020331200670695 0.0402517260567785 0.0358093519709428 0.0133732921535675 0.00928692574637625 0.00891853960262575 0.008593105733037 0.00927486374924925 0.00833365275584775 0.00666570000490925 0.004806637202047 0.00415086660669625 0.002912723354989 0.002810861794794
0.022879680314216 0.0325913792775287 0.043711522924322 0.0559432203451825 0.0222077769478723 0.0171349879738272 0.0146606855482503 0.0149778587083382 0.0160422310241168 0.0134576157335265 0.0110408485279855 0.00816273885308475 0.00708283734833725 0.00485542074063275 0.00454215387885575
0.0367754732923838 0.053893010627111 0.085969439699695 0.119927607608797 0.0382446224621045 0.0254945965498957 0.0242515714381272 0.0236087470784537 0.0257304357389915 0.0220894683291115 0.0173401362236933 0.0132828628601002 0.0111848869943897 0.00748482434920025 0.0074403757417155
0.0214633305597003 0.0291655835495018 0.0591041644730508 0.071490491520101 0.02366451414786 0.0165721335833045 0.0143388780595955 0.0135876566753047 0.015635619966493 0.014001803556146 0.0109140003964545 0.00813075119471275 0.00694459994413225 0.0046705352645155 0.004869256482039
0.0266250322088192 0.0377292667879758 0.0536096045632465 0.0722716692276223 0.0267990113203278 0.019130582627473 0.016547053994834 0.0172909903621292 0.0177680739510142 0.015739301666959 0.0118342144267748 0.0092499447264245 0.007876823119971 0.00508603772799725 0.005051481754049
0.021733320489953 0.0313973492249295 0.053167834021001 0.0733956004839628 0.0223165509502402 0.0157152739338675 0.0136729588175517 0.0135727197235473 0.0156969183124387 0.0141227250770143 0.0100474302519035 0.00778193993905525 0.0067361570800335 0.00440936984093875 0.0042140301744075
0.0449897029652625 0.0696144220479938 0.117362908450889 0.0965618502472377 0.0387192907570015 0.0284651361763755 0.0287168393839513 0.0277407765005423 0.0289845432620352 0.024972488508875 0.0187251877726618 0.0143668353969355 0.0126058717717942 0.009469125588567 0.00794078398516625
0.0348638995242515 0.0472955621460497 0.075213650012682 0.0885053498751457 0.03526702479035 0.0228482250772622 0.0217115561068007 0.020686920862747 0.0222980627370615 0.0208800475373782 0.0160794061491478 0.0120171829239647 0.010152978511407 0.0068049926071225 0.00682683462551225
0.0768574971455227 0.110627408064899 0.125112713608739 0.163381609183969 0.0573591096032227 0.0440110747196822 0.0440156485951695 0.0433810224862805 0.046139433230994 0.0369756236330345 0.0309719651486565 0.0224930931845885 0.0201683195934773 0.0136913637622028 0.0128210754005732
0.0253501023945843 0.0374485921956198 0.0636003729582068 0.0759937698341012 0.027670299482853 0.0187463054346925 0.0163984499248917 0.0157312733564757 0.0172580594977285 0.0158649460047585 0.0129366400162167 0.0093732293622345 0.00770453762258125 0.00497715105434 0.00505765120657075
0.0230891623370528 0.0344428783811907 0.0429140970507823 0.0600215196663172 0.0208152501836095 0.0147756963617483 0.0138638476909475 0.0138875286732868 0.0146200730824478 0.0123343083409152 0.009598266416587 0.0072591702294395 0.00663372671987125 0.0044799058977525 0.0041713613630755
0.0182732486834347 0.0264262872729 0.0419243634465472 0.0489287470203038 0.0200317982944305 0.013910011602911 0.0123111016599153 0.0117467556342088 0.01355525091769 0.0123232633091725 0.00913142141312325 0.007516811669878 0.0057204647615865 0.00408728199810075 0.0039239994216215
0.028287354047591 0.0418270472866945 0.0566942772434255 0.07447795710354 0.0236524594684118 0.0177012120394143 0.0182707216219315 0.0167153416154153 0.017066600528906 0.015569794356481 0.0124154654970828 0.00909942541188825 0.007749077361111 0.005425307074368 0.00500721844379575
0.015366435856016 0.021464128329016 0.0348669280533735 0.04006806466297 0.0166749261809598 0.0108748016384782 0.00992332994161 0.0096220009104095 0.0107943350739275 0.009664038925044 0.0075674194205365 0.005369092384104 0.0047915892089205 0.003224824792708 0.003299972566781
0.0229081871761113 0.0352472635299785 0.048307995093665 0.0828184440819735 0.0286328542551045 0.0184879874620542 0.015704535824026 0.0158214391260852 0.0176775459016458 0.0156041977767457 0.0119221615845435 0.009070637889767 0.00750082283549075 0.00477473873522725 0.0049607615035415
0.0576368840468675 0.0838555144097815 0.13686086688595 0.161577535201321 0.0509116808150272 0.0378023963116845 0.036343776632012 0.035213665654132 0.035351943049313 0.0308328924332027 0.024582495303158 0.0191422768058945 0.016084716784044 0.0111865888133045 0.0100141931532498
0.0249075959924545 0.0352947497828 0.0548213284981503 0.0754971645458185 0.024941360116215 0.0179488608205965 0.016916265605716 0.0156017200498255 0.0168646147179725 0.015088419944385 0.0117984090126608 0.00863495693060425 0.00728656078769925 0.00521336867529 0.004607269987879
0.0279832673631937 0.0436711652632372 0.05726224810445 0.104733500236478 0.0340090773592735 0.0213587608178283 0.020562850529288 0.0197637214079495 0.0203222160685738 0.0189281460408323 0.0144292004366925 0.0107740670163565 0.008865886259567 0.005875764524844 0.005811656505711
0.0146698778683593 0.019812838868465 0.0362403838056373 0.0404113433493618 0.016897787906689 0.01076564376425 0.009998099992648 0.00950830563859375 0.0102588577905518 0.0093933695365675 0.00707891985289175 0.0053135746431775 0.0047464521399935 0.003103265268938 0.00299995882021
0.0560081764498948 0.0812992645070157 0.121236158730338 0.108464178406405 0.0434274905853722 0.03212828072239 0.032769865560762 0.0304601783041347 0.0326244826998328 0.0279180503884305 0.021862235341976 0.0167764978388248 0.0146476484055118 0.009649648467386 0.0094898242399605
0.009048463223114 0.011559262475144 0.019616008191015 0.027066497135033 0.0117760195058892 0.00765777656607025 0.00639138718403275 0.00641999034929475 0.00672072221780175 0.0065633814781745 0.004985819769707 0.00372772801127975 0.00308806595777175 0.00199677796296575 0.00210780600309025
0.01871370109297 0.0247553212426915 0.057708424432834 0.0715813490899885 0.0221483900651368 0.0147132540417632 0.0132433717444742 0.012784435898383 0.013866553429051 0.013333213247002 0.0097217973595425 0.0078002642468665 0.00609060980947425 0.004087679740996 0.004139863719378
0.0348900040146507 0.0480372958471837 0.0753477810289935 0.0876262098605338 0.0337463083035303 0.0237462855696855 0.021948548422679 0.0220641413194947 0.0230917290805272 0.0211956297142833 0.015804443546676 0.0116682580832858 0.0102669726897028 0.00663275945382125 0.00681648921417
0.034715188588126 0.0420384197787523 0.0629478792304247 0.069215513165422 0.0263334294547923 0.020588712341655 0.0189078908143458 0.018094153978071 0.0193820964923187 0.016465134295885 0.0131398377834797 0.0102861836464803 0.008661045900782 0.00613165792277425 0.0056183663468955
0.0285518142143015 0.0370900340119105 0.0531300508378845 0.060816069024435 0.023532511996537 0.017200184824812 0.0149915757563363 0.0150524749522093 0.0157631183742035 0.014901797468481 0.0108805717966415 0.008323262118656 0.00739783712329325 0.00512612145810625 0.00463073853028575
0.0419454954943183 0.0572890224992237 0.0835719045489283 0.103563824061298 0.0365220414403302 0.0270095354317365 0.0260971911150722 0.0239624255038575 0.0265030560437702 0.0233847385010287 0.0183487842107018 0.013381644364717 0.0119279945932375 0.008005405695847 0.0078137763818945
0.0263416154582767 0.0329880643748843 0.0444561396092533 0.0825353007557152 0.0270193821498773 0.017020298519516 0.0150676899397467 0.0147895898587637 0.0160600087258185 0.0141038788367415 0.0115057731476727 0.00858399970800725 0.00681791736507175 0.004775615460241 0.00442837263034425
0.0255948800948005 0.034603393014232 0.070658623770272 0.0869126321554988 0.0292094082390402 0.0199060925302973 0.0174745346377823 0.016374927817622 0.018159647919646 0.0163245189213925 0.0128696392606987 0.00954685879306125 0.00758217483331325 0.00526790287451175 0.0054351672259505
0.0153493011889662 0.0214483194321242 0.0319422018772492 0.0426695746679642 0.0145908718874485 0.0109148774110585 0.00989359880946875 0.00908056768831775 0.0105856909231275 0.00916302619027525 0.0072271257309565 0.005649070256926 0.0048625940991365 0.0032654154915325 0.00298707234308925
0.0220892525714925 0.028466018657726 0.0432931376984785 0.0660602481192803 0.0231061265223665 0.0171459445954373 0.0144604885208485 0.0140985579269812 0.0154468538483697 0.0141197029325085 0.0109661606038552 0.00815278551859325 0.00686930740629475 0.004522647755258 0.004567837139298
0.0308909433669775 0.0434029609351322 0.0682434928056765 0.106123100058721 0.0349883821985478 0.0238026127863758 0.0215276979817925 0.0213808643099558 0.0231626322747235 0.0216109003308575 0.0162249092095245 0.0120594458690377 0.0101717901478982 0.006632083911458 0.006311953499439
0.0592605456873817 0.0829332319486352 0.103204315328043 0.119769064055064 0.045907756266035 0.035527495150164 0.0364021128685958 0.0350247484423288 0.034156522056533 0.0305856211841317 0.0236595969125343 0.0185476131278582 0.0166090374611588 0.011306676946807 0.0101938707818888
0.0320293466528695 0.0415005842564515 0.0734514332584863 0.089641707272999 0.0298118883383435 0.0226418335261743 0.0208252900119127 0.018892795865083 0.020118495555198 0.019166997031858 0.014168219282572 0.0116812409870195 0.009697245893138 0.00613469256111625 0.006085723264877
0.0233094772832725 0.0340669163053125 0.05085797467106 0.063423839098809 0.0231075062571205 0.0155769152853645 0.015000552155339 0.0144992378055202 0.0160781378069847 0.013732653939404 0.010695470074735 0.00795321851954475 0.0067646616728975 0.00450855477775775 0.0044319431302315
0.0274107393098443 0.0373108331738613 0.0617689482170063 0.0900361884184507 0.0270936773384337 0.0203677980087615 0.0174406756625607 0.0174289081505788 0.0188169223156005 0.0174180540022678 0.0130731080373598 0.010094651395433 0.008225935089836 0.0057551627541555 0.005412156024367
0.0427513835755053 0.0549936780026547 0.0596609838728635 0.0693066287097848 0.0264538779693845 0.021146430866998 0.0223523658293522 0.0208940576610135 0.0208962147883098 0.017885030641809 0.0142856875800345 0.0112688787738808 0.00986347620525025 0.00662696777621425 0.0061221261463755
0.0495038791529272 0.0707655538899875 0.108121418937761 0.107875520685364 0.0411695891500573 0.0308923454436177 0.028920287460485 0.0295220913841555 0.0317969137252645 0.0264880576011855 0.0196759545817055 0.015195719466748 0.0133568309196215 0.0092386464011015 0.00892804213970025
0.0300664301285385 0.0434121596061863 0.0595234092371068 0.0601969719752355 0.0254507192018397 0.0184847165473335 0.017775775940984 0.017385662315649 0.0175281640138183 0.0165178395980527 0.012696569103299 0.0096174779774825 0.0079818289080705 0.00551359439386025 0.00520660257214075
0.021594179179474 0.0292800933755822 0.0627134902106482 0.058735004368421 0.0213952239572038 0.0158039747129602 0.0141277687793762 0.0139238381875248 0.0146492752976705 0.013541579627097 0.0102323926810275 0.00768907696122375 0.00653427681928 0.00451141392377975 0.00442360510493725
0.0274174099066542 0.043856195486183 0.063566041440694 0.0995028521397668 0.0330847006222595 0.0233584084056365 0.0189550740003382 0.018291485900928 0.020057413230316 0.0196002627421863 0.0144095834593405 0.010177521287796 0.008871546738804 0.0057222770204875 0.00588368932043825
0.0153709072336275 0.0218851510362695 0.0359204349999095 0.0562941432361445 0.0190338365660472 0.0129815652659675 0.011095647157124 0.011006909725923 0.0117182319182347 0.0109587197083797 0.00814083893654925 0.006566073209814 0.00495660670455425 0.00336135192776 0.0033689260871235
0.0407603180852667 0.0607787050004825 0.0905222775936703 0.101876515528705 0.0369160297335705 0.0282018613869867 0.026088391657697 0.0249585921643817 0.026832985189917 0.0250846215676777 0.0191269818597685 0.0136708550145143 0.0127669038623572 0.00841342164076075 0.00795482082432075
0.0225807903416815 0.029508074099319 0.0623550757691595 0.06771445981472 0.0235223140654012 0.0169835703857283 0.01482758028544 0.014748924470907 0.0161701948650495 0.0144270024534528 0.0109690430547932 0.00840848719640475 0.0067536606136895 0.004696598990046 0.00459290503921325
0.0192087355869337 0.027607050928847 0.06739297985483 0.0692310368523495 0.022162858027945 0.0154271351417705 0.0132643466133073 0.0129950067669208 0.0145640377533353 0.0141930715397135 0.00994797055924725 0.0076207000570885 0.006046076598402 0.00442954428354525 0.0044517445395645
0.0294165069415058 0.0412359547298898 0.0539171134724013 0.0719277949021208 0.0253272035079643 0.0189053974712087 0.0183136147430208 0.017366891493648 0.0181239044241945 0.0163023506363535 0.0122631280248828 0.009134460717642 0.0078162701961115 0.00533617900575775 0.0052655507491545
0.0226269636532705 0.0318064553423595 0.046571608304183 0.0635990030006595 0.0241478576410765 0.0170866605347177 0.014058482068407 0.0141755616751078 0.0167268954416363 0.0144570008442022 0.0107005365927545 0.0083613400471855 0.006856527946451 0.0044181203595115 0.0044116471151205
0.0148693899039052 0.0195512710947728 0.036539030678306 0.0617222572262495 0.0200518477890432 0.01388217460696 0.010510144910744 0.010166202014267 0.0116389201610725 0.0121093829958035 0.00849870340906225 0.00618225188452275 0.00513312856094925 0.0033762753307005 0.0033598936273105
0.0402982445123918 0.0556349826626935 0.0843172002512052 0.107990818979871 0.0409579261442288 0.0279636907170258 0.0259560828282478 0.024510603293798 0.0272445630849065 0.0231369351112365 0.0192435213147472 0.0138607152852035 0.011984533958249 0.00846070127394075 0.0082012259227625
0.0226997484460657 0.0317533104383143 0.0607619171235318 0.0842196528635385 0.0267520644854447 0.0184119743414728 0.0161335984667213 0.015458637761276 0.017412727351849 0.0160876481389817 0.0118408555600182 0.00932545007397075 0.00759166994011075 0.0049536137350555 0.00535885728138075
0.0360107322191172 0.0547998175203898 0.073805537538808 0.0943490875562245 0.0304357852855058 0.023116937039194 0.0212163867238188 0.0206275441470622 0.0226861148292175 0.0189810518026335 0.0153468047079952 0.0113764013369973 0.0098557200425285 0.00653187793612475 0.006204928662108
0.0138300652015112 0.0198041839415245 0.0382632721066445 0.0419328311532777 0.015933471975144 0.0108243841905803 0.0101295131357712 0.00945719220148275 0.010593957836587 0.0098174018021335 0.00741912209047025 0.00568739972378575 0.00471801529154325 0.00328471096309875 0.0031351862255395
0.0449768667176847 0.0607037232873172 0.080942918291489 0.105619176775418 0.0331660025332255 0.023702603743048 0.0244707510729507 0.0234330970933927 0.0238416512158847 0.0204211020291908 0.0157421268343853 0.012586552369548 0.0114525813755297 0.00748323271606375 0.00673081765831925
0.0130709295606568 0.0172368125584405 0.0293833776935895 0.0467916770649805 0.0160948930426058 0.011011586136424 0.00978804389590075 0.009130234014713 0.0103603556603945 0.00948126796655175 0.00743413473715425 0.005471170783215 0.004357806712117 0.003043554311166 0.00289959697975975
0.0306184598574288 0.0439684742640813 0.05659608705751 0.0721094579093852 0.0280697593480988 0.0225582700798722 0.02039112979963 0.0193520831475322 0.0199997644048425 0.0186894575697462 0.014408176125261 0.0110368168791705 0.00901850740675 0.0063911681632295 0.00595424283148475
0.0448876975416738 0.0615501268026733 0.0784566714633047 0.0812501167379503 0.032415675162093 0.0244780097472315 0.0255496315594212 0.0242419523851918 0.0243122978052627 0.0211809552532502 0.0164318813636015 0.013624451936399 0.01115637723482 0.00755330412254625 0.00728219308989075
0.0261985977072858 0.0329984189923578 0.0427823780410475 0.0611202583621725 0.0216291502766423 0.0160526692093905 0.014550965675673 0.014148394203741 0.0154054216130715 0.0133204988492682 0.010761049461875 0.008000386999828 0.00691202186141625 0.0046515952883335 0.00456633803039825
0.0140143030850057 0.019257644491693 0.0366202448787605 0.0534909545216957 0.0180159203418772 0.0118863640490498 0.00998379644877575 0.009415719256359 0.01103361047627 0.0100115532820638 0.00756941444532375 0.00545346983423975 0.00457331512873075 0.00296076403771375 0.00307224506798575
0.0215556897901265 0.0268606395130122 0.0454100945151067 0.0534264286784318 0.0212605221369273 0.0149627356953205 0.0135006390943352 0.012899274720019 0.0142596221737657 0.012809337306241 0.010275282505487 0.0076525223175485 0.006547597722485 0.00427472496013325 0.0044048019739945
0.0579589342551858 0.0834852303440287 0.104724032355294 0.122160715590445 0.047365866027152 0.0359942956720525 0.034023338479717 0.0328890091478432 0.0328852827299167 0.029859762173695 0.0231225382941193 0.0179907213892555 0.015487890902319 0.0103255793668612 0.00958111806436825
0.0361234217400577 0.0494236445645 0.0642644152608435 0.0671272363171777 0.0248186168851363 0.018470354905739 0.0189494011245915 0.0187954892591547 0.0191247699341937 0.0163314530346612 0.0123792457463143 0.0102212069021577 0.00852554372990175 0.00585003355396275 0.00549167417572125
0.0285418208813688 0.0357299994406225 0.0576180551076445 0.0712757373687442 0.024759032102186 0.0164164505563685 0.0157848613805993 0.0157691029974888 0.016965754863853 0.0150009637079565 0.011565400090496 0.0087306059589855 0.00736839466822725 0.00484728945746 0.004573347742473
0.0271305717528417 0.0411840775473855 0.0661966775749385 0.0725455019981125 0.0266373847441267 0.0184682916290765 0.01746740697567 0.017007104477518 0.0180068773990605 0.0163490929729975 0.0126020409817118 0.00954996067938 0.00856568300285275 0.0055941025916115 0.0054281630238615
0.0168945752881587 0.0230324534654748 0.0376219739469848 0.0500471202288518 0.0183914262435312 0.0133557032301363 0.0122096322798147 0.0119224205873125 0.0126107638025158 0.0118110615156975 0.00907172732170975 0.006369998610871 0.0060141459412065 0.00381728921662925 0.003574374262216
0.0268050178657647 0.0326815630426145 0.0499471865684483 0.0893299661320832 0.0243196147042532 0.0160147441719252 0.0155776297648295 0.014936946446001 0.0168551723684092 0.014663421814517 0.011308728360365 0.00861619513304275 0.007195312210583 0.00489005874328525 0.0046102001243655
0.0214800260907898 0.0311184588840073 0.0469598396942393 0.0473981243192338 0.0185733237141383 0.0140603118508552 0.0134380047389985 0.01353629778313 0.0136341490139732 0.0120584114488685 0.00930867253816375 0.00724244323909175 0.006124181200668 0.00416730029450775 0.004201886335166
0.0240441503529348 0.0320362758396438 0.0569384111367583 0.0743221417463693 0.0268492111743135 0.016717758330576 0.015870608371614 0.0149452129563032 0.017117915135823 0.015026618550069 0.0117864398458267 0.008707302040466 0.007250272248443 0.00491770644131925 0.004809553131833
0.0173091309817923 0.0236148874436608 0.0388582516988975 0.059929566542347 0.021615916864022 0.015230393944224 0.012199684731232 0.0118675893003705 0.0131946404952163 0.0124986691822047 0.00938383183517325 0.00709684198378125 0.00575838096529225 0.00378160964788475 0.0039058023440045
0.0138458741564815 0.0190132294187155 0.033744177339121 0.0434604702867558 0.0159081455745722 0.0112417568982795 0.00955471103430875 0.00935835777108325 0.0104262708907703 0.00991365816737975 0.007359130889664 0.00559677221068825 0.004598913427574 0.003131908468584 0.00306050613080675
0.0161179415048693 0.0223766088143457 0.0399168496971352 0.048311967174534 0.0189655923568145 0.013108108403672 0.0115525894507905 0.010755523103698 0.011680800594095 0.0114641027009677 0.008588467909704 0.006220937241516 0.0052151839460295 0.0035834815252915 0.0035018435759205
0.067381961396904 0.104421781686262 0.120915451728018 0.152928650744527 0.05568583989195 0.0402437187251625 0.0409781459343033 0.0380013532828007 0.0410737237058452 0.033932732670285 0.02672630282394 0.0212474840728135 0.0177841113856625 0.0122199663297055 0.0117536860806793
0.0317251426930065 0.0408163139027733 0.0635416568572758 0.087930379010682 0.0301590729231775 0.0239475212447877 0.0205535229645528 0.019321450308496 0.0199932373589905 0.0187238175017812 0.0149647181738828 0.010679416674315 0.009525790004906 0.00605128552492425 0.006069339999689
0.02871668873251 0.0396298249666438 0.0564524339239945 0.0615410338329545 0.024469485830349 0.0179065158620338 0.016898755271188 0.016802466217838 0.017664021960833 0.0155472247352695 0.0128337936970628 0.0101109474431425 0.00802555261236775 0.00533563386008 0.0051341352098715
0.0241115959691753 0.0309282743947395 0.0615560117070392 0.068888579388427 0.0259725923343553 0.0182791049508422 0.0157137291181873 0.015917450432655 0.0167232840708955 0.0151429477242037 0.0119412897183315 0.0083793592477495 0.00740260138548375 0.00495395833568425 0.00489903977728975
0.0322145423550642 0.041758426780183 0.066639786884377 0.110077966490272 0.0369827449407915 0.0233745200625783 0.0225160615433068 0.0202149779834018 0.022474229812916 0.0222426450580822 0.0154631580509447 0.0119116617607455 0.010337439870322 0.006595843317704 0.006596170192867
0.0357710215160547 0.0473605483089862 0.0678843136240782 0.088492667320549 0.032567632358126 0.0226105464894122 0.0198456346854923 0.0213207245114935 0.0222866417198397 0.0187712608288325 0.0149225625776675 0.0115266699897015 0.00940243968533275 0.00667983419362875 0.0062403994925185
0.0317051990063838 0.0422941485420045 0.0880096382716102 0.1013725768226 0.0371634022694787 0.0233987260307075 0.020943744867559 0.0202384298974482 0.0219838435067895 0.0216497170411767 0.0156138486332043 0.0108005007363005 0.009768391570285 0.00673818210484175 0.00641238005565475
0.0156737902447068 0.0195509551467655 0.0331122454735057 0.0390619353077385 0.0153023853914305 0.0107548284838225 0.00956234004532525 0.00948933007889725 0.0105172544551768 0.00929629456949775 0.0067250506346085 0.00549838068202375 0.00462664119272275 0.0030401253752145 0.0028371952279685
0.0496860257511103 0.0671433808809157 0.0879962821193317 0.13592471719666 0.0454644291741337 0.034235471700869 0.031503574674449 0.0295788752251503 0.0309985042195255 0.0281431697548758 0.0213695613426562 0.0165500273558562 0.0141261951235895 0.00959593103794975 0.0091783231343745
0.029526275459071 0.0434207248722275 0.0634666111809367 0.0822461257197182 0.025704952410681 0.019285405270204 0.0182407187190852 0.0180852147727858 0.0199557803493408 0.016533187168122 0.012846267987805 0.009604454600073 0.008604403391784 0.00585819469437675 0.00546882925798025
0.0102824718529615 0.0144151748233088 0.0248885364244447 0.0296274189071055 0.0108189536540633 0.00872527834489925 0.0070532488093605 0.00655725033168225 0.00751351377176125 0.006862423376616 0.00530615378325125 0.00401550426994375 0.00337802035817575 0.00226053579243675 0.00211668915738825
0.0299627534598382 0.0420548533324228 0.0745101150861262 0.0888572592975533 0.0337445653505472 0.0226109341360132 0.0201749390308495 0.019509236657397 0.0221612774066698 0.0199641007313717 0.015153148780939 0.011339038842456 0.00957952517034475 0.00632815190911075 0.00653589476935
0.026583249269883 0.0383668772081735 0.0582909032498002 0.0601383816578545 0.0217113526567872 0.0164444316234353 0.0169617821372647 0.0157401131181652 0.0174589864012392 0.014896934143135 0.0112662648798522 0.008907079531903 0.00762798037177775 0.00497063605053225 0.0045636508292325
0.0257322248222707 0.032472362935828 0.048319147421651 0.0761609503304132 0.027612678223611 0.0186648911805132 0.017977827298478 0.0172582362154357 0.017912001432503 0.0167930620126812 0.012375929268287 0.00935580309564975 0.0077367881753345 0.00529299882585625 0.00520785707228625
0.0142682486435193 0.0181581819546928 0.0284975887309467 0.0390163456073103 0.014572508480318 0.010227456342464 0.00929700692665975 0.00865409734849625 0.009750357033846 0.009308921522596 0.006878179776892 0.005312265726089 0.00443833704311 0.002843324000563 0.00297065996233525
0.01430447610004 0.0200894602615862 0.0398646491167843 0.0436199023347175 0.0162422388582302 0.0109304044940462 0.00932434397614875 0.009120046831712 0.0105622824371765 0.00996209174839975 0.00722657568757675 0.0056510392606295 0.004745063994811 0.00318258617570725 0.00322024283826475
0.0141438864210597 0.019294704848209 0.040652169354752 0.0458308383267195 0.0171827317502475 0.0113077719926693 0.0105374089547963 0.00969523347806975 0.010848191356745 0.0100644128749883 0.007505605973444 0.00574583101671975 0.00468690479082525 0.00314146999026875 0.0032130116595435
0.0474241241229933 0.076697707172406 0.102203350818178 0.114870779068214 0.041225242664871 0.0296552045353875 0.0275343341479658 0.0287498989030648 0.0302326874811398 0.0273349675741748 0.0204591882694942 0.0148692728419418 0.0134758061028658 0.008716538509983 0.0085145804859055
0.023268588664465 0.0314899449775932 0.0490612625541165 0.083294774399448 0.0257002400290095 0.0179284572782933 0.0161663628910087 0.01501798044048 0.016700875016486 0.015180770337754 0.011433984887476 0.00822461577727325 0.007479084128286 0.004911277711623 0.00468815369160575
0.0217347308076722 0.0362867001601047 0.0498291092467655 0.0748086336544817 0.024357021690176 0.0162324116210715 0.014808776238149 0.0137641248356932 0.0151949282709153 0.013990256118903 0.0104865964175635 0.0079443156853635 0.0069452948396655 0.004459288281748 0.00444204687167625
0.0359253126348983 0.0470152129731565 0.0616487528078535 0.0706718247733912 0.0273338120831807 0.0210112830296795 0.020535473107968 0.019849298140606 0.0201252196683365 0.0181960383951077 0.013818397767684 0.011047518881605 0.009452264007842 0.00615716923313 0.0060961029631705
0.0155722141449257 0.019962995610771 0.0411624733199212 0.0684416865045235 0.0200761467363395 0.0126736721296997 0.010864238674498 0.0103464671499722 0.0118819987000475 0.011148152503835 0.00822051342908675 0.00639898267824125 0.00515400879831275 0.0036455183105935 0.00359400476386775
0.033386630197232 0.0541990409716192 0.0599176111333203 0.0793647666479407 0.0278949505872607 0.0217248495693178 0.020316370909954 0.0197349662330825 0.0208498310838022 0.0180838773365232 0.0139310207192095 0.0104797254766143 0.00944772508276475 0.00635670328068075 0.00579579847874525
0.0193237870528305 0.0262043567399802 0.040817117692746 0.0700755644149842 0.0224980089639365 0.0142256461573228 0.0124980683319872 0.0122035098585445 0.0134426750868653 0.012789831164584 0.00943867693776825 0.0067535685639745 0.00607126863711875 0.00398115568153875 0.0038292376339445
0.0172283135047638 0.0253110601001152 0.0355809008153812 0.064624834918254 0.019072603613505 0.0139094808142337 0.0112957762754023 0.0114193736101475 0.0121273172359363 0.0117258482876197 0.008627799213639 0.00664371234112725 0.005356104665904 0.003695885048225 0.0037606900806105
0.029324166614385 0.0421066580119133 0.0713981487806468 0.083252238489273 0.028577514648215 0.0209790759160565 0.0192613486092733 0.0183932710434493 0.0210888419413128 0.017698222780712 0.013523689339907 0.0103305781179983 0.00862495174984325 0.00603557000965375 0.00596438624098725
0.0203379252282407 0.0304320821086437 0.044172592836452 0.0594045368118555 0.0232094480459295 0.015808305792231 0.014169309974219 0.0135098348200767 0.0151184438531788 0.0136409770033943 0.0107656065826762 0.00809580150757225 0.00655955232899875 0.00456315504131575 0.00444752754002525
0.0206836490293512 0.0327055556126237 0.0430891257894775 0.0612520102748772 0.0229571235759065 0.01622321472102 0.0149637453956485 0.0142538480713213 0.014770738311642 0.013816965352341 0.0103686568396138 0.00782949287399975 0.006827861873326 0.0043691763684725 0.00449708539180275
0.012647410908072 0.0188939973996245 0.0349337427993828 0.0456356896824973 0.0140835686780775 0.009595481851977 0.008742994172025 0.008297173467226 0.00911859226595075 0.00941688037882125 0.00674094369882375 0.004770780487244 0.003979848991989 0.002625394753929 0.0027130524280745
0.0145345487174462 0.0212737931298665 0.029241899030757 0.0676682483334912 0.0168034843147645 0.0111002580263503 0.00952365698419475 0.0093884956383795 0.0109611555304177 0.0100857682276547 0.0073285835376985 0.005452757778656 0.0047594995980475 0.002968885026461 0.00290309505492225
0.0142118157322067 0.0197261245709238 0.0312236907199175 0.048757752495931 0.0161312694882825 0.0106374299612425 0.0101214281551195 0.009180687052089 0.0102804301185392 0.00961810477641075 0.0075359346578005 0.00553114799436425 0.00452924920144925 0.00300986690695675 0.00307464199437375
0.0472373153326398 0.0615833542291852 0.086330301225526 0.0913450644867922 0.0365838878114405 0.027550871970777 0.0268108151756653 0.0261491974903178 0.0267475657605945 0.0239020236494765 0.0178174674634295 0.0137496554187017 0.0121030509872327 0.008632818940545 0.007252591236473
0.0232503682551635 0.0343714173545797 0.0466918060208067 0.0550773244885173 0.0202443741947167 0.0158880151961578 0.015551627118041 0.0140045284685352 0.014098053379854 0.0132795871093315 0.009988150026365 0.0075472824226265 0.00647712780416775 0.00458942809098225 0.004222767258422
0.0224087389156405 0.0280854314445813 0.0612945773966797 0.070286037347971 0.0242160307243025 0.0172779309927575 0.014690593213624 0.0142072099733163 0.0165934585963263 0.0142602746921967 0.011189784622073 0.0079634124031235 0.006778353435327 0.004522592412173 0.0045756942291595
0.0387235121132228 0.0510506201349797 0.0859493598155295 0.0987485369741938 0.0340211139154435 0.024847981099027 0.0221881341867613 0.0229556521155652 0.0253574485706007 0.0218030273886178 0.0174138221083683 0.0121597610099402 0.0107301946521707 0.00750374541085775 0.00691816489810825
0.0370761698772158 0.0560640545506005 0.068956585127618 0.103044963078759 0.0348928006522845 0.026825966252691 0.023481725834308 0.0220463330156245 0.0247176308107845 0.0213716183872243 0.0172484114049667 0.0132937703867993 0.0104735161289165 0.00760535897871625 0.00710726175504425
0.0200832090536785 0.0258478263778965 0.0493011336973385 0.053674840788416 0.0195524127363435 0.014145776578595 0.0129271124652087 0.012396172499024 0.0132864489305905 0.012915189528587 0.009281272197904 0.0071911381033365 0.005828903904231 0.0037828062014275 0.0038894090736365
0.038478725179382 0.0587818155362485 0.082946792513215 0.0968440631990422 0.0365049259365018 0.0254974405613415 0.0245079653767585 0.0251461136265768 0.0254920347971525 0.0239802094263552 0.0173349163145425 0.0130981761762445 0.011173393755799 0.007939356486245 0.007194738396062
0.0335076207941755 0.0465396656868068 0.0692031598533192 0.097564979574705 0.0365039092953145 0.0270611685268962 0.022674330712702 0.0214638298707297 0.0240261103990668 0.022319549434893 0.016297598252406 0.0127720976438398 0.010827297135197 0.00685944785179725 0.0067176159796165
0.0277309794393637 0.0341210802228405 0.0530747678981745 0.068381736043072 0.0258856647028502 0.0179861044129973 0.0161159929404023 0.015961434548162 0.017065425467284 0.016528040870695 0.0119087647804725 0.008975630855704 0.0077631182722705 0.00483482440904325 0.0051236624275435
0.0217631755220133 0.0292146557175163 0.0482541617146505 0.0641728599966685 0.0255670239859315 0.0168073880751985 0.0144161538853382 0.013595788950601 0.0160474438861683 0.0147053553263718 0.011389221715151 0.00820010948431725 0.00697971301365725 0.0046633651968795 0.00474842281309925
0.0540111811111502 0.0748297028698935 0.125989989967703 0.123874172284823 0.0477324503217575 0.0336978181133785 0.0332333173039115 0.0319970589334762 0.0341056661380467 0.0303090444773722 0.023818624660571 0.0180775740415617 0.0163163676396065 0.0102672902929025 0.0101214466732207
0.0234351328720953 0.035433786949991 0.0508951047762077 0.0628996766786225 0.0223819465753115 0.016742657005032 0.0162863527183993 0.0154524965593318 0.015884953206705 0.0146414120431272 0.0110410942358308 0.00870132087353275 0.0073259765124045 0.004560528608778 0.0045743020471375
0.045532274157319 0.059293015054163 0.0836608979554893 0.110637285743749 0.0439041265195712 0.029974300101979 0.0270257905391215 0.0259780997241468 0.028006865547653 0.0261657402876227 0.019236625762863 0.0148595921277915 0.0126486725519887 0.008860893743932 0.007956931730544
0.0364825316657875 0.0506663428857917 0.0872473000734135 0.142883084693028 0.0399644594613158 0.027854625149272 0.0255721066686028 0.024229641360447 0.026109464622005 0.0245780028138635 0.017999995010824 0.0132428138469658 0.011879844041497 0.00793851116622325 0.0075164902097205
0.0354794742147018 0.0442164843479882 0.0731400519295548 0.0877358052494045 0.029040123289326 0.020179311750975 0.019849769989627 0.0194405351150502 0.0204502315576147 0.0176897301558808 0.0139844733325462 0.010211455708401 0.00899605793291475 0.005854200023494 0.006007070282433
0.024109582656326 0.0337639320876785 0.0484053800833075 0.0876822797772215 0.0231550222090405 0.0164623134728735 0.0152619429009403 0.0144049173740113 0.0162481302576612 0.0142389476508485 0.010873042539235 0.00805335268724075 0.00686631042486175 0.0047136061645125 0.00475099486446175
0.0323868842586575 0.050532348953888 0.0657417832663038 0.0908748467569403 0.0342235744804568 0.0239430802377242 0.021013547166573 0.022067512384062 0.0219656474532952 0.0198716450827373 0.0155144397316478 0.0120615570949473 0.00992811168961475 0.0065817756181895 0.0064975498433315
0.0342688813653275 0.0489429693872793 0.0857012849244665 0.075951532920129 0.0286583841213017 0.0221231133145455 0.0207106070271175 0.0212900468441138 0.0217814688699228 0.0192826526986252 0.0145098010609915 0.0112903267332505 0.00982480013243625 0.0067033581714395 0.005995630350733
0.0204416801916615 0.0269870171691378 0.0424243867220215 0.0608687627525063 0.0252002263948667 0.0156263228037635 0.0137720082085142 0.013197157830952 0.0157106508523595 0.0134323170700375 0.0109674071274455 0.0078342792803365 0.0066630336262355 0.00440987022458175 0.004196345449883
0.0266130526225048 0.0374984015682822 0.0581172240204305 0.0728544357039957 0.0283737566271415 0.0192985240936735 0.0169724818768042 0.017820690875204 0.0179729092416638 0.016886497435785 0.0125848009498138 0.010125045006214 0.00820863659587675 0.00532712008918 0.00531009618092675
0.013070483571726 0.016530240191971 0.028640592483358 0.0350052402323005 0.0151586733783208 0.0115172822583132 0.00915262443911175 0.00865086653886575 0.0095571887516375 0.0092004523338475 0.00641987782824375 0.00534851188874725 0.0043930599641275 0.00272746007968 0.00284178334923625
0.0235458725769763 0.028735849582399 0.0489607799297297 0.0621549068906415 0.0254646856365118 0.0174408810769677 0.0146945985708045 0.0152555565107712 0.0169161389043845 0.0152624768072865 0.0111761891248835 0.008816097553076 0.00721212950793575 0.004806201229065 0.00481146986960225
0.033258844345871 0.0402818437911932 0.0677318898167328 0.064385512457501 0.0253573013643822 0.0199870436151888 0.0175160435728863 0.017712929660773 0.018015861127518 0.0157739232372053 0.0125537907723685 0.009864218897085 0.008525722288106 0.0055403067395495 0.00546760805215475
0.027033546999553 0.0375269811955362 0.0598865265387813 0.072300816045152 0.02838820410559 0.019141031807708 0.0181871151819205 0.0172298478096077 0.0199387293255235 0.0175500465635983 0.012822531236379 0.009795232797493 0.00853742415601925 0.00562345060902725 0.00568979076705775
0.0866891849678965 0.121606908590239 0.171181073061341 0.219815008806812 0.0852279333265608 0.0606687445459623 0.0604785210862597 0.0545050339958632 0.0579581472751393 0.0544532332236047 0.0394498597031148 0.0307219152918052 0.025811968847743 0.017206863098937 0.0163448499672318
0.035489959230355 0.0470967635321425 0.072270509727625 0.103145498153613 0.0357666009313422 0.0256464538626117 0.022702239743079 0.0222704173304105 0.0243686800333982 0.0214044891575665 0.0160687440828467 0.0126688049913425 0.010761353153945 0.0074981652449135 0.00713402766140675
0.024746575847617 0.0334053775617707 0.056488808537258 0.0665286191612398 0.0256613754071805 0.0169692117013368 0.0163703217407977 0.0157159948362798 0.0174692983606955 0.0154281935043857 0.0119322942906227 0.0101187058788325 0.00723195244229825 0.00492735079520425 0.0049444566320155
0.0336396389891592 0.046176226014113 0.102827179347026 0.100224474079863 0.0337753429641982 0.0242905344674445 0.0224204812431372 0.0216882285121955 0.0234352071817183 0.0209473750896897 0.015954390546733 0.012159326408509 0.00972010252488025 0.006792472122077 0.00684025863640125
0.0190837916095585 0.0244691719640307 0.036761676219916 0.0461927041700758 0.0183847307144865 0.0129626786018915 0.0118640800541338 0.0114170824627823 0.012075911075346 0.0110371795028105 0.00829644006159075 0.0067596557888765 0.005388974842403 0.00359568542439875 0.00333621625235525
0.0434630439729263 0.0592267713611605 0.0811964619515245 0.120681125004638 0.0397654040159385 0.0289615811309255 0.0276652622537398 0.0260667676703598 0.027736805843995 0.0231131608454435 0.018382840058823 0.0145854142547752 0.0129640002673205 0.00798262242395875 0.00785082828472725
0.0285204836544715 0.0380211240081355 0.067111235285945 0.0828487513017455 0.031736298918344 0.0217733742385617 0.018878073962074 0.0187086673748528 0.020262754047814 0.0184368581353733 0.0140125967026347 0.011098734156124 0.00862670440724175 0.00625923735863 0.00581253885346175
0.0295219369722158 0.0403520216098177 0.0608499696786045 0.116810330272969 0.036788127400169 0.0229649824117035 0.0202942296109573 0.0193130140765155 0.0216520640021555 0.0199781866125977 0.0148690747446102 0.0115798648277333 0.0085267358195195 0.0059151210054715 0.0059490164282905
0.018027983681106 0.0251873239642565 0.038110076546266 0.051941463505526 0.0188606304065482 0.0133173339853565 0.011834934477018 0.0117440816842065 0.013426994905255 0.0118812939414147 0.00890085846634 0.00693991306590825 0.005957049197162 0.0038271206656135 0.00370862592248725
0.0277918932754423 0.0374462576647398 0.0572896492384915 0.0889837355018308 0.0284065937834347 0.02090410403568 0.0178769335659533 0.0175558008873993 0.018959475569565 0.0180912630476712 0.012567431226035 0.0100524664833363 0.0080691393031065 0.0055644118061375 0.0053367054632435
0.0416497865276455 0.0568800135924308 0.0943922278272917 0.106982536588355 0.039306357450001 0.0277511986337503 0.0269486723163107 0.0258819321506818 0.0282948646570935 0.0248826538208705 0.0185980719204948 0.0150181437516355 0.012125850211635 0.00826476416416725 0.00785752763987775
0.0268786766887438 0.0324993428458195 0.0663380769930547 0.113415370044875 0.0290641608040208 0.0190798406932828 0.0173612874525838 0.0171426476282988 0.0192572186458333 0.0171759074743415 0.012968428294248 0.0095994809252985 0.0081254978414785 0.005207164570754 0.0054914191167235
0.0354885181343537 0.050330630217722 0.083479725320083 0.0776388037681373 0.029570364126563 0.0234759390919025 0.0207599845298353 0.020158094881443 0.0218325552487502 0.0204393789784205 0.014931401509214 0.011267608810946 0.00976514171174975 0.00651329979945875 0.006082958119238
0.0260130226243372 0.0329865178220305 0.0565395139970178 0.0907077639699745 0.0273691645697375 0.018248245030032 0.0160231240224278 0.016024312264871 0.0174730123709117 0.0156625806540397 0.011935775035862 0.00925408998086875 0.00756260918380825 0.005082198979013 0.00509471182209175
0.0228488714437445 0.0311193741057583 0.0578534293864042 0.0660421865814045 0.0250505465043835 0.0163123380582405 0.0146471659555167 0.0145855334809412 0.015695396580801 0.0135208213619877 0.010410332725995 0.00832060860949275 0.0070964571816425 0.0045736334326995 0.00453974582910825
0.035554107165057 0.049067495496526 0.0629040031252432 0.0860713135075165 0.0315264849887358 0.0234958649495852 0.0218636925464748 0.0201209458711663 0.0212712376768765 0.0183731236415007 0.0142894807517373 0.0110102699902332 0.00967086211616975 0.0063834544630555 0.005843430430907
0.0255431022477035 0.0361778378108907 0.0627270416165885 0.07221966011588 0.0259719547521328 0.0190128783764315 0.0170767091152483 0.016529057147074 0.0183495039014933 0.0161074876095705 0.0126158218710873 0.009703909400074 0.00783955232028275 0.0050601703723355 0.0051209408492085
0.0328241515025898 0.0446214240469198 0.0695919211909373 0.110595030040922 0.0333569814223135 0.0244599446349035 0.0213137289064715 0.0210209593205802 0.0223510388976545 0.0208728680838067 0.0157612028493903 0.0117934734375685 0.0098751090627765 0.0067526750916695 0.00671090023797525
0.066102523576802 0.0955350824825688 0.112675042343733 0.122097895069266 0.0481329218532138 0.0375559285659742 0.0365888852232842 0.0379764383538315 0.039584243117871 0.0315954812274575 0.0249811710151202 0.019810683044463 0.017594039883154 0.0116289940854477 0.0105635067815512
0.047918098102408 0.0590885712954453 0.0855890053877152 0.103914009683705 0.0345533957481558 0.0267744519174035 0.0248515934686852 0.0251177908777407 0.0253207881321417 0.022216340070435 0.0173682933675853 0.012901897446671 0.0115890863684572 0.0081207883660825 0.0073617837967425
0.0203062813105675 0.0273771683121195 0.0482959446757873 0.0689162335902112 0.0223790265126752 0.01556488519653 0.0139394348828207 0.0132977808043165 0.0150167404549705 0.0139077497230492 0.009870231538882 0.0077805352127635 0.00633129119092 0.00435390929809875 0.00421378010474125
0.0303611375093393 0.042701984723103 0.0607600828160565 0.0650689256877657 0.0257824768848448 0.0186099759723022 0.018268940056061 0.0178394127467917 0.018856420228346 0.0167705500992693 0.0124151530624615 0.009321181220397 0.00782846635923425 0.0055250971664075 0.0052644716881095
0.022135022230447 0.0336119896470135 0.0548763338237062 0.0552366538025807 0.0214502923578783 0.0151977312547765 0.0133145944007883 0.0137338597613183 0.0146539506506522 0.013018006413627 0.009930493176288 0.00773435294459775 0.00645812527110125 0.0043941734585015 0.00409080978778575
0.032902455475237 0.0436644060702305 0.0752476211438675 0.10972771087503 0.0350256447253752 0.0263928063868865 0.021213499676319 0.0203759856332788 0.0224628004555757 0.0209221154987925 0.0153102506363872 0.0121465507575353 0.00979873636432875 0.00654038810233075 0.00637479694639725
0.0279436019831143 0.0394701710054502 0.0698193699238385 0.0880559875164817 0.0298586251632 0.0206054372377933 0.0182395076169923 0.0184190536603128 0.020753210662517 0.018001572349569 0.0135565894758867 0.010104845607301 0.00850255001597075 0.00572180590122525 0.00572230919213125
0.0289671371587573 0.042395074953634 0.0679201863781772 0.0828836545648838 0.029265614108067 0.0225189668170173 0.0188901479755955 0.018139177894053 0.019298574508035 0.0183300608981217 0.0134311721334568 0.0100351142291487 0.0086959280268465 0.005970023154793 0.005507917310641
0.0219549064275362 0.0298950438189798 0.0399268451418967 0.0538038460326605 0.020806925993739 0.0165618869580052 0.0135279600660395 0.0134216930037045 0.0138181894733587 0.012837539586763 0.00975416800193925 0.0073048676089955 0.006339023691129 0.0043021952562545 0.00408523330938025
0.031690845336849 0.0458016191436555 0.0642295883355517 0.0781027257718532 0.0255252322223808 0.0184271377171155 0.0186263562031812 0.0178808351671185 0.0178146148280908 0.0160019446048808 0.0128702075480345 0.00931100549734175 0.00812298222637275 0.00574091533418 0.005269021411276
0.0150743200359622 0.0203672799217605 0.0331293528311865 0.0578130097738433 0.016027929337782 0.011489136900269 0.0103205812225607 0.0097263103368185 0.0105234603314847 0.010224864838954 0.00729948498119475 0.005936042827585 0.0049494832707835 0.00318212142988 0.0032066669967445
0.0327837362771145 0.0434912779105935 0.0734988284018308 0.101732911519102 0.030469449903071 0.021359300855854 0.0193469914297852 0.0202665139385813 0.02140036312146 0.0191601778121377 0.0145426496299192 0.0112583261825693 0.009532309956874 0.00639340841549175 0.00603644947846525
0.0320266120630762 0.0440331794252053 0.0729139304278105 0.09142700893037 0.0308744476647877 0.021826804957867 0.0200300009976952 0.0190187646208155 0.0217363623405172 0.0194832032043528 0.014106457203575 0.011368821031086 0.00925192595014525 0.00627347656509325 0.006069143230313
0.0392347658092495 0.0565239695276187 0.0844132344484242 0.100298264589698 0.0372566917239835 0.0276261302879162 0.0239393190096422 0.0235002918955518 0.024733144825483 0.0244464076694367 0.0180996423592658 0.0141438078291345 0.0112113846368042 0.00781350153484275 0.00716068079992075
0.0517755607822412 0.0810221517500588 0.106061112398834 0.112519208152095 0.0432058830870697 0.0328051729217897 0.0307748295566945 0.031395799034797 0.0314750981522868 0.0267827131341783 0.020665024528693 0.0162191463609677 0.0143123248777 0.00978311634988625 0.0089563507221885
0.0219023323311225 0.0290038479889052 0.046511980555191 0.0672485439130807 0.023016062904738 0.0168612446195287 0.0144751470296137 0.0138321923488055 0.01461706391164 0.0146479096156052 0.0112972500212803 0.00780953775615275 0.00678744377858475 0.004548261526798 0.004435429131932
0.0183416251563322 0.0244460322005945 0.0454815331114497 0.0605841137581188 0.019663470535263 0.013977551991277 0.012442024374412 0.0123529909631567 0.0128551400847085 0.0128254709849805 0.00927357134681175 0.0072198337233855 0.0059437831481765 0.00405419197854225 0.0038557593831605
0.0318712983026573 0.0429963662025332 0.0692208281846192 0.0766052072220565 0.0299162089714427 0.0218324394926445 0.0203851320564718 0.0195576783071405 0.0207777153003737 0.0189401345989295 0.0142722792383685 0.0111570780004763 0.009617592337429 0.0065765358819655 0.00616346596358125
0.0266594311395742 0.036011819500112 0.0550477875771895 0.128863999625476 0.0320108379543897 0.0215283278387533 0.0179219662444892 0.017290136022421 0.0199422619459255 0.0192760089373443 0.0141649971646775 0.010312069566193 0.008369222514544 0.00578256804976875 0.00587119105235075
0.0393591176056308 0.0639316426198298 0.0823628939832365 0.0849098573539752 0.0335396136298305 0.0244524676255925 0.0240604497464325 0.0234835062498493 0.0237427054393597 0.0200666329389022 0.0162764199524125 0.012373866878999 0.0108747557728837 0.00720752869562275 0.006965086644986
0.123600923252595 0.158244796924376 0.202488206707954 0.271366980229078 0.0959001657447502 0.068961266777107 0.0703198946152495 0.0637951733011325 0.072159236921652 0.0582336355734822 0.0489507600920523 0.03559148194628 0.0308049575278392 0.02055401964306 0.0186448194393453
0.0434652077857425 0.0565887453495148 0.100157690258183 0.116865543546781 0.0421151804985472 0.0292375198887487 0.0279866362441058 0.0270357359435375 0.0289332043412148 0.0240958823241668 0.0199344815622198 0.0141699969270688 0.0130396585299083 0.00842143730709025 0.00829437077886725
0.0403242759994387 0.0544458773102928 0.0782274552644102 0.097213062406504 0.034754432997526 0.0255034769188247 0.02466384956688 0.023443622533877 0.0245633480492958 0.0211300318204027 0.0169876836389925 0.013274045793234 0.0108687467252305 0.007439726686344 0.00699860451929025
0.0210741466012098 0.0290285207601435 0.0500429580636285 0.068700094798828 0.023686231131603 0.015659568310356 0.0137901735302612 0.0130464343090738 0.0147959974071233 0.0135209543037455 0.0101537603981458 0.00818553841923425 0.00667015208637575 0.00450622503068975 0.004521099294822
0.0351094254546295 0.0471880687063028 0.0684427322771795 0.0816032943222583 0.0312806665646803 0.0223068454409222 0.0207307486061307 0.0204838319114717 0.0221337852298557 0.0199787423364785 0.0154495492368773 0.0110747659555187 0.009771760099426 0.006740634908737 0.00649976270548175
0.04031119905967 0.06457338488921 0.078560374790472 0.100798061703348 0.0393696392916558 0.0270524648072352 0.0258861732315435 0.0252495766496367 0.026613680674065 0.02433389044348 0.018783560455847 0.0143361095744777 0.0121069590346435 0.00826685677414925 0.00778400230055225
0.0403042391538478 0.0533446944889065 0.077061782143582 0.0983520081685347 0.038517133046942 0.0280863864146478 0.025022256917392 0.0236858365212873 0.02479085445098 0.024049366261172 0.0178353114803255 0.0133404440553545 0.0118592430781345 0.00760123546090575 0.00762317731122775
0.0241381535321525 0.031706710463587 0.0459126259598605 0.0534648618875565 0.0210223664149263 0.0155244012881675 0.0141671643709443 0.014054159920587 0.014328378914075 0.0130858712903758 0.0104072753652605 0.00767551148932925 0.006635302903844 0.00450698632753775 0.00424190683007475
0.0341934805707895 0.0472951064852945 0.061845425394914 0.0816428115574785 0.0272290195634083 0.0211156236982655 0.0212865436981815 0.0193473514478703 0.0209053251869 0.0176125092096077 0.0140297598144488 0.0108912861937862 0.0095107860428055 0.00597926784658975 0.0060723478349115
0.0264035804634138 0.0344369052703063 0.0444714673850157 0.0612364506892045 0.0207191672370045 0.014660206065191 0.014100176799202 0.013951534785028 0.0143680026385625 0.0125186096215707 0.0097683773970005 0.00778165170572175 0.006662458664222 0.004598282909026 0.00441404955606275
0.045215423791923 0.062666741182654 0.0821673218599432 0.099307000731324 0.0390942769901298 0.0287396610730945 0.0270342540110465 0.0260393752321333 0.02790531099008 0.0260732891962442 0.019586708298275 0.0158177688995405 0.012868319280499 0.0082237573125405 0.00810260537199
