0.0560241751942327 0.0943181485658896 0.118401498619579 0.140283257906561 0.125156168587176 0.109816733744822 0.108893413794066 0.127702371798038 0.134202611532776 0.149020428349666 0.152891408464828 0.142516072356907 0.158546340520696 0.168177097790622 0.130574485958023
0.0829060803709511 0.10492141837895 0.200914204590411 0.213199885910743 0.0833626586956449 0.0672369290941943 0.0572678810482648 0.0546438725462054 0.0579133519798366 0.0536429533251503 0.0441550635973223 0.0370568066654595 0.0307379063904104 0.0204410187282056 0.0196674671761406
0.0983683729540209 0.122728337103807 0.186731618759925 0.237717976521211 0.102441905513344 0.0783140738139602 0.0688073279275346 0.0664415381006133 0.069641308441839 0.0651714586278609 0.0540362029791608 0.0408628597989196 0.0361313925702978 0.0240854526371621 0.0222726192193782
0.100436114868513 0.123540074232398 0.21472914892044 0.244255058658429 0.0948053007494945 0.0750571469144439 0.0704085079195189 0.0651108283372363 0.0670030699362861 0.0680729002361765 0.0506006307047673 0.0409743118914687 0.035544350670874 0.0240494856948157 0.0219684781180787
0.112539816542995 0.149911160230087 0.199252864983342 0.249511723185089 0.095348397279373 0.0777402040644127 0.0711640869363508 0.0735822010924288 0.0704269718356299 0.0623264729126723 0.052573865854707 0.0413650253084063 0.0362835591178238 0.0251806474733282 0.0224046354924021
0.147459756402941 0.192749746131839 0.235758250556255 0.302768626912418 0.140111109623351 0.103106819480392 0.0972197733749143 0.0934545323602479 0.0965469966029192 0.0834970236217378 0.0706888411056555 0.0557591347638563 0.0507281844895686 0.0351119833096918 0.0323857336820086
0.0663795137132453 0.0808216809190081 0.113260084146099 0.142157935639702 0.0638349986065496 0.0460178564921643 0.0434381637405723 0.0423935802041693 0.0439653990356781 0.0420345336786317 0.0327106733272027 0.0265165515107034 0.0233680832535732 0.0152703585310306 0.0144601013731359
0.157347022998954 0.203834373858374 0.226738623551623 0.277360776765109 0.138148486076487 0.102288617929604 0.0988586360251925 0.0954163810381232 0.0967912059415992 0.0859259988758967 0.0709707553283129 0.060748708735481 0.0510025004576305 0.0316972134224033 0.0314519802960037
0.21568392166631 0.283655687427062 0.328565829405063 0.33378058209254 0.150574497503244 0.127156888821467 0.134596583541486 0.126054210722927 0.118841696883214 0.105951932467622 0.0892845049933013 0.0689479415906585 0.0677185910108214 0.0447685819123413 0.0388891953195371
0.0774857347906221 0.102022083565224 0.129656096931748 0.152816117796811 0.0662768674832855 0.0541034337834695 0.0541910943171554 0.0484282535822416 0.051837530037923 0.0442181693238421 0.0382911988323134 0.0306899223183906 0.0277564519342683 0.0182768184761175 0.0164954090192506
0.0542391782692666 0.0696391290129658 0.105569674201162 0.150660119780661 0.0568598520273299 0.04135828820863 0.0373274648324969 0.0340077844839987 0.0355449358481148 0.035901685052206 0.0298141249145247 0.0227306770618591 0.0196141384452376 0.0127293330912461 0.0125073161128681
0.0886274779759058 0.101498966730552 0.14789005211135 0.203226454692214 0.0813961674317772 0.0621169428704328 0.0544170559085014 0.052295958476784 0.0528776522548292 0.052101941763311 0.0405875782891348 0.0338802223186098 0.0301750861134302 0.0195237072137191 0.0180854252759722
0.121348782825192 0.150954463942816 0.195906028883938 0.27047965202125 0.107467439819973 0.0835304091298724 0.0768606425268507 0.070138720839155 0.0784733041087807 0.0735466013280209 0.0570298253952003 0.0470594059327436 0.0405465822327077 0.027609923256705 0.0244986792298532
0.220756887779977 0.289158124395898 0.409217610749785 0.57781115531636 0.21120464229799 0.157228363003816 0.144793743394508 0.132853039404501 0.140523924767001 0.132777355399698 0.108758951464738 0.0858083552820014 0.0758194266020042 0.0495872291267258 0.0430703237614744
0.204034655255464 0.261387796153345 0.322635257874441 0.364999646421652 0.171447207654972 0.132238471005083 0.124233611544022 0.122513036951042 0.118370306841765 0.106994999119528 0.0909238680859759 0.0729425837348536 0.0669077955147458 0.0440138518067534 0.0370759074081823
0.146216836196254 0.179953388605401 0.233221189233043 0.432996018939164 0.140258976897993 0.104405585967559 0.0960804192651808 0.0916700290768818 0.0949694290409634 0.091703775656856 0.0729409120803429 0.0590820868934759 0.0502043748130349 0.033720864825532 0.029958500454706
0.0495754835733782 0.0589113548722938 0.111591802651121 0.14372613852892 0.0540762498824265 0.0411988679145171 0.0347214539101584 0.0321176351434136 0.0359741805220572 0.0337971370838864 0.0277015848494777 0.0218221770137921 0.0192428619844486 0.0124991747400703 0.0120075782129847
0.114885691727601 0.144639692134925 0.203499508843082 0.254456012060656 0.111681865819946 0.087991137442381 0.0840451179108774 0.074761344820432 0.0797531780210172 0.0724791886539264 0.0612041988089259 0.0470900368037156 0.0427727186938138 0.0266677897830331 0.0263952390194041
0.115486649985528 0.141252220463194 0.206833691331508 0.232832332433661 0.104496829041412 0.0795599551816096 0.0721518746269265 0.0718724136384632 0.0721342513384756 0.0654167324081678 0.0542336062059735 0.0429468542975983 0.0390204921191222 0.0256192605836163 0.0225028792145549
0.0740832237369125 0.10083898938363 0.137916438538967 0.196852366633683 0.0772532292083965 0.0564178393061545 0.0486765062024304 0.0475787634819928 0.05200585227549 0.0469548104495618 0.038841796708525 0.0324999479339114 0.0269038616283788 0.0174508469794963 0.0164758520727304
0.130021120572017 0.155754508120645 0.175176421938768 0.284005850370976 0.0986949576909073 0.0816918500720007 0.0721945919445288 0.0707740936475248 0.0717239217356736 0.0677618925089479 0.053677579777418 0.0459021940665388 0.0409426036382999 0.024521199869786 0.0231059778749871
0.124058927487109 0.153099399418047 0.231001143747471 0.339099679308321 0.118854148509611 0.088878223886431 0.0873525678865263 0.0784980616369876 0.0816888065829824 0.0765845873486177 0.0624070841820429 0.0493620376098113 0.0419151233160333 0.0284755428354266 0.0264090229101545
0.176740149431176 0.23918328130806 0.304844792440574 0.394929944877607 0.15136564048062 0.121594860812772 0.124526182399363 0.107723670421213 0.10948407886139 0.0980156237751666 0.0837129792649407 0.0694711268606592 0.0571708376677216 0.0387972676395432 0.0357025496799292
0.166822635119906 0.200639005101993 0.27596532721107 0.41334899967504 0.151735511050924 0.11723566085619 0.107979576769309 0.105063834725142 0.108418922113249 0.0947568649849667 0.0793228171402332 0.0619915173959714 0.0531325124956953 0.0356607593896513 0.0344210108675304
0.136499380306786 0.187363466392613 0.233090972004895 0.252214693472793 0.122280643328373 0.090559237966344 0.0923559072079887 0.0822312863479031 0.0829208398077407 0.0750995957028582 0.0631875964872849 0.0499724523412244 0.0462595833677198 0.0301686229855419 0.0266434395859996
0.111180708690755 0.135467906754588 0.163565477987167 0.20583983547489 0.0845531099701878 0.0681144618547922 0.0666709565366277 0.062497473402199 0.0642482722941988 0.0591729248513578 0.0457130757930319 0.0386807822993158 0.0334522405708354 0.0233977974461726 0.0206856410965881
0.0997550696885273 0.129728817172389 0.19914359718793 0.208612508398264 0.0939079224044594 0.0739138534520389 0.0711940518722628 0.0648472941055914 0.0665610353954321 0.0651407661181303 0.0504396167002159 0.0416682789336756 0.0363027657042556 0.0241014627611459 0.0222583592276606
0.155465207019051 0.212537414822052 0.260618927070002 0.310356143551968 0.13146974712665 0.106205043526205 0.102665339836679 0.0924616250051591 0.0949582098397471 0.0866250548325822 0.0702540917716843 0.0591292163044254 0.0499057578508745 0.0337914141520106 0.0312480859140632
0.109800714397818 0.137837201808707 0.174805067312524 0.313591929966533 0.103118922916432 0.0842485246485585 0.0717840249445467 0.0680901029443103 0.0696414814923198 0.0671944500107452 0.0534007876436381 0.0465392583883515 0.039020987103376 0.0253855012682808 0.0234433389333412
0.0803580863918694 0.109013052781202 0.137708371133935 0.192135759878733 0.081644774643745 0.0602520922808426 0.0550414035502454 0.0512484069719203 0.052052455845126 0.0503277249196037 0.0417708043017294 0.0346934623918763 0.0290871033627948 0.0198670807603566 0.0186938485928145
0.165355254258059 0.215179022389704 0.250507394084003 0.2816960514127 0.122263765363766 0.100840376404693 0.102264108758954 0.0963137726735485 0.100619301137151 0.0864042894221146 0.0733165096683485 0.0615541115113943 0.0537472221230606 0.0359583427232044 0.0331947566368124
0.101939700349554 0.115228957348456 0.14812592753451 0.187088577890111 0.0883727473845378 0.0727816785288518 0.0637891060679008 0.0565136182200929 0.0602928111354377 0.056570370664316 0.0474376232474972 0.0367397128102584 0.0324404687225 0.0208936245049016 0.0196652390547217
0.0784671955199574 0.101818792321842 0.137267080299062 0.159453913631765 0.0717603294421777 0.0555765611828099 0.0505646315768492 0.0486390470857823 0.0505448358933122 0.0469946118720191 0.0395391215914789 0.0320418376702153 0.0267871556272682 0.0176775230359194 0.017741191304468
0.194461244144134 0.252120919436209 0.318747292438786 0.380028306179901 0.15669881371667 0.121217681477686 0.115944331474489 0.113188507928266 0.107881028790289 0.100635009264725 0.0856363473704497 0.0660283631940062 0.06062361667286 0.0405756786790629 0.0346161836343893
0.168434352058404 0.220173968955453 0.289349193951875 0.361295974665042 0.161334527979223 0.13415297522609 0.120004972303184 0.112200321423241 0.1134901305332 0.106753273712596 0.0871525255233232 0.0693803950974126 0.0628374552292918 0.0395050478242218 0.0362447470152622
0.146829080017341 0.198515848190476 0.245476456561286 0.270810957607901 0.127184465409856 0.102115690260905 0.0981574698178841 0.0891167269968693 0.0895887314679046 0.0854467248290991 0.070001311260042 0.0568168913571343 0.0517816384022377 0.0320926368160278 0.0295868235620492
0.106888380179834 0.131878392265396 0.181437068012675 0.25253833583467 0.105832857272171 0.0833227909741179 0.0731898706933395 0.0675327107248475 0.072374754016431 0.0684646831919469 0.056855082233836 0.0458434692813684 0.0399903350987858 0.0265374544511878 0.0243236958692179
0.0665101766782152 0.0809956510933561 0.140738328849487 0.171478382588402 0.0629494423068352 0.0478182669491883 0.0433211440916361 0.0432213602907785 0.0459810873199149 0.0416180955013704 0.0338479070476296 0.0272127177042062 0.0232153491920685 0.0156166288660887 0.0140314163774969
0.165198415742544 0.200954303360217 0.250319105266553 0.288905633138287 0.12896361328657 0.105795362639249 0.0961592436628234 0.0979941724923168 0.0974767963455368 0.0884220813003256 0.0739861308522404 0.0602187801695958 0.0549690556982487 0.0349183472680534 0.0317576347260346
0.128831273818604 0.156061598413744 0.222768529678209 0.334972852157028 0.12301112614563 0.0990232971103899 0.0856518328283344 0.0840243764770919 0.0842297677279904 0.0819015364118709 0.0647058378048354 0.0513954536667664 0.0468840404371615 0.0290281640219271 0.0285943708397408
0.0589246560973559 0.0737111544929197 0.0920097159007624 0.157759056590954 0.0562576068696421 0.0441457674402023 0.0390742763112065 0.0367759429720368 0.0377857692221397 0.036901871276901 0.0301088652200762 0.0249407697824467 0.0209538231705522 0.0142858879227099 0.0127882998542475
0.119524265305468 0.152298002426162 0.202773188868 0.219217569517353 0.105454555482879 0.0884138406023515 0.0776758158018597 0.0776110739850578 0.0766086058447938 0.0701683303753352 0.0597970620295804 0.0449269326934425 0.0407016010234255 0.0276176590237508 0.0261617143539606
0.139753562550732 0.18548532766048 0.233650630344443 0.278515573228459 0.121247975334108 0.100267723979214 0.0935452598327121 0.0833981339919459 0.0875833255383908 0.0776826719059684 0.068556995684067 0.0544600570214276 0.0469015365274508 0.0326147161831808 0.0284399840684841
0.0500228623862468 0.0598568621863929 0.0804051198788766 0.150963492057452 0.0513040110388634 0.0393285320394923 0.0335750994854627 0.0315531195799324 0.0352987220786657 0.0310809656795332 0.0257209212548479 0.0204533634127753 0.0175516530324333 0.0114312054529241 0.0115047379256719
0.066573576075181 0.0854168963636966 0.116617255647082 0.165985989244727 0.0639605528224578 0.0513365607164054 0.0436475921095155 0.0409076827400813 0.044472545418595 0.0412278245853416 0.0328449447724308 0.0270472611889436 0.0229117666841238 0.0150661038433243 0.013595831856388
0.0364195680840467 0.0465455637981892 0.0647514972920767 0.102837518146304 0.0372559356767689 0.029556215879113 0.0252669661212539 0.0257007336201132 0.0261545418002061 0.0242457992383708 0.0195006355303856 0.0156691571285986 0.0131471493980323 0.00900931402018378 0.00806338376128351
0.122924179709471 0.153391786184836 0.227805762799708 0.25508396569008 0.113281723948994 0.0852723869007097 0.0820775226163784 0.0806908497474237 0.0812985121042307 0.0764178930576465 0.0602150809985802 0.0502619341291985 0.043254940250762 0.0268214565112764 0.0253315196620766
0.209938436564482 0.267130132494495 0.339933741817411 0.410306364594953 0.171330922335446 0.135585102536009 0.130334322105244 0.125620511136895 0.129306672255257 0.116337917007599 0.100328936982691 0.0780339833499589 0.0693786661533382 0.0445918675422817 0.0416200244524974
0.122726487376632 0.153535465787659 0.264441145898139 0.295229991956503 0.112714938989311 0.0864606956642615 0.0804874584612015 0.076940015842866 0.078253905749262 0.0751984265339398 0.0589282616544099 0.0466854173502471 0.0399931362802998 0.0272182155428473 0.0252483225807701
0.145004828253665 0.186967801215797 0.252060221014871 0.316087606344223 0.132834555538399 0.108218792874488 0.101104913186456 0.092904197415321 0.0970150444474072 0.0854003696838916 0.071843137352695 0.0560746247901676 0.0504995366075267 0.0349824505081259 0.0308820183647249
0.14357348636716 0.187871148315464 0.230395558143416 0.279903199193148 0.130396301770865 0.104204458686592 0.0940775610521596 0.0903422137947901 0.0914951394791275 0.0823809418465744 0.0696820000482085 0.0577219867198407 0.0522092070899127 0.0330887061411521 0.0293400194455977
0.137379773817251 0.184171593517254 0.240903032261147 0.248740249703632 0.0984733378174396 0.0819566427907773 0.0775682372527186 0.0798030542501898 0.0802956147894272 0.0714752904837401 0.0576829462699331 0.0460119979851337 0.0421787291110781 0.0271441662412594 0.0254898143474212
0.170007735526794 0.23723555647115 0.293502726901647 0.329673040893725 0.162636185079115 0.122959165247033 0.113485089255137 0.114276302067086 0.112418085667311 0.103367746846631 0.0851055317486536 0.0680921694915567 0.0606425263642247 0.0398507480489863 0.0402777705349983
0.104353982552876 0.132578011416568 0.230148429339202 0.227909234155006 0.105228132071101 0.0828918162959286 0.0754677894325803 0.0742960772311367 0.0735769126951898 0.0664016314254309 0.0547082533411497 0.0447921409167095 0.0392911449119308 0.0267851505824087 0.025689338785006
0.0953735848085207 0.131148524889008 0.17166169429951 0.323845331062531 0.0987559500843551 0.072915888915791 0.0628578209655162 0.0644257489616446 0.0651191603291648 0.0611146986373254 0.0492270715143735 0.0401467721450505 0.0355046182703361 0.0218325149063876 0.0209169540265582
0.156008629643374 0.201976208234211 0.284535967317137 0.267039388575271 0.120037813462701 0.09725781562637 0.0982090254382389 0.0907410726906405 0.0941161235102879 0.0841297228118011 0.0694628942141178 0.0555649557387713 0.0484277006349851 0.0318923187155576 0.0303938382731812
0.101871190193627 0.138627424275713 0.170346279077117 0.205512542007994 0.0864344402814474 0.0677399424315566 0.0687719636123189 0.0632743401349245 0.0624971444050048 0.0554704378710877 0.0471337483121034 0.0378051014938046 0.0360547897473604 0.0230937554172804 0.0205126421950582
0.111575916026768 0.1364348292904 0.199255386243035 0.189660978740599 0.0876679334807973 0.075418281344792 0.0679031554649471 0.0658821425613648 0.0688617846404836 0.0607698149028429 0.0493908970969988 0.0396104873384417 0.0374666550166881 0.0248480414165911 0.0221069719775861
0.100719895768971 0.147051638786353 0.190928491126914 0.255435782583811 0.0867645927286546 0.0692839140730818 0.0628801036408986 0.0612196717329481 0.0632066805080133 0.0582219848690582 0.0458482471990614 0.0361120814998548 0.0326690642302531 0.0222417315199252 0.0199156748797787
0.117245097016411 0.150035157262555 0.194106322948114 0.296779684957472 0.113528595484596 0.0835923843256519 0.078533406197085 0.0726665070239037 0.0740464372425231 0.0699721151001979 0.0547038579807476 0.0460378485905127 0.0435037544746409 0.0266855386970764 0.0243103248557632
0.0795052061943342 0.11522945491681 0.128523463033013 0.143054247713431 0.0681981899042193 0.0526234847538569 0.0501784801538637 0.0490737108098587 0.0479656537585851 0.0426759219596343 0.0368103629409443 0.0302114560207897 0.0279896801782965 0.018457914309549 0.0161041086555662
0.218171512108653 0.303265630274043 0.357232603023909 0.389954800127415 0.182716206180035 0.157139073902932 0.140313638434209 0.13330768833958 0.130749208869541 0.129506420298506 0.102397019098412 0.0820929714771207 0.0749577996991277 0.0479949230427145 0.0469234624403754
0.107566894694271 0.126848099351922 0.167705249205263 0.263328369818656 0.0927426230030722 0.0696320175717941 0.0672544778413435 0.0608431469547904 0.0687785549214256 0.0591403201681103 0.0500845134557336 0.038878372862241 0.0338193573597924 0.0228003091143676 0.0210092591671739
0.0686274391108957 0.0857700343362925 0.12042731456005 0.175239452563101 0.0686808725493376 0.0518110389804045 0.0479668390875693 0.044803896167381 0.0460801268386224 0.0438170321749738 0.0356624790412826 0.0288082427280433 0.0247239148428644 0.0168253408453231 0.0157279350638187
0.157293226038071 0.211998639260507 0.294424303432851 0.372974985388226 0.136571299897436 0.110408047147637 0.10181689097454 0.100212171746391 0.0980517966368412 0.089623561111436 0.0739429790535241 0.0596220239669631 0.0510663950245333 0.0343393052816787 0.031904773598078
0.0767633950981587 0.0965640583033072 0.147910810921658 0.206972486218641 0.0797711287608155 0.0599846792722249 0.0595665479943022 0.0531567939099797 0.0556107200424221 0.0533584285101642 0.0428899814798756 0.0344086322089357 0.0290927768485654 0.0195856134504285 0.0193053858754643
0.0450819356462042 0.0546466524254643 0.0876380112030513 0.107057880563142 0.0491021027382848 0.0357769000842206 0.033173183940129 0.0309448293557665 0.0334074465395491 0.0309233685066135 0.0254967399068132 0.0211005670301568 0.0180778355062972 0.0117220569973644 0.010819965081712
0.0925336962803712 0.125174332102053 0.151895637622515 0.172112995856023 0.079297805800193 0.0642718450024895 0.0619429832305212 0.0574050258902632 0.0598808328841148 0.0563038164081318 0.0457334331890804 0.0359025955080924 0.0325998163822148 0.0206440735232884 0.0194236072686008
0.125509786898556 0.175906406677292 0.212634201776044 0.245972196841313 0.112501906876019 0.0886738868797122 0.082195726126035 0.0784247630795223 0.0788593714347264 0.0727883499206437 0.0616286300608115 0.04825632816282 0.0420417720576677 0.0292959922041584 0.0265344117579904
0.086932050874337 0.106689936561274 0.176726680376895 0.236912665817835 0.0967974425596127 0.0732457459583423 0.0593574597590692 0.057538573502588 0.0626178081106793 0.0586857490494019 0.0464368156539785 0.0383271101844379 0.0332092432394014 0.0231161020640265 0.019524108523294
0.114826942124095 0.145132422349073 0.186761830076391 0.246215047976285 0.102397367060729 0.0821669225936877 0.0736128144567368 0.0685747177168132 0.0720289739121547 0.0650800539897179 0.0549380178744412 0.0422745378640706 0.0374891331127276 0.0253699204027409 0.0229092446583816
0.106236769277995 0.139011900219587 0.186204073449076 0.302752916801719 0.112542851186809 0.082011225980256 0.0731658893928927 0.0720065778965543 0.0720841300543088 0.0665590890686176 0.0559434008114566 0.0446859824178111 0.0395338423808599 0.0241161799314797 0.0231513751219642
0.144128283063152 0.17735692246723 0.248140857221062 0.311462588606963 0.126474368098517 0.103931897814754 0.091614169005853 0.0892785114737774 0.0896022102864126 0.082936916002553 0.0683840161821294 0.0545315431345332 0.0483913807671286 0.0301489609113463 0.0294492260413974
0.100152168319524 0.130841553357803 0.163528247763251 0.274047369265375 0.100448401843241 0.0798947414783028 0.0667321606975509 0.0653137783739226 0.0676761619877786 0.0684606305431173 0.0505265062895566 0.03947388534782 0.0360511538681953 0.0231791575080803 0.0216871115855334
0.0728403902689315 0.0917481876697765 0.153200729844693 0.193222286106606 0.0764945853706303 0.059085719030392 0.0503508175765359 0.0528842221063705 0.0533000882118121 0.0486751826113586 0.0388188127069594 0.0316924105383762 0.0272719436208751 0.0179587238045986 0.0180042225250883
0.0656548648410187 0.0790512050101468 0.104740299490416 0.151087242793176 0.0605431902686168 0.0466040177276945 0.0411637255492021 0.0386727451233601 0.0413238702495826 0.0395360646405825 0.032068282057654 0.0255143355818433 0.0218394502998927 0.0152486584591866 0.0147265385056387
0.0481049035526042 0.0589630709315985 0.0975707447901295 0.141181129096644 0.0532779516684542 0.0380772778493395 0.0337603516443267 0.0321962311922415 0.0333165593435541 0.0314459090956654 0.0263600724748519 0.0202358160646379 0.0176186449580825 0.0112573062897179 0.0111919842060971
0.0791507651617253 0.102460520619122 0.135786287183349 0.156694461984393 0.067663954151653 0.0536789898080306 0.052607603705371 0.0498033408592741 0.0500688138586281 0.0452652312111421 0.0372074548876734 0.030446694758371 0.0270442481335577 0.0181768969103842 0.0167542066203307
0.128004451458727 0.167135394613805 0.198463834791001 0.229026218785728 0.106300377403803 0.0823207529368118 0.0768458076362602 0.0770853426776519 0.0774386300280811 0.0730114662135066 0.058603416989716 0.0472807972914255 0.0427282435066087 0.0290345510204048 0.0252116839222353
0.106628587018915 0.132622238657479 0.19547971934444 0.23901952713622 0.102599107684563 0.079300997834043 0.0743032316681476 0.0682146994671959 0.0729585921887677 0.064675364845415 0.0551266239182953 0.0465694881085157 0.0375075597017884 0.0255576912857245 0.0226984195204818
0.148996402019759 0.193668626175002 0.263022318283677 0.258913172753043 0.120034628154599 0.0965106528141564 0.0917226971967978 0.089669278280578 0.0898899235556254 0.0845297996757785 0.064934287983092 0.0530814618868808 0.0490193217854891 0.0312205215498766 0.0290886447112963
0.0695452159815134 0.0861008007579645 0.118624680474643 0.152096380000121 0.0756986852450835 0.0593745150381725 0.0518372984885708 0.0468514618990241 0.0496315564793571 0.0474821400665543 0.0388593232749911 0.0321500739060994 0.0268694091120257 0.0171145312724904 0.0164811315688792
0.131712452714556 0.17733859903558 0.217566288838958 0.26766570415787 0.111965247151407 0.0867259448220055 0.0848128625375873 0.0768023954760244 0.0812927044391801 0.0708715796921695 0.063544259578463 0.0487481055630341 0.042934480687657 0.0295674676098576 0.0253058933227631
0.11102962528669 0.136844724015926 0.192615153626786 0.344090326818991 0.118589307217228 0.0913597306907688 0.0791904289704518 0.0731530467554258 0.076196703101799 0.0764503469509364 0.0583990320911042 0.0496862585695689 0.0423418999240607 0.0264474679138072 0.0254808754586418
0.0734391731333859 0.0910195424466544 0.125692354665465 0.182636155727765 0.0784661705237097 0.0598552942260662 0.0520212477228937 0.0490682007667803 0.0527567808128086 0.0478673894309271 0.0397826005776369 0.0315842912067981 0.0281237915527173 0.0200016463237925 0.0175620084355151
0.135830242036081 0.161057442800417 0.218157402468852 0.319234655076518 0.124245152390889 0.091983897128992 0.0863959597794678 0.0832179733831821 0.0855693566244472 0.0823672921966793 0.0658946462331144 0.0524372879669828 0.0450638277807098 0.0300723914226288 0.027986178213301
0.170329391289703 0.217343450845072 0.311968427586658 0.368437302211312 0.141474160664271 0.11509993343794 0.109044872726197 0.106886030998539 0.105554983825069 0.0949399298700928 0.0801326103356697 0.0629682790167245 0.0571525731217119 0.0374350315689832 0.0352380199436999
0.0575632440685456 0.0670824272478371 0.103214403060485 0.159270780844987 0.059690736180999 0.0441114224658314 0.0385472810251391 0.0366290558545924 0.0381782455400909 0.0370580579258907 0.0297761623566955 0.0264550818944776 0.0213741093462208 0.0137263863213871 0.0130670252697875
0.138717861139813 0.186231774519736 0.218783624950253 0.265498771163279 0.120952750856303 0.0959968203438784 0.0851359657144297 0.086825073880515 0.0857126415370556 0.0778894299156177 0.0643157814850164 0.0529263893680855 0.0473067876275629 0.0322499443671426 0.0296652276283569
0.117402099192527 0.163086536513024 0.201114882130904 0.24536978101867 0.101856219213685 0.0872407471946684 0.0779826394615777 0.0723361626921145 0.0773530446054499 0.0681258416150751 0.0552923560399659 0.046409624940164 0.0421727546993466 0.0270902875343127 0.0245940420627997
0.165834989870071 0.210733883361375 0.275436776177356 0.317963552136218 0.14583614862974 0.11625825978935 0.107502948888548 0.101588217033725 0.101951898611039 0.0929348247838503 0.0753651086741648 0.0638873997436177 0.0530815562929142 0.0355908394197729 0.0324460615319341
0.0776213948717869 0.0935116621756172 0.141760320836879 0.198966502618439 0.082792843457597 0.0620486736159496 0.0573845249515385 0.0497716688790885 0.0516379633270067 0.0517515842707183 0.0408593299652691 0.0331528838373076 0.0276769947536768 0.0185096890512858 0.0177148441611641
0.114188834846506 0.143843016826624 0.181399253361558 0.225929106305299 0.0896561559611716 0.0742701510505606 0.0706061232754604 0.0662000631738786 0.0684802912237147 0.0596485048582164 0.0516211149018404 0.0395909173193918 0.0366400006387511 0.0252877994729979 0.0220686119438457
0.0850961619632295 0.109485370609052 0.15667932612632 0.186513867361647 0.0886318683956136 0.0637428493297404 0.0610032468520957 0.054529344098095 0.0578682450128841 0.0531893479379686 0.0440459086468373 0.0349122022328671 0.0308767310416812 0.0208954875316378 0.0187443043453741
0.142212057569941 0.173903610109647 0.22623063625059 0.380859860579066 0.136860227504074 0.106628957172408 0.0930472586256557 0.0916879013161013 0.0929718364648501 0.0849858479363491 0.071127286961568 0.0591857688859039 0.0490521051641278 0.0318558829182146 0.0300245581998589
0.127703318690916 0.161020628529183 0.258772394605636 0.280263886824712 0.126578391738195 0.0933903835482602 0.0915011036009193 0.0836589359680602 0.0857839955675876 0.0802450037315116 0.0656543246569152 0.0520135759369586 0.0453212407563183 0.0297827812227084 0.0298660359388156
0.142476284914906 0.171466126815582 0.231630696146775 0.297061293239527 0.13007594827262 0.0986191722490243 0.0976367877192866 0.0894968209323123 0.0941956315137798 0.0849046756034576 0.0692002057781183 0.0570097707737243 0.0485698692330379 0.032225138483654 0.0301832505995974
0.0405873949298163 0.0516440733449306 0.068955999222512 0.0928311883631033 0.042470060050203 0.0320894691740663 0.0283231153537297 0.0270512764215866 0.0281027555860204 0.0272318797313395 0.0218599767489066 0.0175631079531965 0.0150632811725816 0.0102873370817553 0.00899548937534314
0.148815562517699 0.184363163619655 0.258821201331426 0.244172584511638 0.114028868323157 0.0961702849268958 0.089588245086074 0.0851126236050452 0.0863521378432492 0.0801339839516831 0.0660615167564689 0.0562706020863919 0.0487163261275554 0.0306797013694997 0.0298679960196338
0.140321156407887 0.188530230791103 0.237864601809543 0.30209667507082 0.127351980732065 0.100664496797966 0.101913064246411 0.0878337846418794 0.090547743547691 0.0802635115352283 0.0672027237016602 0.0546473200165835 0.0498295301724916 0.0318274755533972 0.0289812949747184
0.133907334375493 0.182390669365128 0.232537050781933 0.361041456484082 0.122871035405678 0.0972126097477565 0.0873121248816783 0.0819863050053958 0.0885713123935818 0.0833123134728418 0.0663816696025692 0.0520690374348175 0.0450531270263995 0.0295127015419838 0.0274929280892285
0.0897718227050705 0.105468299591741 0.149352088985187 0.178292319420926 0.082476449309387 0.0632915423551922 0.0578619299690912 0.0550228049335167 0.0571509033330066 0.0520638760825819 0.043773904605013 0.0368068932870048 0.0316254959370002 0.0202674595520349 0.0189815833820703
0.111309837634883 0.147234343449864 0.18195315463212 0.220247454389884 0.0934847609722797 0.0753286189670159 0.0703380837525517 0.0678481022457779 0.0658308613164556 0.0625516218897896 0.0507876309367996 0.0419517860421093 0.0363019224834122 0.0242273065170289 0.0223858224592263
0.0701829432232971 0.0841085233502204 0.15035552005547 0.175151036593806 0.077827718798219 0.05876994404313 0.0489443452583928 0.0458175618854205 0.0513992685083166 0.0475057749351523 0.0396089485808169 0.0305926469924552 0.0260624048531669 0.0172580433545249 0.0169089209302154
0.149119760411044 0.20007734133 0.252074974567084 0.348641769907393 0.1455903293774 0.105421790189057 0.100688601506293 0.0903206210997651 0.0959883191791365 0.0884456804301787 0.0747636191147079 0.0625655807588836 0.0539151119670957 0.0341475932528729 0.0320638468859684
0.149645668059771 0.192639477679773 0.230954246317097 0.267702022872092 0.118475348270133 0.0943171108890381 0.0929158187073354 0.0868831220900367 0.0940604875867703 0.0782139146118574 0.0691185186271291 0.0511657119412715 0.0491204814849737 0.0315338901085661 0.0304343563066429
0.144503461785726 0.185441629724887 0.247358875599853 0.278547655231453 0.121854571160487 0.0917406832419923 0.0915212032024686 0.08597172857655 0.0909495194666209 0.0797723810021285 0.0617455481689732 0.050933013712707 0.0465675113307037 0.0312901522064865 0.0281858793642595
0.185253287545145 0.250317324749944 0.300652148076556 0.353935523145447 0.147958225043412 0.134803045579448 0.113067181895857 0.109808320202602 0.113267333648 0.103283218605391 0.0860356324923937 0.0694852113975617 0.0622627147630931 0.0398946335037564 0.0373232215947604
0.128004756762169 0.170778595453531 0.262322387379423 0.287738039006903 0.123716182130601 0.0971515886754945 0.0838748415045911 0.0818592644562382 0.0877703894886935 0.082003035629575 0.0648254812311954 0.0511701559811198 0.0464279335225159 0.0313877564033949 0.0277732113677824
0.031422425567489 0.0388739899303353 0.0508449378308603 0.100966520039824 0.0345425785555947 0.0258496649746585 0.0213531644805983 0.0206892705813108 0.0223878260173232 0.0207458554824857 0.0182088379848166 0.0146139607882417 0.0119166664138231 0.00781330920753107 0.00770838431674021
0.0635874522090516 0.0750067193989461 0.0989399139055291 0.167451415670914 0.0643215136830586 0.0476073776198706 0.0422894815608633 0.0403795750960766 0.0421393555928631 0.0410707400133944 0.0323854938316496 0.026309836145921 0.0239242950225457 0.0145159375572846 0.0149434798774593
0.118387376812063 0.156859731315421 0.195875008156229 0.299798287607119 0.118960452169994 0.0895377553269906 0.0810163943302294 0.0759137564198938 0.0811873149245528 0.0722987307859151 0.0588871949771736 0.0466059473707786 0.0420714379655503 0.0274171495643713 0.0266658497911565
0.199294135529179 0.248327259694478 0.26974132914159 0.29330254396604 0.136088826679061 0.119295824444335 0.11426422648723 0.107191244865469 0.109030445578739 0.0925637738827854 0.0795491408033506 0.0619782226707898 0.0565091287662281 0.0374159239610218 0.0342931995930098
0.121228479961065 0.161348081058821 0.243092972389707 0.271515904384189 0.109007380112 0.0903934956242221 0.0774719661981201 0.073554991626014 0.0774785282681329 0.0735003112256602 0.0595378310116392 0.045449893871163 0.042204918671216 0.0279358790371163 0.0241576226840271
0.0903472051808351 0.109646709959248 0.152881877336435 0.221176363334662 0.086766325215118 0.0683420300738904 0.0604872038492069 0.0568139499982027 0.0590629252833996 0.0565727083864369 0.0456259463750831 0.0335901130209878 0.0301736216497136 0.0201220517362496 0.0189472264704659
0.0688462896186165 0.0855397526836363 0.124575223794803 0.162956607679142 0.0673084662175306 0.0525532174898171 0.0473466480078492 0.0454956200408779 0.046675938509978 0.0442089147224482 0.0368959052018355 0.0297009264346591 0.0253837658617441 0.0174373084868243 0.0158873838439844
0.0783582187542705 0.105610749329049 0.175017540951374 0.162910946640418 0.0722005069643608 0.0533621886884399 0.0508981757074048 0.0499185044906509 0.05139714933124 0.0467801443821354 0.0385957869427925 0.0311614408375718 0.0273276057051355 0.018074783271856 0.0161188995427878
0.139571505270047 0.170835959180161 0.21059916734705 0.397839103905938 0.141734462043954 0.106283798385724 0.094886743225756 0.0887997964208614 0.0922734732382528 0.08755507961125 0.0699727059129713 0.0570186227883136 0.0496472189082304 0.0310620755029804 0.0305866907923143
0.0876633944737755 0.109858037747726 0.142205279615979 0.185458622648797 0.0738682502773342 0.0614275719704378 0.0553459111879076 0.0536995407830233 0.0554957123706321 0.0494355742866192 0.0410336742790325 0.0327936751318444 0.029553461155857 0.0196615105978127 0.0188789527877753
0.0950472127829459 0.119131832853849 0.152958189189825 0.214945483920483 0.0919722234878228 0.0667588301269123 0.0601385479402221 0.061414496911801 0.0606349031637892 0.0569246442325122 0.0471067251828549 0.0368608379093278 0.0317927641300647 0.0221818479503294 0.0193580262528401
0.155721166364958 0.203992151183817 0.276776629996488 0.273267336015899 0.127575387621458 0.10298187078193 0.102487870401957 0.100663339600769 0.0952811092900209 0.0859726308372935 0.0716043577167192 0.0589968757114535 0.0530749584751829 0.0344279377454864 0.0316419246377065
0.0690711895941139 0.0832118674281424 0.102909642246833 0.134388525434289 0.0656546554399691 0.0516919296626065 0.0486956932502947 0.0424077620819035 0.0424425846769204 0.0400244038579567 0.0327067522972919 0.0268622360842756 0.0233254356120809 0.0162720249266639 0.0138119614918577
0.127633550635336 0.167733214611812 0.226274312815513 0.27099814898051 0.114701577895422 0.0925897254826949 0.0796222921458917 0.076920234784212 0.0828025962206574 0.0725863663039198 0.0614965124540261 0.0462502297638604 0.0427367770597808 0.027802083754693 0.0266436712605799
0.182389134829917 0.231371485453358 0.263299290430152 0.288783411746622 0.137186777845773 0.111018184186876 0.104907619287541 0.10376930373538 0.103705526593508 0.0890127619760546 0.075851602666313 0.0612257838810198 0.0572163939927219 0.0399433582292498 0.0368662372643604
0.115566087674123 0.156362130943935 0.222935050122866 0.262600945618367 0.107781657111509 0.0817081297852214 0.0809342009505569 0.0754426437641475 0.0744006999216415 0.0693880288235664 0.0566775243427252 0.0444923093629425 0.0393569047538455 0.0258171505832856 0.0247737483297145
0.097416083969222 0.125400890647198 0.14601711377171 0.188391533321041 0.0811324111381262 0.0675574953606197 0.0596850469198105 0.0575420970725474 0.0604087900005602 0.0545349439998336 0.0441482673350032 0.0366336456509789 0.0320504386038981 0.0224679811659702 0.019475361955278
0.0814728075734031 0.103870809072889 0.142658061862125 0.18880167869641 0.0806915648807608 0.0645587997763476 0.0603824171942554 0.055081345618667 0.0566329125375362 0.0533893688913855 0.0448148089799864 0.0366790370652806 0.0308411010774164 0.0205403579871396 0.0196581634648254
0.0837312568451344 0.108087957031927 0.136811255986111 0.211722197853092 0.0812910566977402 0.0649539616903831 0.0577262093027144 0.0521869464606142 0.0553513957799376 0.0526842416322457 0.0415132720120983 0.0339857929393803 0.0292429684467393 0.0207659706402704 0.0186725419778089
0.110820182364418 0.14069729085688 0.17466047876007 0.234609115811327 0.104518547736123 0.0823880672126672 0.0738365871898694 0.0716873228592596 0.0711002053063894 0.0666263679496901 0.0559762685960728 0.045052150512325 0.0377154840358897 0.0257648508185206 0.0240557850999286
0.174220331026836 0.219607651151722 0.274297481340749 0.358650897463151 0.137446555932187 0.110626874749037 0.107171839877031 0.0997518415493111 0.102364811416042 0.0984937062633797 0.0788958895299331 0.0620514431985342 0.0556756395405738 0.0385227765908525 0.0338783867417332
0.136527490629477 0.170964592793072 0.253226036233644 0.289044831599276 0.12515613353781 0.0964053423255398 0.0925717265993488 0.0856832555871595 0.0883356102162466 0.0786311786504438 0.0639807234557251 0.0507969682737931 0.0461208033225134 0.0314367663671382 0.0273923265395246
0.118967278592368 0.159737761582657 0.240185785270603 0.290650622413912 0.109032949135365 0.0860081025010259 0.0808805669827466 0.0739878903975796 0.0751997137871331 0.0681173215108995 0.0590964280740645 0.0486847519874015 0.0424445455553299 0.0257691675561248 0.0256274467206522
0.055492104152187 0.0676856029588915 0.124151319841083 0.19824033491439 0.05941008853617 0.045472338134055 0.0381119851208539 0.0355262355256285 0.0398842654107352 0.0398757860790477 0.0305791866173499 0.0239047608650778 0.0207748390545792 0.0148656660492331 0.0131463730237111
0.117238635335675 0.152096403208829 0.214913370580121 0.235708527512508 0.112695494140688 0.0912859409973425 0.0845377567688227 0.0792576481958316 0.0814443124565626 0.0724680058706852 0.0591886881081049 0.0522874397176287 0.0418403440279568 0.0281326698268562 0.0257300252643816
0.131511397548254 0.164673168568068 0.218387384086552 0.274418159099997 0.108247206401128 0.0880549947272426 0.082481607169565 0.0812401197795124 0.079159205526123 0.0747017622394053 0.0611563553680688 0.0480211211452526 0.0433695588426165 0.0286996331366916 0.026573004969886
0.131534589490997 0.171929551223253 0.282432880643091 0.284691967410713 0.111765145822381 0.090392453814919 0.0835245256479247 0.0780115998984913 0.0829571174678109 0.0755044562989335 0.0604369259308812 0.0477056384187171 0.041036198000068 0.0277804487841375 0.0262140329988284
0.113395454945626 0.164665186362042 0.208724545566849 0.26062328387732 0.100476281212772 0.0799951639550109 0.0728578583949906 0.0733999437405503 0.0719452901457538 0.0667269833948795 0.0549015678895466 0.0449277690200684 0.0400997093403516 0.0255218506096423 0.0236353360303668
0.0921230926980497 0.120275630961463 0.206520992287481 0.185125241027426 0.0854157261901102 0.0649918420992248 0.059908908872998 0.056457240332167 0.0607824431605576 0.0541865190620593 0.045200237269543 0.0379317341434503 0.0320214472707396 0.0223339049996351 0.0196885741584903
0.0868191919800285 0.105271319934517 0.15736217466069 0.357904670030372 0.0988522364931509 0.0710572167378804 0.0637565541412383 0.0568228813008221 0.0638182410571693 0.0602751869373208 0.0479345181343735 0.0367185171390853 0.0317614159179059 0.0202816061143347 0.0199454882861029
0.147941016637973 0.171911391166732 0.205355756107503 0.281357303407526 0.121699817923667 0.0899730807122733 0.0929494302205296 0.08391480605834 0.0858580210409691 0.0827879472943996 0.0649305737556598 0.0515337454263473 0.045777068350298 0.0301482735116816 0.0281643824422057
0.0864880006074045 0.105329027293639 0.166138832353488 0.192281575531221 0.0772609704215157 0.0579918735569597 0.0569901624682024 0.055695213669529 0.0555540819362523 0.0519378108634632 0.0409805174828241 0.0330650171555855 0.0295953956318437 0.020054942283739 0.0174980562656493
0.129034109381216 0.156116850709293 0.213521880113766 0.262018629496116 0.111613048032406 0.0930300750189494 0.0817804833343181 0.0754575738858292 0.0772504307250917 0.0770089219060965 0.0588539987402507 0.0472472771815779 0.0437101766979159 0.0278646102783274 0.0266149202727824
0.140291485361317 0.172502240675953 0.209877374784141 0.364217733484746 0.123351872654073 0.0934782580853184 0.0833564138269693 0.081392029571967 0.0810350057989097 0.0766515794047969 0.0640695120421461 0.0514597280699478 0.0455119565113326 0.0290312813785892 0.0262713301412723
0.13576704864656 0.179326827204063 0.237169839213837 0.288574725948743 0.12234292735685 0.0948676543939929 0.0872262423223415 0.0882436971892269 0.0877875733628722 0.0801887793869039 0.0667873546600242 0.0533378604130664 0.0469245511201029 0.0320056944125992 0.0287822890636751
0.11475967481115 0.148642104053922 0.221639360969749 0.30347408761594 0.111744583221563 0.0852491406712427 0.0791270050362119 0.0736824698106793 0.0769702481586063 0.0725125466029802 0.0601284414942394 0.0497624793522319 0.0416165008750676 0.0293525743647261 0.0260184499002458
0.121124819330795 0.157785955602414 0.233988667349543 0.269830292958289 0.113751805332565 0.0858776093134446 0.0838015546972947 0.0754734586420247 0.0776151756525635 0.0711704851050885 0.0573395184085431 0.046228158572854 0.0424769175932259 0.0272455086407763 0.0256533321729587
0.127632550530875 0.150794012376089 0.245468179670348 0.310469322696225 0.115081944557034 0.086371484821526 0.0825407046988904 0.0730249899957576 0.0808769764923592 0.0750870887184262 0.0594835444202724 0.0476581609859633 0.0421913806448826 0.0276317378017772 0.0262587290236864
0.0852756611502095 0.109662640907001 0.181474672903463 0.253871412046462 0.0916047044708426 0.07079686086486 0.0641843905364541 0.0572450538441529 0.0624734199759918 0.0570391576615177 0.0478297166804285 0.0358747973663251 0.0314674375074756 0.0216776578421955 0.0206923025817527
0.208558180950139 0.278606799546365 0.296847596602155 0.375650241949315 0.180240250938339 0.146785563503289 0.140834473569511 0.127847025372511 0.128567160418165 0.117106424167112 0.0968312145162131 0.0844408181137044 0.0728190441496027 0.0464157893328619 0.0445264471519641
0.202828578363692 0.277197477890816 0.320553692534458 0.366260134647833 0.16837182375074 0.131979973831778 0.130044204209482 0.12154079523124 0.116399006528776 0.108364089511475 0.0930110854499781 0.0706160216190773 0.066585934388352 0.0416412177606194 0.0386060007025346
0.0610849915541855 0.07837463266023 0.119088044265221 0.159329856307487 0.0640366996637309 0.0459327862260377 0.0425952520151662 0.0419279100532951 0.0440500436614071 0.0403637583428466 0.0329957702812359 0.0267386925310534 0.0227567077507747 0.0158097309205845 0.0151653443576101
0.25701099800112 0.312972747561117 0.359636637412858 0.403555705796713 0.192669366315008 0.152122053704933 0.152637456455314 0.143238269805829 0.150071543194203 0.126959755840703 0.106089377595525 0.0879132555956425 0.0735288387203031 0.0518799252675409 0.0460461340732213
0.212337870195239 0.270194922794563 0.317359098607417 0.417253024043068 0.167929809612669 0.134812267624299 0.131594564192869 0.12697474599582 0.130244340477729 0.113539010761751 0.0955114883549583 0.0772175518366523 0.0674692111805439 0.0446652239157607 0.0434310815201836
0.0899807983468628 0.110697660232458 0.153955513812556 0.218148438983235 0.0867793849014724 0.0659413897027568 0.0601312703708258 0.0584097053024995 0.0577543211610832 0.0542466571287648 0.0451505301290027 0.0341159909059191 0.031167876665907 0.0209616367785777 0.0195663555825007
0.13997767183351 0.185707575664301 0.221253073324207 0.253822802059762 0.111926481274696 0.0870560441215897 0.0873162169073386 0.0772208823754776 0.079696992493034 0.0762562168260761 0.0602270813610411 0.0480216756420759 0.0433903594334984 0.0281751788183091 0.0264405294368216
0.199593006857361 0.252603128119544 0.314704551971916 0.354894061963319 0.165575277542043 0.134770581521857 0.126697308806156 0.120951298329991 0.121755827263142 0.11349729377891 0.090799153302181 0.0746579792850593 0.0666178905405191 0.043749773621865 0.0388572420617204
0.177209169070171 0.232764028901715 0.353364400165521 0.386481994572179 0.157701040106798 0.123138484591963 0.111424206463317 0.104581977211194 0.110174332390959 0.101568322390902 0.0844881409933189 0.065828110313154 0.0569360059141251 0.0399519780248892 0.034870314774788
0.113788630088697 0.152167684583977 0.191164909572791 0.245661075540981 0.108650621331464 0.0894081009842233 0.0822303301422324 0.0736945799705788 0.0768784985383319 0.0724444975357642 0.0594841404028103 0.0502396030502429 0.0415288528531075 0.0267782959425244 0.0247360363351884
0.148184106783455 0.188286598731364 0.228058916941714 0.319769997930028 0.14365456255295 0.114707447854914 0.101317000601731 0.0940417794425295 0.0967406842618399 0.0887419722719009 0.0756322112533591 0.0625593110063308 0.0533153316754244 0.0344596389653857 0.0333036451938081
0.162144741646564 0.225930453308078 0.276230871783314 0.414567973529863 0.152558279694213 0.115380021422441 0.111770751144289 0.099857908619183 0.103729876809946 0.0992284853313661 0.0809122977167114 0.0647073233283801 0.0580517949890354 0.0363869037482817 0.0338383394210839
0.146200388638725 0.186103368691283 0.233209822147761 0.400732103037932 0.132553663031227 0.101527203839731 0.0891469252048248 0.0869545741998523 0.0894994968343419 0.0823676717877687 0.0668202626575163 0.0534386285977038 0.0455191701785561 0.0318074786519991 0.0292308565709971
0.118420780229271 0.146688898815735 0.196746609146028 0.252438945535182 0.113077119447789 0.0853237118393517 0.0783211157597062 0.0748395127738452 0.0787714699979568 0.0745175642019791 0.0581440125765623 0.0459342181969883 0.0418510508288392 0.0268809087769527 0.0250058651022004
0.117337708818747 0.148387232741808 0.194327457317258 0.237232616299575 0.0948657881820045 0.0823441315781616 0.0761834692826605 0.0715923485577245 0.0733677334777925 0.0658356171351304 0.0534050560491367 0.0434010557119526 0.0411015085525741 0.0270542791709747 0.0237943045110532
0.134371732779281 0.162585556528512 0.241542908132462 0.260125697486387 0.112702674440722 0.086483251494333 0.0842608114086277 0.0826389816735763 0.0834023720428238 0.0724223110384798 0.0600762867675141 0.0496594090747468 0.0440976498261837 0.0288221583662688 0.0272267756942569
0.0804496987675539 0.105174407080658 0.137358981114023 0.20542756640605 0.086728305203814 0.0646878405141955 0.0556953299078344 0.0523565727639488 0.0557632044239783 0.055041410753778 0.0427938222626221 0.0340975020119363 0.0290865908030937 0.0183097128872523 0.018394608446073
0.125723737427264 0.153849897296945 0.19066798749033 0.245975657631079 0.0972449582155917 0.0806751951602557 0.0768636000540573 0.0729699908241895 0.0715496758581984 0.068633274711081 0.055368819406296 0.0467571510614386 0.0410800491232143 0.0280920668372139 0.026026290057564
0.0778080950480524 0.0938325308347897 0.145233230607073 0.194541776447374 0.0738862262415862 0.0542257633785019 0.0509184732176054 0.0475230606231516 0.0482555161278565 0.0454575702125647 0.03672973522599 0.0301908779103787 0.0257779459392406 0.0176771057612285 0.0175840021366917
0.0853073319370863 0.105894352297374 0.1536828189156 0.251790494445344 0.0866614688630539 0.0612521909941504 0.0581784199220595 0.0560618029370631 0.0580102844107555 0.0549235938291066 0.0432083215162443 0.0340360981946567 0.0298179373415105 0.0194661141018984 0.0188809165247135
0.148663929158381 0.177323224560001 0.228346688100997 0.284761743301321 0.129408244739665 0.104166786786162 0.0962552140258874 0.0864914746538804 0.0915439884857066 0.0868658176475665 0.0702180055944448 0.0551241293958712 0.0500078683493547 0.0326393979607709 0.0307176505601035
0.119819929794 0.15494467671291 0.192426546278055 0.23227833599319 0.0972014573796882 0.0816352597884042 0.0795979028358019 0.073796368423356 0.0748328837314449 0.0682652348630074 0.0556118529818367 0.045750918905002 0.041539196533638 0.0264879571699867 0.0245750636377642
0.0628343476486234 0.0795807225519171 0.104830183675007 0.115330875442898 0.0546713684692819 0.0418002136916661 0.0401348163876799 0.0395977698085717 0.0390642404423781 0.0345504443681098 0.0294527291531363 0.0235143023998553 0.0207768718618979 0.0142883868937272 0.0124484380602387
0.0789893827678093 0.0931444968061848 0.155848297939657 0.243552658640731 0.0833756136726227 0.063787995870861 0.0559156247175669 0.0540766744368733 0.0570584981950663 0.0518196525984154 0.0459120681722956 0.0335614033695151 0.0287582543611131 0.01793163620835 0.0185341907194865
0.0844154286331997 0.105472432455084 0.145479962582372 0.164382346807301 0.0742309301684684 0.0573418515267676 0.0533194106414627 0.0487645526964554 0.052585628609226 0.046943514822421 0.0382603163911899 0.0309395516686922 0.0280980728932612 0.0188111976485156 0.016371321429362
0.0710019698334336 0.0906307533783635 0.148248818493324 0.184862023565552 0.0781220162223187 0.0621648057453276 0.05269077572898 0.0477139077784129 0.0520875864440809 0.0489359502726064 0.0386967066678971 0.0321448985195912 0.0274550904659513 0.0186241243156955 0.0158368938100741
0.0748554524586053 0.0984138806647058 0.149056166831977 0.174344932812472 0.0696169009611405 0.0550732984636636 0.049551942403652 0.0468848482259193 0.049228435189879 0.0442001369957117 0.0364804734619278 0.0295274528966118 0.0249433988097229 0.0172595335017039 0.0159421103937273
0.172099746999866 0.205565211101739 0.271936541563592 0.35502694035822 0.15056338900869 0.117764461532298 0.105165201728359 0.104544959961625 0.100721792323403 0.0944316594445186 0.0800674274333389 0.0639415910897956 0.0561053516587498 0.0357832483893783 0.0334871955363076
0.0816317770686106 0.0986991685910856 0.184453824182665 0.20847803419926 0.0891387145930807 0.061680384860048 0.0582761504108709 0.0539305276126439 0.0575934274781104 0.0541109543960976 0.0437517398694999 0.0354291611971382 0.0297711864881384 0.0193708215233918 0.0191201447066957
0.0653097422661645 0.0821969072949082 0.115527214145136 0.141246303149526 0.060104511671141 0.0468150913964226 0.0449738490102864 0.0416104136093388 0.0416034113894105 0.0379963113244187 0.0332940122105538 0.0257513801247221 0.0237443065510547 0.015338954993953 0.0138025731113318
0.176040973969757 0.220199435356822 0.311199451838858 0.414597602089061 0.15615446936698 0.119103850228194 0.109608934530902 0.110539899829063 0.110965666820583 0.099216786582902 0.0826678240019809 0.0701985551183561 0.0575329878775317 0.0406158350261704 0.0366646856064612
0.0574219242309793 0.0709869314053207 0.14160896603669 0.15433780429373 0.0580582660239891 0.0441977934783834 0.0410268164443456 0.0367046408863217 0.0404102355594722 0.0390464266902889 0.0317005126489585 0.0250021513237198 0.0217192145667835 0.0139965813185044 0.0129430292296683
0.11627253165453 0.155134632531091 0.203403593664632 0.287811067699536 0.0978530910234058 0.0779784111654083 0.07256683105055 0.0692210451480888 0.0680221162362082 0.0661050265975035 0.0547591824125045 0.0453315860340793 0.0387683387653283 0.0258891119213867 0.0232652284754504
0.169284262985485 0.218068568817135 0.254771035687819 0.285458875374018 0.135965876667336 0.107921540542723 0.104552030655218 0.100830453523498 0.101159931167542 0.0926427181314787 0.0757811785369999 0.0598220267083233 0.0552538528851893 0.0375696710623655 0.0339646927199938
0.174779440623418 0.212307953016001 0.279572140290328 0.327172151551036 0.128169157998768 0.104337890192753 0.0984687455032294 0.099571773266584 0.0998016657932222 0.0867273228211002 0.0731796577294627 0.060285502180226 0.0523857500948295 0.0340090706296479 0.0311241447030848
0.122498429952131 0.156538377995598 0.220949705183018 0.216338343267359 0.099895662864589 0.0755258592929521 0.0722554599329281 0.0723352221582509 0.0700282176137225 0.0632194333332146 0.0528269930494783 0.0430723020998701 0.0397098538857401 0.0261378738004917 0.0240396868111059
0.0617482124957114 0.0759495585277707 0.112030926697203 0.161719729466813 0.0662213873540505 0.0450990792437216 0.0424311045080221 0.0400370054634906 0.0416536232179642 0.0410383392208374 0.0327262629723122 0.0245099531648064 0.0218716981083831 0.0145464968015468 0.0134875784459125
0.184761437464132 0.251380409399065 0.319410059793871 0.359633057039389 0.149395628586558 0.116076679390497 0.115063609718177 0.108571732882348 0.10524063772441 0.0963848170113447 0.0809220066979619 0.0648093354528765 0.0592544385574645 0.0380650719926188 0.0356677493553462
0.0582420366202671 0.0739555277883824 0.111456525633319 0.123853069904111 0.0582549970843996 0.0449042214870448 0.0403963568528285 0.0379606616826761 0.0399708118584844 0.0372692756574293 0.0297736650483339 0.0237823438017982 0.0217613398138926 0.0138534267938137 0.01369921783588
0.114249763938647 0.134435116588267 0.17550277877494 0.218340739584203 0.102099908454867 0.0863343694287839 0.0758343967286222 0.0718617594519619 0.0712263142005386 0.0717154337105454 0.0581491197683874 0.0466072324323415 0.0404890577294823 0.0263910160040355 0.0240491845159923
0.125638341614376 0.153766465676108 0.240068194928576 0.283522741040984 0.111941390117054 0.0943120712857044 0.0805166386030488 0.0793414089765805 0.0814386945095351 0.0763979077406366 0.0626354809610649 0.0534622483251382 0.0432971684827716 0.0281469398772067 0.0285543664053265
0.0986979458299088 0.139244116490835 0.201152148395036 0.2229039660021 0.0857047898637642 0.0645980788889333 0.0630941664110702 0.0633618707747884 0.0611412930893026 0.0568657090179777 0.0464023201429607 0.0361468154849162 0.0331797139368286 0.0212220288268449 0.0206015238437769
0.208447310856643 0.275233197278423 0.321171251860195 0.43825727320953 0.187541093061242 0.142644101556771 0.13338317387222 0.128086832037012 0.13120109562807 0.11368071670733 0.095574748921688 0.0748120664051558 0.0705105923816221 0.047635673036888 0.0410684930159896
0.12881556783979 0.16705505272126 0.243938834905023 0.239522411131413 0.109332904775205 0.0926108526088131 0.0853996096476136 0.0772966299233576 0.0798239697840745 0.0760648763401903 0.0601389311672543 0.0507024561338283 0.0455464849867535 0.0298369627521783 0.0277697752424253
0.145710471870321 0.182769666821159 0.241032942247231 0.352323115686394 0.12238927737553 0.0945584772983717 0.0914757818799515 0.0889423736512689 0.0905751183181038 0.081172884484262 0.0672495264009163 0.0538588625604708 0.0472684662660884 0.0317473439617354 0.0289601716584472
0.159282820582693 0.217165964439569 0.244467000794156 0.33398624565257 0.135124743862399 0.108397766893434 0.101305126862006 0.101302848545116 0.0984475303054806 0.0909263949983891 0.0767547915848759 0.0572132839355125 0.0532223494349737 0.0367057957504783 0.0326205701447776
0.0846562699432301 0.102012424402917 0.141559146375173 0.214062357254921 0.0799745929064296 0.0608854933360408 0.0579175135740767 0.0524382641222777 0.0564097147770276 0.051054559761155 0.0417215553025047 0.0332715143251492 0.0297109897787601 0.0203020127323051 0.0200748115961118
0.113040807672871 0.135906937344548 0.1673451680839 0.250970553570281 0.09810135517775 0.077347844090242 0.070791493466702 0.0622303467373056 0.0696588514639318 0.0642192531739211 0.0513224800894803 0.0404738089956144 0.0363110827674006 0.0227484666536188 0.0218214826875406
0.158235062491082 0.19133826953777 0.254196470484709 0.364885158913839 0.134246510762169 0.103376808463708 0.0908321225109496 0.091019261434623 0.0920139252573641 0.0832139460770684 0.0673961575063589 0.0555334196033777 0.0470537542710451 0.031388413507779 0.0306347172177514
0.105134528311695 0.129964439843059 0.168842024463502 0.273594094725884 0.10358731232409 0.078141093539308 0.0695401369668205 0.0691407779984282 0.0700659306070353 0.0647217604954993 0.0547322857964285 0.0417501382881458 0.0380428247695079 0.0255364051166292 0.0237893664703474
0.127637587866076 0.1583874185737 0.201670521476763 0.255366880291537 0.115103119207673 0.084900550093891 0.0801949538441451 0.0775210640802926 0.0785454098019433 0.0704684912342907 0.0604109618379176 0.0499295834601888 0.0431279886533898 0.0280218827892093 0.024856885132079
0.0949880630531729 0.121590234205095 0.147161756839954 0.227594227087491 0.0880722904018768 0.0686765747973391 0.0641006204739347 0.0590496380462605 0.0622935065243021 0.0563764857455375 0.0474907186383439 0.0404700540119802 0.0326524263490373 0.0218442752086368 0.0200507137069758
0.151882957245494 0.199322444859786 0.3018352393333 0.265334817960353 0.121265843051436 0.0930136676282655 0.0923434545690096 0.0887100492255951 0.0919422003493745 0.0793012994779016 0.0660520857757078 0.0536410663998301 0.0468986184274866 0.0332219867824514 0.0292027523478543
0.0734603401177629 0.0914555110500787 0.137487760827558 0.243830822259789 0.0792193437978545 0.0615191515044549 0.0519310244261785 0.0502797466104811 0.0537575611838623 0.0494412997063008 0.0404515997855556 0.0324477108657051 0.0280161905447993 0.0186567278564067 0.0169764463379591
0.106217360367199 0.132755985112003 0.197638854109569 0.314510465028844 0.110575519421874 0.0791501664338221 0.0733778894225031 0.0705032705781476 0.071852158640126 0.0675972049773873 0.0540725785423862 0.0410467716450909 0.0372795015807746 0.0256338295602296 0.0241500003406737
0.164292275495387 0.226763619168816 0.358396257633837 0.314799415736135 0.141377438552386 0.101401678493832 0.104644853761331 0.0979623745166846 0.0968527547137135 0.0885066066286857 0.0722094643566564 0.0609968410776482 0.0516008746230692 0.0347580191101308 0.0325054463283258
0.134134619702881 0.162557664046874 0.230136537354192 0.356276495772312 0.126740226263395 0.0946994351329312 0.0872638474000857 0.0814388981470109 0.0872551060345518 0.0833601643797385 0.0638046353506127 0.0513375058763043 0.0433357753816018 0.027966212004201 0.0276315460911342
0.038510630004615 0.0464174144786442 0.0789501589738159 0.11474845220372 0.0432072048558855 0.0320680297849917 0.0278088807118526 0.0271367097751371 0.0294115866865591 0.0278110925994403 0.0215589008946752 0.0175894550265508 0.0145236113416868 0.0107352070445083 0.00968654014554205
0.0806765268820875 0.0976488829595294 0.139105053016118 0.165866551919438 0.0779202912894577 0.0579993219135537 0.0582369553697712 0.0488529679499717 0.0516017183564549 0.0477361393444229 0.0398369231582872 0.0321929363698019 0.0275534225992622 0.0185643724006539 0.0175111363085626
0.159926871774916 0.200926385371815 0.318668977523757 0.314106086651307 0.159086075631437 0.122159262044575 0.108831895872182 0.107317548242114 0.109454856249251 0.0975382450669635 0.0818628675349417 0.0722349799090097 0.0575333726069773 0.0360875980023987 0.0345417046756478
0.0900548389892548 0.113145236905107 0.142236211603947 0.190748129906123 0.0814560235850093 0.066546674800227 0.06238805110836 0.0554102712950409 0.0568789394838672 0.0553039561184288 0.0443205553353042 0.0354522194189592 0.0314293054259939 0.0208576175917996 0.0196553517399648
0.133744887222848 0.176551050458355 0.2200637606446 0.263888757393096 0.123818950245877 0.0970581500781116 0.0930109014442362 0.0936893015434771 0.0885659604658657 0.0829266526718054 0.0672572455595251 0.0571807413603188 0.0481905819246614 0.0340604585063242 0.0290693608467197
0.138893877580521 0.173708835510713 0.226765098167928 0.271712892662285 0.117099782757237 0.0990190186830409 0.0839619984650936 0.0834668860682985 0.0805927049325056 0.0764940169081764 0.0636883421180591 0.0498785368102266 0.0455045425660346 0.0293505364758371 0.0271384281099308
0.150654714630479 0.198155814012256 0.223813631680254 0.279857229683497 0.13452131384582 0.102451795136125 0.0966991025499022 0.0897127786999644 0.0927869266596984 0.088471360711686 0.0694437471251841 0.0583332619237741 0.0485158339327938 0.0328718275314051 0.0301048753667913
0.099943201840088 0.131576738179361 0.220639718119682 0.333724223105332 0.0986415677765732 0.0744516039302301 0.0671497536826417 0.0630462915304197 0.0690387785007606 0.063210222148023 0.0506241075683447 0.0391248682902332 0.0341394307193055 0.0233709096037617 0.0216349635105766
0.0681746708434632 0.08715023333136 0.106594077404607 0.17941995264825 0.0692380728658232 0.0511236540016269 0.0445913075298366 0.0453780740509093 0.0456508817473305 0.0417144084576683 0.0336008663982474 0.0270690168813754 0.024314776547235 0.0161068764247697 0.0149462141331085
0.163520502983284 0.204117859609375 0.265186518405552 0.362291700604008 0.129955708512219 0.110681682383148 0.0991375815001309 0.0956019207899871 0.0987895535187377 0.092002295818267 0.0751195833292887 0.0644503556550671 0.0535144562704157 0.0344279332552689 0.0322252441458799
0.151354102918575 0.201840989268575 0.236741641490509 0.278326552519137 0.127815821727938 0.103819301666921 0.0964849757577911 0.0906750812070638 0.0952787593202407 0.0852543893222851 0.0701956921914701 0.0592396877996312 0.0514071736292235 0.0357790715210014 0.0334060247334282
0.191440506280738 0.249097391008129 0.325404537029701 0.336130478945176 0.156211134387354 0.131152245637651 0.123479086047122 0.114440310486519 0.116400876017193 0.101767755775164 0.0858089574495439 0.0731504357388906 0.0627916374212263 0.0411675643286516 0.0381154442527613
0.104828249179729 0.147143701863206 0.176479852007287 0.261481034223237 0.0996713177888662 0.0744829468459874 0.0705521074362817 0.0666382322623732 0.0687812950315843 0.0634676727286446 0.052835664140588 0.0392962800465633 0.0357039114884687 0.0234564636933427 0.0216821502751683
0.0578327133392969 0.0690439853489661 0.0910228769954883 0.135635734249947 0.0580064294442668 0.0422640757904788 0.0384371991125809 0.0370579862768961 0.0390149186150314 0.0361416346562035 0.0302922423243766 0.023831439535486 0.0214990375333045 0.0136779695009581 0.0133394017604791
0.151165698924023 0.203073318549626 0.230577692634853 0.307443890099956 0.142493931684817 0.109667163714967 0.103357709939976 0.0971762266655044 0.095360273887812 0.0896852621907789 0.073271681449563 0.060800579219894 0.0543946235971104 0.0339525888830176 0.0327183601487064
0.078490383825437 0.0889848494711747 0.117324532681307 0.141859641562057 0.0635558944457242 0.0503845700878396 0.0497439454260622 0.046143105857426 0.0485094270071677 0.043517768877962 0.0374613306631545 0.0289837527411147 0.0257726416285967 0.0176866653739597 0.0158147981019277
0.113690038311123 0.139025943016953 0.235913263764702 0.235637683708271 0.0981971425090541 0.0769549606910274 0.0761025666936716 0.0696212173988746 0.0725984475203455 0.0643216370319354 0.0547586260307001 0.044304431812405 0.038530904827896 0.0259713957941468 0.0239663850918609
0.0749256854491157 0.0921631318658582 0.139217008657431 0.157362755697888 0.0638507238111911 0.0522631106066434 0.0501339873263873 0.0456482227113466 0.0500006402187058 0.0439918162985879 0.0371534009778869 0.0297369606062195 0.0266052862362476 0.0174532347897077 0.0158766967272794
0.146187923620557 0.171629639220639 0.237470443347085 0.341173852861255 0.138901805300125 0.105383026648407 0.0955244886658085 0.0907547099466177 0.0971266125755078 0.0865557832383368 0.073046460919296 0.0588354976165407 0.0518173840081104 0.0352380974846873 0.0299590332819489
0.0954771021362314 0.126213837045574 0.161991730834015 0.203347776496789 0.0870449739633455 0.0673836873244606 0.0636844420113567 0.0590227326324886 0.0606539510777544 0.0573619354124934 0.0473368991969443 0.0398106972033106 0.0343801736990888 0.0228125384770819 0.0203508629000421
0.185257823800232 0.244003695119692 0.296300916034893 0.447017003643789 0.167666576217491 0.131061411243889 0.116320876129861 0.118744422588586 0.118221079693293 0.108825619174914 0.0890717414856367 0.0714313497780651 0.061528312434176 0.0423856752798841 0.0380370345665227
0.125642370708984 0.155299152884496 0.216114825549283 0.24344691096698 0.118191575425271 0.0889451355326034 0.082645806960989 0.0796504540245663 0.0838275953102029 0.0769891452248789 0.0619789955024022 0.0530567451955768 0.0428924648319186 0.0293148247857052 0.0293963078680506
0.0962375667332615 0.124728644505915 0.182698582357491 0.258199334659256 0.101324292662851 0.0749757557200767 0.0664293723988538 0.0612208455118749 0.0647007088541362 0.0575508879593378 0.0507785550219874 0.0427668239083914 0.0354422797747442 0.0226731424337609 0.0202538165150438
0.185492998127492 0.223020106141086 0.30344700884028 0.300051344540481 0.140552154758442 0.112852993398856 0.111609740944545 0.10221551921569 0.10579181290759 0.0907049805578597 0.0752321722181418 0.0616100666404251 0.0572660473772346 0.0370452700916758 0.0326536615024959
0.123689527906366 0.171155831795475 0.187855355122364 0.25086858359414 0.109174756348018 0.0907263423171911 0.0790720199971379 0.0764359875763345 0.0789100359258211 0.0709956782037799 0.0599899286650935 0.0467198962546533 0.0420697141953962 0.027521112305124 0.0253709761205368
0.0857325347240308 0.101694636638166 0.149707776283749 0.264647408296121 0.0856127844464557 0.0614700972800339 0.062432721876965 0.0574145360850555 0.0593272057839217 0.055138877102216 0.0446476350973766 0.0343619568342431 0.0302750647680183 0.0192654057677138 0.0185130583738598
0.191368077459517 0.230483527023128 0.251112114008823 0.350879157322004 0.141933763751552 0.115206694984291 0.117941462073975 0.109881436716756 0.103904057327295 0.0968538227482013 0.0821562772946701 0.0666481205942522 0.0591548588578754 0.0393541064703347 0.0335269370241688
0.109866944541122 0.130147286373164 0.187851489494729 0.338082753568652 0.110977886344233 0.0792715236108443 0.0740767416524131 0.0673400529233922 0.0716459075703377 0.0690460547857861 0.0545568829287257 0.0448995043161458 0.0383891325615685 0.0265370070282769 0.024975819926942
0.145492875838153 0.181720515244847 0.230315035883231 0.332396504827968 0.124632743516452 0.0977137083951192 0.0914753460506067 0.088610572515731 0.0914389520413952 0.0899912310497118 0.0655343462406888 0.0517272899846102 0.0471915929426071 0.0315105887433027 0.0277426741232607
0.0680294307142465 0.087627437860063 0.141712856368293 0.2144353061639 0.0686398894467277 0.0497082150333943 0.0448439084408607 0.0458140608579859 0.0471540752236375 0.045262460951698 0.0355388168039068 0.0285748490743968 0.0239834423534115 0.0166754444867684 0.0154626020235804
0.16889459011629 0.232436890401651 0.25032202447768 0.307836668010901 0.13104933628334 0.109465489582357 0.111875878731969 0.102196777762134 0.100413649858932 0.0942630700024854 0.0744918408097372 0.0638781239749941 0.0576699937061203 0.0365474782485599 0.033660147322206
0.104324675518526 0.128977721792502 0.16367821642278 0.198632540849266 0.102451384675722 0.0747754204310209 0.0631320579851774 0.0620954376227323 0.0671473062175535 0.0594584748636488 0.0517194257913484 0.0408318041382515 0.0354004405604981 0.0241231226674322 0.0210000979631459
0.0380980898835215 0.0502650846914591 0.0841368733126667 0.0987893663527123 0.0401904971329648 0.0315408064564859 0.028013647141252 0.0263819993504402 0.0287181622919747 0.0257251944509 0.0204426487366317 0.016755344816578 0.0138866247871047 0.00911208220528934 0.00918480433311583
0.0651707494270403 0.0857369988315313 0.156089488708016 0.183488580159028 0.0710969996176394 0.049143604937063 0.0439466424998903 0.0431861447614961 0.0476811035781613 0.0421420485659267 0.0331961136947512 0.0272124919508075 0.0229607707705082 0.0151571023309384 0.0150756508925289
0.090679797754407 0.117191491694228 0.160674006543262 0.257296411314428 0.083909703794124 0.0674980915567438 0.0627054492245375 0.059474661288777 0.0605648575102559 0.0553501854478035 0.0458779495023117 0.0382899878473356 0.0329373418303893 0.0213801542624981 0.0204798702374764
0.106925531620097 0.130411434921326 0.286104643297742 0.210765708603565 0.0966651896040853 0.0757243206294171 0.0700310189167093 0.0650319218591361 0.0681994640722397 0.0626431583434647 0.0499963765109641 0.044517117617845 0.0377382905191935 0.0250794673142238 0.0225365788508315
0.11213467131539 0.132991188041866 0.193840661004017 0.300526093249016 0.11676921080452 0.0973651466115661 0.0836913659213566 0.0769174947859917 0.0851563655474624 0.0755195460664405 0.0630414680486209 0.0479225780520681 0.043794658216161 0.0282701511102183 0.0274915720375592
0.124281324215601 0.155516970060066 0.20092107074834 0.269380255111686 0.120726642916302 0.0919283659680474 0.0857108993721731 0.080960407156451 0.0830008001942015 0.0760334876052504 0.0616502904294401 0.049133071931822 0.0459728929330733 0.0291660181945584 0.0279728489971275
0.166150203398794 0.211244686715081 0.26840175059459 0.349413434687748 0.139946617224774 0.113532228140322 0.106892782918812 0.10003348593748 0.0973254498258239 0.0877803066912362 0.0723930590316144 0.0596932373113233 0.0537043112188225 0.0355948456582941 0.0319697868636903
0.130699602868652 0.174206194058078 0.215358496764142 0.272877993879893 0.122200639401341 0.0923576602009512 0.0841209416633367 0.0812815025580224 0.0828900131942291 0.0744649906151691 0.0595220161058994 0.0487851889700924 0.0448741214720196 0.030318108626764 0.0264274758233277
0.1327583249087 0.165052686878946 0.293575574609279 0.349373242784368 0.132273721657364 0.0993460452000715 0.0902448138135027 0.0815016639071023 0.0879201576227291 0.0829964274663237 0.0645215024662877 0.0508136976774372 0.0436846296637118 0.0293393108275775 0.0280928907805085
0.0694675866471319 0.0785079229635772 0.113806666322298 0.126242076284472 0.0558460671842457 0.0458600701543027 0.0404544575309989 0.040761558532425 0.039686323969228 0.0377980395958351 0.0310389151161422 0.0244333203228452 0.022592584260762 0.0149705724710937 0.0141644789567036
0.0801091918586252 0.0950294497894531 0.161446949903612 0.193487845406451 0.0737637588685404 0.0572030027470144 0.0533029502202023 0.0506111946738234 0.0519720221101495 0.0473956767946075 0.0401367348489628 0.0311729031862808 0.0269229027480974 0.0178261885572395 0.0170460423419817
0.117658021029108 0.136673351146186 0.195038938540446 0.293755129295523 0.105809124307487 0.0788200603702849 0.0752621665648834 0.0688672764940663 0.0730175421272277 0.0690653944861141 0.0561174608313934 0.044889928124096 0.0385782903981883 0.0261473629044162 0.0253084805295294
0.0877445671111148 0.106968147535085 0.165165854256313 0.245154232464058 0.0921345688316044 0.0652921284311989 0.0640442640520127 0.0604523806693779 0.0629684643752363 0.0563359888374999 0.0469413921270198 0.0374538055190167 0.0334348263345507 0.0235248171869101 0.0198194371476599
0.123668674356117 0.162543128036289 0.224684055528443 0.241283204315415 0.112871101055983 0.0940604400631006 0.0822998361991699 0.0765120437923104 0.0775059699995557 0.0748239565638814 0.0597373781718592 0.0471508638893258 0.0444183561719939 0.0297903408842225 0.0262989062869765
0.0677180389194901 0.0884366939896848 0.114683385627532 0.179473823283725 0.0656984897836089 0.052425719978166 0.0447375713440758 0.0432356973687471 0.0454654568101498 0.0426784913521078 0.0368683692540923 0.0276468416737169 0.0243032068469061 0.016985692682779 0.0154737328490711
0.107805808520509 0.131326221285043 0.169264974370131 0.265193162884978 0.106195951699801 0.0785685458171042 0.0731914477075291 0.0663871792021414 0.0676120626223977 0.0661703875581944 0.0519675722226192 0.0434651662275283 0.0368493905310094 0.0245327120446804 0.0224010994809614
0.0549424586668712 0.0657969273105135 0.0935206332538449 0.130533502103586 0.0577785252559707 0.0429966442232041 0.0374821379709212 0.0362692631792246 0.0383104997575006 0.0362682584632402 0.0295156450976517 0.0229761201752155 0.0206639785937401 0.0132610148147395 0.0127441421818059
0.140196751042236 0.183361923655645 0.29218370307401 0.304765952853263 0.133175895917855 0.104258228669735 0.0973971648108149 0.0885269290292401 0.0935197164766184 0.084812515430675 0.0686962879241911 0.0541001194158958 0.0476156792529121 0.0326901550427069 0.0302861352512385
0.0969588324811154 0.129900955932922 0.186799205513735 0.253641136086933 0.104236702481495 0.0783462427867658 0.0689380400213028 0.065299730150436 0.0699432663581537 0.066570591955501 0.0522814693728212 0.0428042484815787 0.0347214310048785 0.0230032574528543 0.0221455372089204
0.105732050821447 0.132836385375216 0.180928246491489 0.307878026990461 0.100327755711899 0.0777997024883284 0.0706949494077754 0.0651548868940485 0.0680861807598783 0.0643097482821112 0.0520024320743597 0.0418144279837385 0.0364615128947379 0.0232959078416172 0.0219796783580919
0.163822322587737 0.191548803980147 0.252175286736315 0.312774083741521 0.148073339625936 0.109984565176474 0.0981351307851249 0.0965791334322613 0.0979464057259225 0.0874560185855226 0.0718163822741884 0.0582725448908687 0.0524576293206609 0.0373486193606738 0.031239737122731
0.127333261689961 0.184092029448307 0.229850150079164 0.229526764799385 0.104133898925275 0.0817611268831059 0.0788443644929318 0.0762541366629193 0.0770863396342006 0.0720576134147867 0.055642099913744 0.0468764092792271 0.0411850039459456 0.0262766546280225 0.0240617873365061
0.144946981940506 0.176219263143863 0.218194872862074 0.280393803051509 0.120123455391712 0.0975257882578324 0.0893472352100209 0.085668318750975 0.0892521379314952 0.0799677963024939 0.0658715615765921 0.0531262639252546 0.0468000011087838 0.0313375625043263 0.0274058823529173
0.12972843872428 0.154761090390458 0.225007637410147 0.217725447822892 0.0938156248222665 0.078235800798935 0.0707092661295571 0.068403103862614 0.0705737842043135 0.0617630812235798 0.051942124784064 0.0411382957653015 0.0371925331849143 0.0244184618869267 0.0233018985111689
0.154998484658771 0.205383457671986 0.292533142966498 0.367245650302668 0.12639257708383 0.110835331353388 0.0951679265907624 0.0931304660277315 0.0940989174043061 0.088987005195383 0.0713679712443292 0.0573799433055881 0.0507755786714581 0.0357947278045985 0.0310354377323882
0.0513662101709224 0.0661160601556489 0.09637689697024 0.131739392830085 0.0545973893339396 0.0397167582921384 0.0376562346529405 0.0346585851193214 0.0379322699170439 0.0342319027106402 0.0281700101094504 0.0231171665902736 0.0192576707517951 0.0132016027643843 0.0118803943470686
0.0555851140821534 0.0701789846335164 0.0902641440887558 0.151888626075298 0.053591671323726 0.0423050271003993 0.0360296963486649 0.0354274418442846 0.0380514189408909 0.0345888760339822 0.0293017771315753 0.0241458207182291 0.0203400963577185 0.0128975234422661 0.0127562179797874
0.139469294147898 0.173192661304356 0.210624586047899 0.271193036860233 0.121071733454262 0.100229144583404 0.0924327615685898 0.0829669223397348 0.0884112714995961 0.0855225862302886 0.0658800651359877 0.0526099820071796 0.0488970440658715 0.0325706419215834 0.028426139154719
0.148185113052915 0.177088271782442 0.269245722409706 0.322506636520376 0.141128074585434 0.112898194003325 0.0993786865097261 0.092185721266178 0.09789923007983 0.0953579395232499 0.0745124885371096 0.0649273950723617 0.0512189085954643 0.0362272963789629 0.0317458367846877
0.0386212530902023 0.0472150760264432 0.0819791582763302 0.125830465936182 0.0457020101515321 0.0337364256481269 0.0283771202131614 0.026140460918429 0.0284661515286286 0.0296666464143459 0.0227632239391344 0.0168928021619981 0.0151202857225435 0.0102813131604769 0.00923010373636188
0.111224833339513 0.128492718286885 0.191733200464839 0.276286571074731 0.105122059335817 0.0792805107545915 0.0690655083377462 0.0649817173731429 0.0665778735343652 0.0636113772635305 0.0499779900328203 0.0408986545269636 0.0362279335229685 0.0236327056013476 0.0226877826857694
0.137030477140608 0.170727259541298 0.267045453975558 0.274750161101143 0.117895467743278 0.0925743884559922 0.0874908141098201 0.0829733021991315 0.0836752730022318 0.0755049318021774 0.0660902767874533 0.0504163038659527 0.0444284299076212 0.031776904424738 0.0260076143341873
0.122527503642799 0.169843220885154 0.228539534377464 0.353067528339944 0.121428027475314 0.0960672152485506 0.0881022965616462 0.0818246626043079 0.0848777068170232 0.0797581700176767 0.0635070699756636 0.0525983964322313 0.0441145163525244 0.0307923504691248 0.0277236573010976
0.16649849349428 0.20978632244888 0.232349211500231 0.276117476481772 0.110545245772857 0.0902349629630185 0.093111132995267 0.0892685817463206 0.0878725490326001 0.0775785697878309 0.0645004299203023 0.053388511568211 0.0477681514061566 0.0309197619646788 0.0278811820480824
0.0902518734145023 0.115265788996671 0.194650123124607 0.258445572742175 0.0881287766377913 0.0682180722193378 0.0609123715528032 0.0627929803258853 0.0619961660850455 0.059984374236987 0.0464005277244735 0.0355819305460406 0.0325323698544215 0.0208414781337987 0.0197000233741475
0.104241366102988 0.124985357411428 0.168989427223425 0.313654113222656 0.108140529711863 0.083976975789713 0.072819437969594 0.0687070413008427 0.0688460814063289 0.0673645526519619 0.0567535963555571 0.0457982506868176 0.0368738263632089 0.0241221069460382 0.0227381558022685
0.127125644055888 0.16460245551995 0.186016400212593 0.251404984543324 0.106710973459879 0.0875299950812333 0.0816828610695436 0.078654892587555 0.0792297113687638 0.0707380486093932 0.0605692185900315 0.0482672202195178 0.0436546699077695 0.0284317852758314 0.0259727404085528
0.134679125344137 0.203941918715417 0.227569165719626 0.250761470351963 0.106374959409424 0.0857825561041632 0.0845496861381179 0.0805639095091207 0.0836985109881618 0.073113676734723 0.0573439935339496 0.0486000165197457 0.0456694424454469 0.0280878865789214 0.0264437391206509
0.154738611121774 0.217792667074894 0.321387001456698 0.377771709833108 0.140141937420661 0.112141562329329 0.101785050987427 0.0990773803062406 0.105766488385012 0.0928336977520237 0.080734773518592 0.0620242364374417 0.0535372433733957 0.0356445904754827 0.0320449021198891
0.135707748673928 0.173388200968486 0.239752082026008 0.259635550633757 0.120361529432324 0.0927337175706714 0.0887254850236581 0.084810569204624 0.0863749065458564 0.0810837631351933 0.0669905021331272 0.0548185398670527 0.0472678773411412 0.0313889945004255 0.0292488037977958
0.0941139211397682 0.118522391352411 0.162377180909185 0.232218447214263 0.090987563093885 0.073773073803838 0.0580342668981462 0.0609728433435902 0.0624141716228684 0.0571639850334155 0.0462479939270955 0.0380164796402086 0.0343423169702214 0.0206743383152638 0.0206013010784044
0.16163258117717 0.20630366981888 0.235895342514198 0.421990440274169 0.135968194979665 0.112124291533067 0.0994722859531117 0.0955355441702662 0.101608215608675 0.0924325074981318 0.0780064971266877 0.0583055218368697 0.0526463237362171 0.036883204148982 0.0335897401551711
0.0639104453242942 0.0800927305290296 0.124224141371231 0.143897004380844 0.067675186983014 0.0479097279032995 0.0437632544187999 0.0418291900541842 0.0437551328728353 0.0419444159150109 0.0335711321593518 0.0268359796798813 0.0246144257593788 0.0160788208213817 0.0146783781210991
0.161730478419999 0.196639156604705 0.257147046106584 0.332674332471709 0.151145630716302 0.116959330333689 0.105109552319193 0.100593759436877 0.107863225248563 0.0948699764054773 0.0787402312922645 0.0626473577913064 0.0547701479997907 0.0395002257260805 0.0357769313052675
0.163693931410992 0.202956753122966 0.289416804098312 0.330614681669885 0.125095060108028 0.0981132844070378 0.0930534096289865 0.0934193879247212 0.0915909373659047 0.083914167375852 0.0713128785937853 0.0536667038804404 0.0512849218263252 0.0323404909129778 0.0317061175279229
0.124311277812246 0.150684064358655 0.207833598350859 0.308916075060262 0.117525921322537 0.0855624367025738 0.0781213559239511 0.0733599605643006 0.0808955518054612 0.0747337008040258 0.0588376536226316 0.0474341803266803 0.0425089940604415 0.0282871488289777 0.0251770064057252
0.0943308850588202 0.117317192257179 0.160970675124879 0.196804684549341 0.0903882389793866 0.0725045354808519 0.0698134098614474 0.0588630684431886 0.0626111305563908 0.057619394936405 0.0481968785689128 0.0375199579948188 0.0334876193011397 0.0222263899133318 0.0206897642816264
0.0565992494075665 0.0700955301296786 0.116741701908168 0.159365591276729 0.0591515201833864 0.0444545502932431 0.0373150551664025 0.038658074962914 0.0383352675778643 0.0376217708235391 0.0291667104381548 0.0236471358825599 0.0204141773997845 0.0134675970588524 0.0128725809749198
0.10371641200405 0.133441290058552 0.166643929760913 0.228154415137717 0.103407223409214 0.0774993118121228 0.0709804489340802 0.0663347149758999 0.068132632527688 0.069332147599658 0.0514321050720621 0.044310899436995 0.0381134331780277 0.0263975504919736 0.0222681253548112
0.12907585367644 0.175183949525215 0.236486396626708 0.292497093561965 0.12996973987739 0.097997253873191 0.0916552185650192 0.0864695433723896 0.0876213025584503 0.0817607358676208 0.0646946778782887 0.0513126407862707 0.0475979548204522 0.0310170631931039 0.0298972504164501
0.187899181587202 0.228282142067249 0.308172939284315 0.430514893799813 0.173297848411322 0.134178157043917 0.12362122869537 0.115709694485206 0.119411638183971 0.106891240621381 0.0922396620630577 0.0718727111515524 0.0619503809318789 0.0420001130804693 0.0384918851335211
0.103969733743271 0.129900773291511 0.174371411839518 0.212531666155648 0.09471187621589 0.0771341470637202 0.0671978716217844 0.069503510243861 0.0720965420292037 0.0628282951873247 0.0511582652030667 0.0412916308024513 0.0392073337996113 0.0253542828697825 0.021997403354231
0.14649761164761 0.201689016111368 0.256278568496892 0.268334399965999 0.119005593393646 0.095807872404481 0.0922083729865101 0.0860135015466864 0.0932789843746148 0.0779190340228459 0.0647685794801812 0.0559198555384053 0.0465623586277594 0.031268945167604 0.030479296395533
0.0846328930010695 0.106421372323954 0.152092480879631 0.199256547595597 0.0838350417280611 0.0672941726462644 0.0595779382870643 0.0553467070963718 0.0594156804605335 0.0563385233287201 0.0456321091110936 0.0369378242996801 0.030351136017194 0.0198540990257931 0.0191935492397262
0.0797624922440334 0.0993702278824967 0.14139434264712 0.157109154104513 0.0710631370382213 0.0563688376665258 0.0520101476591237 0.0493920427629877 0.0520548280389946 0.0457263062357136 0.0368135525030545 0.0303814096526274 0.0271281009072896 0.0176083802997958 0.0164242600927432
0.184255362175651 0.216937477753724 0.27990916258597 0.407099111792522 0.156885079002591 0.125639020285041 0.118153678100055 0.105613508249093 0.104640804054368 0.102210056683375 0.0810698463591276 0.0676838357864974 0.0564933240315536 0.0373344198940879 0.0351853471558078
0.161576147295906 0.217539390364825 0.239039380108174 0.303658139164782 0.131787648473197 0.108774624830399 0.108691690074731 0.0938317372069982 0.0980749148689914 0.0920912791025549 0.072341428946958 0.062107159548459 0.0550350323544592 0.0335048523497735 0.032212085837519
0.0976893010902735 0.122594202778203 0.154511273428386 0.252561051477503 0.0871573151340179 0.0679146197857701 0.061990137187661 0.0601877119618534 0.0604930467036569 0.0569230160777984 0.0465107633234828 0.0367759615798536 0.0331211504282478 0.0217178278274478 0.0205171566740032
0.0864693557023178 0.112115001402752 0.193929458401183 0.218828204583039 0.0947306711368954 0.0712828983796558 0.061309994010485 0.0582967912357413 0.062343015182178 0.0574032818135395 0.0481847603072563 0.0373924155487684 0.0331505770447302 0.02185640367377 0.0210985274055954
0.0930296595076205 0.120092963485429 0.159021032551907 0.190028342902591 0.082243211894575 0.0664451853299647 0.059946535925097 0.0587356383941106 0.0607528607405354 0.0548924851782497 0.0443571652607896 0.0377979361521042 0.0317916518420483 0.0217981362764647 0.0200151775852958
0.253804458688212 0.321975752545637 0.344218023749897 0.344592646562914 0.162948553093615 0.136797963421229 0.135581014987719 0.129331169714469 0.129483434917234 0.111171268502344 0.0971154353793057 0.0769870750840917 0.0735481548927947 0.0468487787904937 0.044383834628203
0.119607299795826 0.159543677830748 0.196828897957821 0.290963914409933 0.128370475394587 0.0977674621627314 0.0860051706570247 0.0805747310855467 0.0880802219721792 0.0797120502131372 0.0662008529356993 0.0522206111747841 0.0438081587670542 0.028757566244098 0.0294931105928051
0.131579539839312 0.169142535077891 0.249492263208882 0.290247326790413 0.129313512305185 0.0991592148618558 0.0861668955403247 0.083136773740633 0.0865759571648953 0.080449393105067 0.067535010821694 0.0529133408270509 0.0449749384331396 0.0313395383250649 0.0275389819545811
0.190414428945795 0.251548713953294 0.293015043720239 0.560480703699788 0.205801060428928 0.141961607007439 0.131544298578683 0.126922984021887 0.128211756483085 0.121837424125968 0.0977772372743987 0.0792411205180392 0.0683606591086037 0.0449296776216474 0.0420606316803738
