95.8682095290078 99.3655070927463 98.6972347644153 98.8342751071808 99.1073041342397 99.2891513193341 99.3505837707921 99.3012313020204 99.2805731921367 99.230141895751 99.2126326858849 99.2533028345097 99.2009364690059 99.1526085010646 99.2958235532345
95.4594158256605 99.3071209757471 98.065429354051 98.2866116580295 99.1916791063655 99.4341387596824 99.5192159274087 99.5362314890412 99.5147459897876 99.5362607455363 99.604183670116 99.6631022755623 99.7149292225207 99.7890991061573 99.8045179249321
96.3927495029137 99.3513369028974 98.3012749737658 98.2539937920069 99.1098024156349 99.4100825257158 99.5112230310597 99.5384786694796 99.5246086108325 99.5481281031777 99.6167776505266 99.7019073202125 99.7446924800595 99.8114203465643 99.8362258317323
95.2725555952407 99.1935091955493 97.8016282924227 97.8177190430786 98.92589458635 99.2759749340102 99.3638105767206 99.4049288826348 99.3925632282604 99.3847515517033 99.5075024135283 99.5998133696372 99.6548341941776 99.7386653915389 99.7711820018221
95.3560040571907 99.2708562339877 98.6965332933425 98.6342884256422 99.3449243948936 99.5470719243871 99.6048527031134 99.6010793614305 99.6099367141952 99.6452174298833 99.6960491432093 99.7543608530091 99.7868310491289 99.8379886701113 99.8605927469909
95.4896301377157 99.2000517180984 98.5907468997841 98.4419224521314 99.1408086651429 99.4174798940437 99.4796406445388 99.4937784321683 99.4737166016355 99.5186644381862 99.5797973725958 99.6516775537745 99.6826707380352 99.7512670486569 99.7712165393527
94.8462995905324 99.2475236601864 98.5032312942799 98.6643746982035 99.3261779882638 99.5627096278196 99.6165364289455 99.6307715318099 99.623503733953 99.638681667174 99.7064748423324 99.7601223026043 99.7895113504781 99.8445105324458 99.8594726520828
94.6915260226693 99.0928801872337 98.4984266571535 98.3418540392672 99.0259477482933 99.3292891550719 99.3955211256875 99.4149214677105 99.4053822126375 99.4500236717317 99.5296514790858 99.5932136258164 99.6497369668081 99.74840109694 99.7653444169573
94.3795651560822 98.9561575132126 98.6990971362758 98.7565465862135 99.3212612669679 99.5039201418265 99.5182873083049 99.5410110606871 99.5628062529434 99.5994910590184 99.6525568391264 99.7199249048746 99.7353153291284 99.799651762841 99.8307524628588
94.9902848679079 99.2469694898429 98.7742284375125 98.8995631145627 99.4398545371583 99.6017756634925 99.6259747165907 99.6546227254299 99.6410683217596 99.678151363059 99.718245184048 99.7660931891335 99.7895815703009 99.8425395787053 99.8617135204014
94.6164489266012 99.2199426609303 98.3370369624228 98.3097570298408 99.1983634702505 99.4880512615657 99.5654519264712 99.5989897494709 99.5869306187312 99.5815453446877 99.6393861787768 99.7135484859438 99.7558561497375 99.820912015467 99.8348535552768
95.5496255158949 99.3513638539391 98.703415420883 98.6858206315854 99.3840126885414 99.5968388429336 99.6642731083678 99.6808810079101 99.6792589304921 99.6846906877244 99.7436079318978 99.7871296233494 99.8124563125978 99.86423035268 99.8809747595558
95.8413267626845 99.3268652169958 98.7154216725576 98.5516145031894 99.2902840259744 99.5252696616223 99.5902847090645 99.6239777578832 99.593167509824 99.6066008552606 99.6814681058408 99.7374402096122 99.7755994820473 99.8327385799229 99.8571191598348
95.1572287076063 99.1169200415704 98.2119643977713 97.5239126474594 98.7768167721465 99.2292836477892 99.3641028089822 99.4285901599397 99.4099936284708 99.4279635948032 99.5152111755176 99.611509340398 99.665111383759 99.7563609984451 99.7995212733302
94.8569603977346 99.065467928587 98.6049786728652 98.5497480526759 99.1822071566281 99.4322927467113 99.4978587741612 99.5089603218417 99.5153951895236 99.5472021833805 99.6028404327787 99.6679889186018 99.697179622806 99.7705697153286 99.8070194391266
95.3056321703285 99.2357307395228 98.5699403493058 97.8914752350494 99.0572254215671 99.4181447360974 99.5084001683621 99.5328459578294 99.5172953042337 99.5239607770728 99.6042524901611 99.6748404314406 99.7230037165091 99.7936121638043 99.8214784910794
95.5552490617807 99.2889693967614 97.8760075502725 97.9342433227457 99.0194947290387 99.3551051146104 99.4754699950349 99.5177394793304 99.478873147745 99.4984058500131 99.5752569206963 99.6572881554571 99.7026053769528 99.7820076221391 99.8030969701512
95.1416989417111 99.1412339064369 98.2008613234165 98.0686888545707 98.9651531535175 99.2765172606548 99.3476513058593 99.4013220175946 99.3729640191978 99.4050885370326 99.4815637305799 99.5820291083961 99.6257470736508 99.7273428023546 99.7452587465568
94.5657207482915 99.126732077098 98.2596971953926 98.2960855157318 99.0932287137099 99.3886868044522 99.479847398161 99.4946329730105 99.4943875792515 99.5306968417649 99.6023137085964 99.678965162821 99.7161885183665 99.7906102665922 99.8255770371075
95.223514250543 99.2125420395641 98.1670277680222 97.9726746416892 98.9901568952297 99.3535223284433 99.4759431012549 99.50284942789 99.4732731660081 99.5089959862973 99.5844127582774 99.6518126162712 99.7095552097193 99.7893794362112 99.8150388095632
95.4383558742015 99.2521953935287 98.8426673182183 98.5294159336763 99.322995078275 99.5400545006943 99.6132264079186 99.627679028774 99.6222052649502 99.6377107268653 99.7012776515293 99.7468787833409 99.7764495771845 99.8455378120961 99.8661454943053
95.4218720460794 99.2063311546215 98.3060727687224 97.9548030511176 99.0361583102009 99.3926998260942 99.4627302727834 99.5080220530998 99.4949871308524 99.515806795193 99.5902186458049 99.6688307167526 99.7198508463902 99.7906189013373 99.8151582937365
94.9984632047416 99.0363243717478 98.4014457662289 98.1315640100307 99.0514910771827 99.3561608718183 99.4072172536783 99.4693142028674 99.4682065988551 99.5056871383394 99.5677807054977 99.6334609955408 99.6916571481981 99.7674820704914 99.7944297079864
95.0984079503579 99.1629838517761 98.3167619269031 97.6559069988681 98.8540039206044 99.2584205832021 99.3805670914131 99.4171851652461 99.4054230985627 99.4603111515196 99.5440829607813 99.638950268064 99.6982087754429 99.7808517206547 99.8070843972396
95.6095442843135 99.2938740996921 98.6986987461894 98.7537335187734 99.3146599078292 99.536635007509 99.5664258166037 99.6041634967118 99.6049743399783 99.6337830785924 99.685490144732 99.7454685467947 99.7708415234063 99.8323882422132 99.8584692933848
94.7278958049934 99.1692519596451 98.7960609108239 98.8184703059418 99.4142367585533 99.5945789314785 99.6290534631851 99.6485558019315 99.642546829639 99.6636576589619 99.7275429145198 99.7705449014527 99.8009634343416 99.8475690622543 99.8684516625589
95.296613381729 99.2003531744359 98.2013436718374 98.3466747890305 99.1254874355131 99.394338504923 99.4579070922248 99.4969945422572 99.4910483675041 99.4984714155256 99.5900710615875 99.6609980551471 99.7062670323773 99.7815556731951 99.8080984345411
94.6159059128469 99.0723178897263 98.4040349741688 98.270425207826 99.0847324951458 99.3619811856205 99.4273635059811 99.4758475752216 99.4677201579866 99.4983573922654 99.5771162071502 99.6415100970709 99.6943333471136 99.7693942773856 99.7968917998818
95.7663841518011 99.3108718445285 98.5879246003351 98.0440763217097 99.1286883044357 99.4271233988883 99.5361660031107 99.5690074261582 99.5624194206079 99.5724015708754 99.6472792541677 99.6983381280994 99.7454139815375 99.816494056349 99.8412904098506
95.7401888515296 99.2985446305352 98.5109523140961 98.4494601715699 99.215632843515 99.4884157165485 99.564646171412 99.5946961404153 99.5927158414015 99.604789262752 99.6621141724481 99.7162514828317 99.7614511503377 99.8207873044251 99.8386596332377
95.4046665336807 99.2189973252249 98.9023603031671 98.9493845009663 99.4542544947822 99.6021939496081 99.614615880246 99.6250205128387 99.6082478576266 99.6443141274213 99.6892185429139 99.7305870033392 99.7589688282122 99.8161529084529 99.8305331626291
95.2880846130002 99.2150315373542 98.4247951707297 98.3287612658838 99.0710537479708 99.3206517087148 99.4199402387859 99.4760017997772 99.4539563863129 99.4727480495676 99.5426742477388 99.6316376546126 99.6777936551093 99.763538049578 99.7873483089414
95.8176319682596 99.2954481719406 98.3657122137099 98.4811106786032 99.2092951652133 99.4610133301815 99.5379988383161 99.563551493682 99.5554561839919 99.5824137330461 99.6435638112762 99.7073486640142 99.7551751206544 99.8208436853564 99.8336296771682
94.7050989739313 99.0424717844549 98.2751473444496 98.0467399977061 98.9797882160927 99.3106410425661 99.3901991880873 99.4095043645335 99.425343707683 99.4538190819845 99.5209544141264 99.6140456536317 99.6532607464646 99.737644644296 99.7801221685903
95.8616265209878 99.2402481597301 98.4258149099787 98.2376652531458 99.0410501320524 99.3108525438301 99.4102596452044 99.4523123696696 99.448375824328 99.4701030086425 99.5489953842503 99.6320789552041 99.6730353488583 99.7638955186111 99.794350415913
95.7758742088261 99.2389500628543 98.4553510856397 98.4760141961721 99.1674970057822 99.4023680839395 99.4528567921783 99.4907251511987 99.4885515988375 99.5046288011806 99.5776788352576 99.6491910405582 99.6832380279318 99.7716946092279 99.7983177180248
95.2301572392066 99.2007617841207 98.2263598988348 98.0954758466728 99.026085970751 99.3331285683749 99.4339189842964 99.4716365379021 99.4429644861669 99.4584373495734 99.5339933197716 99.6146653502246 99.662813511802 99.7468725508126 99.7748722462411
94.8730819781175 99.2449767385667 98.2076790712656 98.3767781809474 99.2608219718871 99.5295162312935 99.6063329251124 99.6190480499103 99.6025322409313 99.6328843766107 99.6963550964894 99.7540551588082 99.7927461235683 99.846351999485 99.8686746255413
94.925003261547 99.167073992374 98.5582981315533 98.5378041340254 99.223874419597 99.4419324340984 99.510500101314 99.5084908657477 99.5040238978227 99.5372437071164 99.6010462430786 99.6672015013419 99.6996207544029 99.7800794092405 99.8073447486195
95.816104973268 99.211043341974 98.3600099571865 97.8380822170191 98.941703339895 99.2898571182076 99.4233668056827 99.4521848856174 99.4480043963015 99.4565004502425 99.5498715284089 99.6382869930938 99.6798593540671 99.7725274247068 99.7948824991126
95.0982499347331 99.2769171483739 98.473114027885 98.3049711243808 99.2434150353433 99.5100137658362 99.5925750268658 99.6229268572056 99.6200007698844 99.6308369172792 99.6897447306202 99.7423616778494 99.7831077267919 99.8377784108502 99.8600041489963
94.7650671533746 99.1003162739786 98.147946720264 98.2834973932279 99.0492044413025 99.2984459664222 99.395261405307 99.4045973568308 99.4063964616467 99.4435936060888 99.5130834698579 99.6133826998225 99.6562308253473 99.7362370583141 99.7578720597096
94.8893220198198 99.0728536802987 98.2744686275032 98.1447394187876 98.9931756511443 99.2715575614355 99.3499587741942 99.402487869207 99.3807971723144 99.4242049174014 99.4827499278991 99.5696561572725 99.6253113605613 99.7095681665412 99.7474409921036
95.6140661405783 99.3309018268138 98.6505132290005 98.3372406158828 99.2614700868202 99.5346988069095 99.6291419742325 99.6606013240608 99.6355308465614 99.6670317422378 99.7204113756728 99.7741822585927 99.8089269554857 99.8615997203092 99.870785476722
94.7465348043917 99.2203822615557 98.4524792159601 98.3552640074564 99.2116157258971 99.4604782954042 99.555587061078 99.5856304567228 99.5601385840067 99.5808728234976 99.6526280707441 99.7121446253427 99.7542460208135 99.8196824843065 99.8440296459926
95.1171676977026 99.3291107067187 98.7192990850153 98.7088498703744 99.4247007718793 99.6265937173295 99.6986630156786 99.7078435820735 99.7058639066012 99.7244001545267 99.7720583831881 99.8143553674581 99.8440358914504 99.8826518857662 99.8984714310903
95.9169384365047 99.2822228140016 98.4571500579078 98.4593371631215 99.1966287255982 99.463374305111 99.5222712061114 99.5354653222561 99.5312766507474 99.5525880035289 99.633722706854 99.6967459707571 99.7401709662581 99.8182780669933 99.8407323565621
94.9450774830204 99.0719276352962 98.3829847859741 98.1429358156399 99.0169593342081 99.3276226983418 99.4075549635887 99.4361064159347 99.4242572587086 99.4632595820215 99.5291063337785 99.6215648883457 99.6705786938311 99.7603940710067 99.7915765274842
95.4865873158543 99.2062963851022 98.0437839820161 98.0281608828023 99.0426525430171 99.3766941866656 99.4657120559599 99.4943437472927 99.4879672175059 99.5013967798884 99.5919349548167 99.6736350133714 99.7249679433464 99.7946635632375 99.8211012912937
95.2132465293228 99.1896841016954 98.4021000989094 98.2122166309572 99.0721756744567 99.3511927301341 99.4296271499586 99.4727058244373 99.4559776250517 99.5025783216055 99.5728845607043 99.655201735677 99.6956569901465 99.7671335203146 99.7992453996075
95.2123519893744 99.1306924975497 98.5887114221562 98.5442560179237 99.1906072359723 99.4236912641751 99.501194563018 99.5219794845102 99.5137277496758 99.545775687319 99.6037584482153 99.6630000833059 99.6958094154079 99.7754073789753 99.807462777157
95.484988505374 99.2455356245393 98.7386347350742 98.8772675108992 99.4525936954214 99.6130033480554 99.6500913598571 99.6441891862128 99.6382449684766 99.668249225938 99.7235602984287 99.7749714894739 99.7977707757769 99.8511181451774 99.8678632360078
95.0168691933684 99.0644965637376 98.3064763909317 98.2088261976495 98.9574378219485 99.2773565289483 99.3729033911651 99.381481589638 99.3801817648738 99.4137343368994 99.4974773444597 99.5851572939682 99.6320946557921 99.7235326064042 99.7362850515061
95.6566192931377 99.224527162563 97.7151554487435 97.9665647555227 98.9105455728198 99.2348941872949 99.3341020990353 99.3505260637857 99.3494295018318 99.396468655838 99.4874522009548 99.5722440651093 99.6254638972911 99.7140213479392 99.7365157345748
96.3109271146196 99.4000909845225 98.8206391084052 98.3379553712535 99.3007561780892 99.5753821464341 99.6586848331229 99.66123746517 99.6537630696721 99.668742251683 99.7248564491612 99.7741815576742 99.8036191114585 99.8628437515136 99.878138279431
95.6364905013971 99.2590625678702 98.5861612760167 98.756592195861 99.3526289929643 99.5438078719381 99.5736957857458 99.6009479145301 99.5927365165207 99.6251632860219 99.6840257376979 99.7441092033662 99.7809592215546 99.84071674227 99.8591374161694
95.932530823176 99.3922049507992 98.842764120632 98.9022287331786 99.4658804411878 99.6379416464629 99.6612270148981 99.6839816162989 99.6905976139531 99.7212948115604 99.7623189922854 99.8066821024221 99.8223762805155 99.8719418170567 99.8921927301254
95.3627148856897 99.1730556591371 98.6476645668501 98.8701685197409 99.3884575747839 99.5382346315818 99.5876154855369 99.5972730128867 99.5800418286381 99.6116420283227 99.6705791449991 99.7263822810613 99.7454722007774 99.8047020561384 99.8288408115451
94.8546244264291 99.1833168089238 98.5563169690521 98.388142706892 99.2593398146294 99.5101236754004 99.5814075414165 99.5968007739022 99.5859842609859 99.6086651536889 99.6784671084754 99.7426326139995 99.773480523958 99.8291530734565 99.8533448159428
94.8452197467462 99.1516837037859 98.5819234404139 98.248699828183 99.141494790067 99.4453408570708 99.5154308062385 99.5441906121124 99.5349499519817 99.5492884738508 99.6273271655774 99.6844248061629 99.7075468819442 99.7899136998691 99.8169037317756
94.477709600141 99.1597264230723 98.8291881576229 98.9943259842533 99.4533908907564 99.6144491219377 99.6484869234573 99.653327646021 99.6555185698339 99.6829631456317 99.7199352344405 99.7613771290782 99.7803194448657 99.8333021461632 99.8563097597661
95.1210911366627 99.1112471410704 98.4592994299673 98.3858049506999 99.0953281964324 99.3190033688343 99.4087995498603 99.4406636339598 99.4460645882201 99.4458841491508 99.5340370187576 99.6155875323673 99.6514187111375 99.7406328556283 99.7560445368363
95.6733256458854 99.2610190729549 98.688086313207 98.5050905773287 99.3112806155776 99.5631049407002 99.6138001687339 99.6438352652368 99.6125488704762 99.6498420722844 99.700936122717 99.76090696467 99.7947885351041 99.8468797191371 99.8653435014464
95.14735411578 99.2045095164933 98.4073638013818 98.3369281636566 99.1920094070405 99.4694397163554 99.5386014177196 99.5663833419168 99.5576061350254 99.5730561600033 99.6394740888084 99.7024916880475 99.7437597687376 99.806173116459 99.8256704164167
94.4466384285841 98.9729522351845 98.2410390112201 97.9454550685566 98.9815405606466 99.3155048982583 99.4159654848613 99.4389209721817 99.4443429129582 99.4780526201406 99.5547106934572 99.6326919181664 99.686456269269 99.7650701235309 99.7939552184564
95.8316933949066 99.3527913895883 98.1783978905783 98.1004473086925 99.1036656134101 99.414614847459 99.4654278424595 99.508408454926 99.4941142072126 99.5105891114541 99.5930361823914 99.6686402000682 99.7188667287185 99.790667279303 99.8034779523305
95.7613866545082 99.3517057786188 98.1868495851284 98.3996172143968 99.1866203627484 99.4766261478567 99.5572485911925 99.5938119124998 99.5803338569604 99.6075557940373 99.670521212316 99.7257893799309 99.7667684931797 99.830281862922 99.8515337447938
94.1185750025025 99.093380902373 98.3760811328415 98.5128541975556 99.2045938206606 99.4284463411902 99.4742735480748 99.5028161764654 99.4880489728408 99.5089678815826 99.5854828525261 99.6633370122306 99.6981262066902 99.7774950167869 99.7991029234872
94.8883304217637 99.1362941810187 98.4012592351635 98.3826946778045 99.1167783687596 99.3789283594589 99.4542483808307 99.4800485586508 99.4766424270629 99.5050486201138 99.5706963007077 99.6506105645822 99.6981470892657 99.768055253603 99.7964503271227
95.5469070704466 99.282654036043 97.9485185365065 97.8997901134877 98.957549926038 99.3138081579976 99.4586551836607 99.4860262571075 99.4517893626319 99.4735980016144 99.5651646368063 99.6404086328183 99.6892126975295 99.7615830833347 99.8014090372552
95.8787493529794 99.3470046879098 98.7793204702693 98.7515091581676 99.383941612423 99.576382797635 99.6365152993858 99.6605810241763 99.6492435583214 99.6746032661737 99.7209023268694 99.7783442366986 99.807539696309 99.856383698579 99.8754406361846
95.6793087217872 99.2523642849442 98.5815241969599 98.2138085049153 99.139641170474 99.4583919720407 99.5504571204673 99.5660371052868 99.5621798992493 99.5858089410278 99.6419744924428 99.708495704555 99.7455318768405 99.8208221145437 99.8408103992171
95.4347717805383 99.2129543388051 98.2738745094058 98.1326640366779 99.0538153445284 99.342088425619 99.4476155247434 99.4735313651826 99.4720830439692 99.5008894368162 99.5768756716814 99.656189653509 99.700447194038 99.7863861598136 99.8085386204693
95.4423303590505 99.288792027356 98.381362829706 97.9110063825156 99.016072357182 99.348907018056 99.4760868746569 99.502512773599 99.4879578736789 99.4815219281616 99.593505036757 99.6814552092858 99.7191631374768 99.7963935902667 99.8209853227714
95.9336098964949 99.3217341717457 98.1685530573135 98.1775840610506 99.1144040052895 99.4155416187775 99.5253045588649 99.5260783614219 99.5193069102464 99.5533454328134 99.6330109231801 99.6990896125936 99.7430860703668 99.8116439359483 99.8249096061423
95.8696521192486 99.3628156372066 98.610024421128 98.6223148430286 99.3490704976944 99.5753979539459 99.647839201479 99.674741429229 99.6649004984768 99.678402356397 99.7324011216475 99.7849453813704 99.8176488028272 99.8617446695093 99.8727828014427
95.5094774143094 99.3918632856692 98.3058330367166 98.3063826595953 99.2437207646228 99.5394548749203 99.6265182556883 99.6552462432784 99.6526441206266 99.6729697845759 99.7233340210071 99.7841071789479 99.8171983901508 99.8704745363744 99.8810776529132
95.0261099574617 99.2159295844794 98.7519715588012 98.8854692967509 99.4323994045774 99.6041816398489 99.6342493507033 99.6474872256542 99.6457622204756 99.6709266581341 99.7203633327181 99.7659239878483 99.7917665174198 99.8423243713728 99.8589419931426
94.002239616477 99.0510057948453 98.4352390616504 98.4931556286554 99.176060993866 99.425090753386 99.4884144807415 99.4916289938554 99.4858997942649 99.507752787888 99.5862040314371 99.6587641958458 99.6942279475478 99.7653511973083 99.7993484549765
95.2291042521939 99.1600487434532 98.2893442899535 98.1908549661759 99.0443495319577 99.348300127047 99.4302557694394 99.4710785142181 99.4441497805368 99.486325820186 99.5520350021597 99.6183147166306 99.6831064980432 99.7618782513584 99.7956325646414
94.5841513192992 99.090791517034 98.3772416357594 98.4620505713672 99.1601093935586 99.4018413692019 99.4636318262213 99.4807282391377 99.4776103602464 99.498371584545 99.5927140303235 99.6654960922835 99.6971643925394 99.7791143548016 99.8058602442248
95.2703326196896 99.2914932071833 98.0518282095199 98.106432775255 98.961230678518 99.2680376687702 99.3818541852773 99.4356737357176 99.4149906104467 99.4327485978897 99.5196067044471 99.5967654327979 99.6581983158509 99.7522306934245 99.7722477449214
95.1027147785978 99.2048367290254 98.5326883950393 98.4981399040712 99.2353229492997 99.4745115385206 99.5131194998622 99.5421199040183 99.5210444354876 99.5610843784761 99.6034103176289 99.6783125259732 99.7172599064141 99.7825011269083 99.8130997711407
95.5903551567593 99.2584273348612 98.3582978418651 97.9104923826026 99.0415115858539 99.3865887105196 99.4921978678937 99.5275658962392 99.5091359015391 99.5021425674274 99.5935870323348 99.6552304571603 99.7019799281698 99.784959205476 99.8044166537353
94.7612894833035 99.2194405612812 97.9920640879446 97.944009255787 98.9596047328013 99.3005398684033 99.4131519072813 99.4480894752783 99.4185770620636 99.4573990406113 99.538925369914 99.6230367526416 99.6673429676178 99.738854551531 99.7721817011581
96.1367363186337 99.3709994472837 98.5779645537103 98.3087894312099 99.1888460860299 99.4796083615772 99.5467458662795 99.565443644555 99.553930301441 99.5652501098344 99.6403797894707 99.7108286908519 99.7539415625001 99.8192845620131 99.8398076121787
95.8392233512113 99.2865154805261 98.5931597210221 98.5082412974443 99.2777131713471 99.5032737385839 99.5568256671035 99.5666667863303 99.5669352466507 99.598286124486 99.6530855167323 99.7176372963386 99.7475729978905 99.8128596267285 99.8315098276973
95.5057825417992 99.3032683577869 98.364497409931 98.3732803028024 99.264621924994 99.5432396522202 99.6311492418287 99.6587200001152 99.6544809136975 99.666779915668 99.7245841464521 99.7614059430571 99.8036012769527 99.8596715802267 99.8758110744215
94.085031065176 99.0176518679407 98.2582547447977 98.1804168180823 98.9919865437896 99.284410229255 99.3853078050842 99.3861024314131 99.3824457254504 99.4196169314134 99.5018029615814 99.5794113047558 99.624156036802 99.7100719091177 99.7387924794311
95.5094166795108 99.3261207768434 98.7933145973377 98.7945526819661 99.4018908743946 99.5626532478744 99.6197664291985 99.6440728938127 99.6267835502354 99.6582506640588 99.715237377745 99.7594642574123 99.7840016280057 99.8429742533413 99.8633179375513
95.2807867487226 99.1192209688969 98.2824329763208 98.1128951688369 98.9415327884522 99.2595702333145 99.3635955644823 99.4062697724058 99.4069462143454 99.4446766259997 99.5329154062907 99.6046419540619 99.6685787745815 99.754498833339 99.7896594940901
95.6128957779832 99.2569258836848 98.0465945522856 97.915495644367 98.9493186697502 99.3188852806116 99.4233385691868 99.4976528563818 99.4975073707399 99.5003255932319 99.5879336418433 99.6655584816726 99.7222238241648 99.7960855519158 99.8186927925656
94.9187255746615 99.272069243134 98.8792253469649 98.9186455811991 99.4876715506902 99.6383420834066 99.6694651967437 99.6844081055943 99.6754078927836 99.7058634835571 99.7426941202694 99.7940930570397 99.813285634103 99.8574317224604 99.8768208165568
95.7595300888004 99.2953546676505 98.401015816864 98.5415347698545 99.2269898380739 99.4947664742754 99.5559778568033 99.598469679914 99.589957185003 99.6162561790666 99.67636765517 99.7387230751066 99.7733267814079 99.8303895765399 99.8544044726112
96.3292151836202 99.3472882910459 98.6914463969849 98.2282151796466 99.1675767378589 99.4589844433577 99.5585290325028 99.577852022383 99.5714478700183 99.5977736261585 99.6567647759296 99.7128180985759 99.7611678962079 99.8284345140207 99.8492166320722
95.5441574933763 99.3017477604751 98.2209980533178 98.1974069994144 99.0489146537638 99.3671168101377 99.4252585213566 99.464617261394 99.4525016084454 99.4759841998975 99.5567320035532 99.6396388923364 99.6887049380609 99.7718189060682 99.7827607753871
95.4190796019029 99.206967801736 98.3176105102911 98.1073299435592 98.993784580191 99.3252937776222 99.3911882840533 99.4364030857896 99.4175378516301 99.4579458222912 99.5458280796526 99.6235849301796 99.6793884918568 99.7633021092431 99.78983571443
96.0664540412157 99.3711443920747 98.5308187223534 98.5764180043976 99.2545784442549 99.4986664816444 99.583208855761 99.6111102655686 99.6031243671116 99.6123582041888 99.6743135341036 99.7326479630272 99.7712368100688 99.8260564124091 99.8515579502944
95.882609133555 99.3028317326991 98.6826757298681 98.8664477426963 99.3971643351912 99.5551593704007 99.5998035885211 99.6174693364396 99.6120083368962 99.632898669549 99.6873070095057 99.7322368678526 99.7662957468748 99.8325007340627 99.8468735784136
95.7517244279954 99.2501588071458 98.5061824744177 98.3338233117326 99.1322369498806 99.4074644109552 99.4561771652339 99.5184376041116 99.5175312198378 99.5588564445452 99.6246493120886 99.6916725180428 99.7277904894377 99.8035129184817 99.8343710530711
95.2491474877289 99.1845186740274 98.4912908767647 98.0665949226911 99.1055444998273 99.4203538556418 99.5167042941121 99.5518446802455 99.5272382916963 99.5431665742433 99.6227543136393 99.6998527984899 99.7450900006169 99.8144510065392 99.8391627135088
94.8688919790838 99.1120185258659 98.2713004649418 98.341115998015 99.0879799901204 99.3663113907987 99.4475766234609 99.4728451144091 99.4538297088403 99.4841095311685 99.5521452713893 99.6151810702861 99.6641960194529 99.751202678893 99.7776680471036
95.8841373036591 99.3571774634476 98.8878272691524 98.9269927155529 99.4730512940257 99.6325854260956 99.6723216929079 99.6836214624989 99.6900339994688 99.7036708679187 99.7519657621321 99.7938837053396 99.8221452130902 99.8688066641574 99.8836307452687
95.8177597134958 99.2940072324613 97.6725977731193 97.8252789004988 98.8732512972734 99.2490453704543 99.3981948368344 99.4499553384463 99.4105581533768 99.4424366420026 99.525490517197 99.6248529296184 99.6856324925372 99.7688967390643 99.7883791743522
95.698558818188 99.2276215728094 98.500445202763 98.2008344326323 99.0576538033592 99.3914852468697 99.4701256410809 99.5179471595739 99.4985866155837 99.5230978499084 99.5860554761178 99.6491710972097 99.6977994336186 99.7821375105976 99.8087612656605
94.5464520148776 99.0885983760014 98.5445279361769 98.5369613257703 99.2198523523311 99.4502033102728 99.4932220148964 99.5173485293222 99.4877727850404 99.5467521726491 99.5975824142353 99.6829419071992 99.7075752090982 99.7828841921551 99.8004427113397
95.028957534818 99.1638168041793 98.6896485139768 98.6777363987605 99.3013241270051 99.5316497573378 99.5739533679593 99.5966672548478 99.5812373265804 99.6166308316488 99.6905118238738 99.7451857069223 99.7713249904819 99.8288327573909 99.8534062861923
95.3052617539836 99.1106704025713 98.5757672556726 98.4326933957224 99.1708661928586 99.3700502644785 99.4789571646783 99.5051871084334 99.4916157147848 99.5201682794248 99.5872814817477 99.6572475459324 99.695696267646 99.7765622850628 99.8018630102594
95.8690508468581 99.2672019280355 98.4040240847752 98.461402107131 99.2055590101841 99.4553362608011 99.545537428682 99.5617075601509 99.534305568629 99.5513496984052 99.6280831452974 99.6994455075627 99.7324251116284 99.7969665695238 99.8245763621445
96.1421142168035 99.4440275979025 98.6733148079718 98.4359866989948 99.3565880320827 99.6223392090387 99.7200980347665 99.7491053214044 99.7444049109451 99.7658935576708 99.7966208074867 99.8359249097503 99.8675665804873 99.9064000101506 99.9150020345217
94.8735801912057 99.208175221333 98.5847123000215 98.3965425776371 99.2301034108727 99.5031088771026 99.5822719101318 99.6024124606214 99.5886057595653 99.5937094676883 99.6629104910306 99.7214987444968 99.7502256788901 99.8218802891535 99.8312472209333
94.623911722885 99.1180551180688 98.3622256979921 98.0199019214562 98.9960430573144 99.3421236437785 99.4405994815645 99.4752508263135 99.4463362971707 99.4852058505638 99.5659925116819 99.647508063096 99.6863949624311 99.7668365606793 99.7858930131576
94.4628589195145 99.0473609396403 98.6506787016347 98.6487143448746 99.2525578175918 99.4330063255578 99.4828384566391 99.5124366340947 99.5062625483932 99.5603326630431 99.6175896123257 99.6904118168098 99.7233091610365 99.7932538086083 99.8184270792912
95.4437184955383 99.2758756310068 98.5151918160923 98.5455550607557 99.2928278287719 99.5047981259987 99.5870424410713 99.6109807278114 99.5937144437982 99.606985781096 99.6701617697522 99.7409533910339 99.767554077889 99.8276226942451 99.8559727690439
93.9109301187778 99.0474391772969 98.1081861802228 97.9051914225759 98.9600650374492 99.2972490704569 99.4075529244455 99.443331666749 99.4268562717802 99.4426137263472 99.532770318781 99.6378102318468 99.6843516661922 99.7629676789416 99.7863379530297
94.8806501249841 99.2157558626113 98.4187546213832 98.4521371876093 99.2314883071494 99.4793248646674 99.55288553581 99.5725854533678 99.5634891124248 99.5789789753807 99.6362164382975 99.6999586689095 99.742621331409 99.8040660779899 99.8265543400817
95.2229504636886 99.2326234087614 98.410807628578 98.7392893466625 99.355597655336 99.5713830149764 99.6180685249656 99.6270622176455 99.6187265029897 99.6452709029608 99.6999563445903 99.7537882236324 99.786061972763 99.8404614127976 99.8634961365687
94.9128710023921 99.0831111286464 98.3161748638787 97.4356925593307 98.7420982591176 99.199803075124 99.3381777492094 99.3859156481472 99.3662642806253 99.3809135405298 99.4804771016753 99.5694969600058 99.6254489709754 99.7290363030317 99.7512031163105
93.9002633399259 99.0566504667515 98.5604171501478 98.5398360418862 99.2702154256432 99.4828743106256 99.5507844906329 99.5659916750904 99.5538531793342 99.5870109081031 99.647074562365 99.7087237643256 99.7398629120775 99.8036768592759 99.8203306464471
94.5578387310384 99.1420318088037 98.2225930000164 98.039476891969 98.979646442202 99.3351357824277 99.4397833552743 99.4447281110531 99.4450133179214 99.4723516595561 99.5518658898023 99.6393091117193 99.6918706026573 99.7639718187246 99.7989546618613
94.6023121043239 99.1235914206913 98.3988757186392 98.5509362172575 99.2131878531299 99.4236558592629 99.4469836408043 99.4455056070356 99.4557998719697 99.4915052306775 99.5586585867813 99.6216566508895 99.6542080646051 99.738784175819 99.7605011282085
94.4013681570217 99.1507312724834 98.1760542504555 98.1149672720165 98.9442259799233 99.2509698339094 99.3337353761797 99.4041705856166 99.4121589828917 99.4381762264491 99.5228185019112 99.5999873270682 99.6523438617071 99.7326113882386 99.7749586331199
95.4795009801346 99.215189419758 98.2090674692375 98.1161155416157 99.0218496946249 99.3191352834209 99.4353088767125 99.4660581486509 99.4361989560198 99.4863591983825 99.559926188621 99.6560624778931 99.6943368700252 99.7756499253761 99.7992468766863
95.7372411213272 99.2764827447893 98.8701559209619 98.9015552239635 99.4019581258328 99.5648649964877 99.6030938987524 99.606913160624 99.6025309238968 99.6434774604328 99.6901800703116 99.7415252528261 99.7612382690105 99.813840775527 99.8306597167281
95.3902279362835 99.2425273873316 98.495637623869 98.522622738226 99.2619026453761 99.5114893441853 99.5546025784396 99.5770925901677 99.5800150250856 99.6012394981254 99.6627294806489 99.7273480022657 99.7620670031782 99.8239746098069 99.8397544484509
94.3564644117314 99.0969692555037 98.7074820097577 98.7299475363725 99.3400997401809 99.5260955088922 99.5911654922664 99.6062251337968 99.5895000124227 99.6152081622612 99.6757484392872 99.7262636685057 99.7584762741481 99.811026238247 99.836647753661
95.5837075913807 99.2814323837128 98.2361695723815 98.2733368968459 99.1272589991386 99.3962435815677 99.4690630826673 99.5094966035735 99.5054765910605 99.5296367867079 99.595958470922 99.6626982568485 99.7139349247079 99.787360537908 99.8066395305535
94.7255096772511 99.1814141115459 98.3723024036656 98.1632833076637 99.1065290961074 99.400742270838 99.4982941583387 99.544731619557 99.5313044552882 99.5473109628349 99.6272688216914 99.6934785355875 99.7375950797242 99.796906775605 99.8234653683148
93.6205956322598 99.0518331966848 98.4491534493134 98.3092681946337 99.1090493018274 99.3796426094042 99.4660881887379 99.4831224792752 99.4815049417249 99.5046211646517 99.5704266250158 99.6435526679599 99.6974930552597 99.7709607232137 99.7915598291272
95.8063104484442 99.2928315323411 98.7680441950813 98.6044725313741 99.3278642262893 99.543907950672 99.5899365301261 99.6157369050527 99.6091649227346 99.6182790011161 99.6830406336889 99.7466607961348 99.7789904916425 99.8332348277133 99.8585771720452
95.3978571760649 99.1847181795815 98.1413902286696 98.0567726373129 98.970513853311 99.3026431571324 99.3862234530703 99.430832017143 99.4234089339407 99.4705246768254 99.5581597590929 99.6441627328704 99.6865578661493 99.7634961753669 99.8040616922512
95.6979663538507 99.2775597409016 98.594261024872 98.5685304147399 99.3215499143325 99.5474837982529 99.5997244261031 99.6272117989546 99.6228465529831 99.6483360296714 99.6903429986017 99.7397304281159 99.7738004157794 99.8413772651154 99.8552332555933
95.7130287154939 99.388116773666 98.3960072081429 98.3089801973166 99.3257191350287 99.5898013058553 99.676174450464 99.7043837855189 99.6810499798072 99.680206469399 99.7448569679728 99.800559609707 99.831226753037 99.8710122326684 99.889295656927
95.3843753759129 99.1495083663491 98.3272591547657 98.3743412389122 99.0883354526446 99.3440142065849 99.4216248167643 99.4529279495708 99.4404390012222 99.4814258651205 99.5605000608381 99.6120848380267 99.6764217518786 99.7573601022791 99.7857223904555
95.4054722733311 99.2016279487841 98.5159290588129 98.4345145987391 99.2206970762315 99.4615349854117 99.5242073918267 99.5364568803503 99.5422875611701 99.5621840175329 99.6281232333311 99.6999320213093 99.7342179280049 99.8016890584488 99.8244247208616
95.803701680915 99.3249958532531 98.3636185510973 98.3991040746869 99.2397467526404 99.4787054041056 99.5442991829858 99.5742732637565 99.5529889349299 99.5820600854313 99.6556980614151 99.7253629738149 99.7670366929031 99.828517830115 99.8461607438782
95.8379448903422 99.3276188400873 98.7486762217231 98.740681141656 99.4041172771515 99.5979616868559 99.6532242094237 99.6576360254527 99.6604135377321 99.6800418557831 99.7305767661503 99.7777109795722 99.8045430392525 99.8601761983797 99.8785317381082
95.4795629728266 99.2395932032473 98.2773983931373 98.589555032008 99.2498458726664 99.48208551049 99.5413655431864 99.5622391796851 99.5368147899875 99.5693510827025 99.6307302897326 99.6852623861895 99.7304603802896 99.7926744282584 99.8202012511355
95.7884345577531 99.4063675465532 98.5335113730138 97.8249689366707 99.1707853846383 99.5333101705584 99.624317387218 99.6680234381828 99.6418489922813 99.656851422868 99.7223015369044 99.7871703669428 99.8225932193779 99.8763344155607 99.8884711448446
95.7262996646323 99.3130896276972 98.8373888540326 98.7134939224974 99.3404784945895 99.565498455374 99.5917201452534 99.6217456972056 99.6177556534777 99.6266432635152 99.6943475581432 99.7542966132333 99.7852846562969 99.8420260944359 99.8593918993171
94.9203300569943 99.1828534348258 98.370700361061 98.4295785459341 99.2223980406814 99.4855195490676 99.5345626064729 99.5444871518278 99.5423163534909 99.5652782332832 99.6421241814479 99.7070216099374 99.7414698639212 99.8044661754856 99.8339058512818
95.6174680185863 99.2887126612288 98.6023729437935 98.5008705967977 99.2370033628003 99.4513011712426 99.5294943033666 99.563371253335 99.5557903365421 99.5523953619164 99.6373373552434 99.7056711400047 99.7333454872325 99.8064117304519 99.8244411166765
95.6885729480688 99.218320014315 98.7384105400379 98.3057655638889 99.2085406317359 99.4977413096353 99.5832027973707 99.5993770333062 99.5975290588264 99.611435200702 99.6647929670938 99.7244637287484 99.7594060630339 99.8253758920427 99.8502110545645
96.0550484278014 99.2657728033745 98.468341812674 98.361206721156 99.1487437414074 99.4210128331216 99.4988290513167 99.5041294956221 99.502460014707 99.5351043383122 99.603510341855 99.6765282885225 99.7196821819158 99.7890042493391 99.8173525919698
95.7118530442625 99.2843261888859 98.3719169857607 98.1788118376095 99.1468836424931 99.4445107488293 99.5163212030887 99.5433102422664 99.5260751197545 99.5437423046149 99.6100643199356 99.6723447584596 99.7229460331673 99.7879969007741 99.8148304804843
94.716885399888 99.1330644755877 98.2490172635721 98.198231584283 99.0676403552917 99.3717919538851 99.4326769732594 99.4752871152945 99.4637921504425 99.4936063523511 99.5744581831146 99.649424200614 99.6827523307879 99.7667108693997 99.7909807511719
95.7690003632303 99.2611973220047 98.4808696507288 98.4087895598333 99.2403420556947 99.5139785543864 99.5747671375977 99.6146087702355 99.5885802013972 99.6057477889847 99.6739579829952 99.735618565683 99.7696140213787 99.8301352968974 99.8489155869613
95.935160811836 99.2782005811062 97.8770224165048 97.6486106479757 98.8910320217452 99.2870005461078 99.4058790708163 99.470884224328 99.4453619089104 99.4806436701079 99.5587746262405 99.6578737548243 99.7100906215775 99.7815340424821 99.8052671541791
95.2852247014072 99.1106830811553 98.687458007082 98.4823285542342 99.1231407960568 99.3641011586773 99.4286105718976 99.4743316634672 99.4735485452857 99.5048334087844 99.5741260424017 99.6260061776835 99.6717606919095 99.7594075326875 99.7806177129603
95.0632676550618 99.0848751453275 98.3748736613635 98.1953676308825 98.9881340924092 99.2952623344463 99.3640538907133 99.4052280198673 99.4275248232956 99.4595177896247 99.5250620085834 99.6234332884914 99.659442754763 99.7551474246 99.7895376823048
95.7045156453935 99.378767775707 98.5185909670232 98.5909370903777 99.3403747113408 99.5878238809396 99.6484814174515 99.6611703390739 99.6497320808239 99.6754424393734 99.7300364255552 99.7795599208736 99.813136043986 99.8585889384474 99.8712360928614
94.9276030191387 99.0475490483536 98.3934901941171 98.2104222876866 98.9677536930305 99.2725702057151 99.3345638165835 99.376152368695 99.3593051806285 99.429028290679 99.5151532862456 99.5953053606818 99.6597513234729 99.7412171997278 99.7809868801068
95.4067034304416 99.1899056180194 98.6537304678325 98.3542170804654 99.1612425739144 99.4212666240429 99.4774613309491 99.4978306573707 99.4860853368588 99.5339721928702 99.5997654508938 99.6697225803136 99.7126800790225 99.788130978027 99.8046388706858
95.7927001844486 99.294374612721 98.4582703482058 98.3226480346898 99.1806090681866 99.4627775694856 99.5417875211026 99.5608077568654 99.5658965801191 99.5877662893705 99.6487187002151 99.7253591210465 99.7577034422687 99.8190665613473 99.8387148977763
94.9175573948001 99.1027702683238 98.377715336255 98.3786411286808 99.1275456233644 99.3980545715431 99.4448380032706 99.492921159655 99.487235319374 99.5018138953821 99.5864651600049 99.6640256179763 99.7025318919624 99.7795329544219 99.8048929810203
95.5884919071788 99.2037362855527 98.4786182489824 98.3046093523056 99.0556522660385 99.3215549193074 99.4022235893034 99.4373708205793 99.4379316884057 99.4648750373918 99.5567223456145 99.6357207981674 99.6811308665924 99.7683288649676 99.8072997324794
94.5740877609964 99.062084770348 98.1097865571222 98.0135732535352 98.9900996392442 99.3164877302348 99.4136578796627 99.4468253621871 99.422139419458 99.4479474327103 99.5228140680619 99.6121491847399 99.6639738071002 99.7383917321823 99.7714746321029
95.272363492808 99.208423512544 98.2039730302234 98.0757467697302 98.9756750749043 99.2705156774487 99.3639765241117 99.4202793845869 99.4073650632236 99.43198863122 99.5175826139777 99.5905085125563 99.6556027043527 99.7497052780424 99.7813993310527
95.4273190337375 99.1554588187782 98.4186012828622 98.0752582999888 98.9312120166217 99.2432465282955 99.358848106175 99.4042021157007 99.3888744564556 99.4188256403262 99.4875888358784 99.5648615262455 99.6227648501111 99.7207939965117 99.7429732431832
95.5691995092461 99.2342428626112 98.6070169237413 98.1707230620363 99.115760964902 99.4309339205488 99.4995760730004 99.5455578714904 99.5334532694402 99.5437274610687 99.6130966901819 99.6854066173251 99.7226908546599 99.8013717597945 99.8264469676155
95.0402012017107 99.1865434131857 98.5710585331332 97.9751143661811 99.0739709390915 99.4158094510163 99.5258679583435 99.5521577762579 99.541064782616 99.5660671943862 99.637780666952 99.7070385191557 99.753846919242 99.8140878215989 99.8382962831072
96.0687293628955 99.3186345712761 98.4130011363044 98.361438112679 99.1383834559521 99.4232995683373 99.5051595218522 99.5303152062727 99.5146795752144 99.5338946390679 99.6209916306754 99.6968068732631 99.7315993306447 99.8040179119395 99.8291089448831
95.2749087694619 99.2191149259448 98.5918867328816 98.6036324059676 99.3044839345256 99.4919486398942 99.5439470842954 99.5654294410315 99.5560980399532 99.5875943985795 99.6519140411654 99.7100204601911 99.7307522918342 99.7970494123286 99.8247836675699
95.069898020614 99.1873212260838 98.3284655157277 98.4693857291148 99.2129990960441 99.4667298111729 99.5151733242594 99.522659798168 99.5154094272025 99.5629585302845 99.6297054030725 99.6891995727811 99.7247587747972 99.7956075583114 99.8166019029859
95.723484283606 99.309359613399 98.1143757460086 97.7741544064449 98.861339056898 99.2531621261188 99.3970557828782 99.446343863164 99.4264086596029 99.4304078145175 99.5373216121817 99.6306195947127 99.689146242898 99.7798586919923 99.7979185187957
95.4406708814854 99.2002219685202 98.5558582022424 98.4576897062306 99.2278185321032 99.4534490685562 99.5052746578901 99.5246639992828 99.5284828815787 99.5431599833951 99.6144973686565 99.6708386803557 99.7094112525628 99.7775444165229 99.7998375850598
95.3144240585033 99.2774222018247 98.5043228069853 98.5593362179547 99.3354187286557 99.5819163190434 99.6374225304991 99.6606314074321 99.658258774368 99.6758965882406 99.7301057307611 99.7771792312149 99.8104023198301 99.8573647354607 99.8661818860877
95.0467173147566 99.3078956966014 98.4800688816211 98.2449548988839 99.2339471139266 99.5395726748303 99.6022924744047 99.6184488241795 99.6088969286211 99.6262921736963 99.6960707858246 99.7586743770954 99.793195939261 99.8500063056452 99.8641938796538
95.7421281555064 99.3206521476265 98.7777171411917 98.7274606898109 99.3305086087007 99.5269387303409 99.5815849015413 99.6165495292107 99.601255764411 99.6125923632627 99.674584371512 99.7379910321898 99.7661943398817 99.8278116020615 99.8447578115371
95.0778926393712 99.1697580165457 98.6589322855931 98.6994025858856 99.3395980246967 99.5223561776746 99.5564839029246 99.5786370232379 99.5734523918221 99.6001232466399 99.66052500546 99.7142277982209 99.7420798069652 99.8090319922895 99.8295331184646
95.4280690971806 99.3039312435962 98.6810955867187 98.9007514305868 99.4250395430188 99.6110583776619 99.6552231277368 99.6668911452989 99.6739781509203 99.7068652060626 99.7478090216168 99.793693737848 99.8192209422978 99.8621322862332 99.8823432763115
95.298675466692 99.2396875825375 97.6979172768828 97.4571048887858 98.8427629613444 99.2653617947042 99.3940423876635 99.424339014156 99.4032657653465 99.4458110162761 99.5082384466579 99.6212949753865 99.6824955560432 99.7744176119241 99.7878810642283
95.6788920320232 99.3310285555515 98.6998019052843 98.7991910182671 99.3797382645423 99.5733164391686 99.6234021210528 99.6515908789828 99.6345283662654 99.6639975288049 99.7189946177771 99.7690907213305 99.7941139764029 99.8466869548996 99.8706215416814
96.0626653591661 99.3690601269141 97.8911728138397 98.0557902447585 99.0539626693264 99.3660697574897 99.4875578931999 99.5414726350835 99.5227800982991 99.5494204385903 99.6339272853341 99.6992390710997 99.7451683300128 99.8106718312797 99.8452092615948
94.5740606958968 99.1671975422648 98.2362077108661 98.426744690018 99.2341947626636 99.4853561655923 99.5630619484725 99.5916359537173 99.582767520652 99.6173256644895 99.6781776670087 99.7365171677264 99.7774654374225 99.8312526963803 99.851449933019
94.3804781979081 99.071182668349 98.389528275671 98.130716347905 99.0154621492037 99.3296546732147 99.4346551575195 99.4507284566195 99.4617986409557 99.4850431404855 99.5519994655413 99.6311258297926 99.6783200993675 99.7667973325842 99.7938273524297
95.7019840773689 99.2584200683676 97.474917629173 97.7138315630606 98.8414408852548 99.2606367417757 99.3490861461231 99.3876693524342 99.357124468669 99.382920502409 99.4844773809859 99.5758488196023 99.6411367020649 99.7362920943972 99.7552143658851
95.762490299091 99.347064028636 98.737313292029 98.8573334550859 99.4407233785415 99.624786843794 99.6666768068566 99.6902887912058 99.6951207337305 99.7177790923397 99.7516906557975 99.8016962524939 99.8224599338307 99.8704904894169 99.888762501047
95.1490802159319 99.2426196404088 98.5194641423844 98.2326731880583 99.1612128467794 99.451088323653 99.5264840805461 99.5308630327222 99.5216471337729 99.5580873520583 99.6229642384161 99.6764337084601 99.7287365285504 99.7925105756768 99.8155964938702
95.9361232627336 99.3837300978322 98.3781524108151 98.614900129098 99.3694743626579 99.591901754378 99.6484317827555 99.6818919411976 99.6614810483159 99.6690494938854 99.7233197316826 99.7785400986248 99.8110366429174 99.8639110345841 99.8812914008513
94.9891704824729 99.1647704534145 98.5929542533309 98.4482922669122 99.2890043405608 99.5322760322308 99.5911244357447 99.6073260264891 99.6088236574971 99.6168616015413 99.6702633274446 99.7233057253605 99.7616871644947 99.8220952801395 99.846330808002
95.3679710332167 99.2269016575807 98.6909749126381 98.6159697480675 99.2358372988091 99.4547115686462 99.5030107464422 99.5222793056173 99.5197036032597 99.5492084192033 99.6201735806841 99.6936421969264 99.7241142181456 99.7925665099496 99.8193682236512
95.784843319013 99.2797568688956 98.7798153942029 98.7343473265732 99.3825922079104 99.5755062761568 99.6249010815529 99.6266636524203 99.6229569318583 99.6603167068967 99.7097839291908 99.7591967242979 99.7925661321197 99.8500949912061 99.8711595599277
95.2700049369817 99.2699096387714 98.6333965433606 98.7996423511148 99.3683069202687 99.5642840375245 99.6017469251561 99.6007679252006 99.6048778738291 99.6341051067942 99.6865273986606 99.7377885724148 99.7612284970003 99.8222810688425 99.8417356313844
94.9031558403766 99.3019931366464 98.3302418917757 98.3209683796372 99.2017908035151 99.5191816054779 99.5937425056878 99.6233591489819 99.6190136447183 99.6285529150276 99.6955358674707 99.7673495619488 99.7999325120169 99.8534941783301 99.8718322332548
94.7977135559609 99.0943109622589 98.5230978469791 98.4184243084441 99.1808406807153 99.4461832139342 99.4984723154686 99.5261342001648 99.5380084182607 99.5675016442683 99.626776395302 99.6936687116944 99.7263500644882 99.7998350084926 99.8247239391539
95.1577312504988 99.2637691334623 98.3832113061464 98.6665215710628 99.316750180451 99.5471015644255 99.6241747330874 99.6573585705662 99.6529739865412 99.6765503888823 99.7345656013757 99.7870766431571 99.8111897624235 99.8633322336876 99.8752223026185
95.6808970692474 99.2993697592936 98.461278681679 98.5103699873987 99.2097351179492 99.4250356680915 99.5068523783562 99.5332803515175 99.536166327511 99.5352531042037 99.6077530985385 99.6784273603939 99.7207917425715 99.7935784052776 99.8177850889355
96.1070216378294 99.3466851693295 98.5017341454786 98.4728412922178 99.2576713123301 99.4695120601609 99.5523745042133 99.5627355024179 99.5478314923024 99.5649084857872 99.6300253070251 99.6816554755304 99.7349507832013 99.8063983064633 99.8142297635814
94.7924010527024 99.1451670367466 98.4825690223902 98.6137473453329 99.3376484733005 99.5667447337386 99.6084816698619 99.6107823489901 99.6186622528164 99.641259074711 99.6985340130987 99.7590795037428 99.7854791255045 99.8436248962682 99.858680901496
95.115850647134 99.0660767227548 98.5609490251069 98.144082985339 98.995765811336 99.3287944157733 99.4277218635764 99.4634980641195 99.453791334394 99.5071401590168 99.5794875771962 99.6634921871422 99.6955603244278 99.7722647617725 99.8124328000951
94.8352886754622 99.1884101967994 98.3080806364942 98.4702265675112 99.1833405152907 99.385473840609 99.442629625674 99.4802515662113 99.463149634392 99.4760480029307 99.5623137504805 99.6256940603113 99.6609766344037 99.7456132444675 99.7681229313342
94.9063122474737 99.1262537809372 98.5408179975149 98.2576529154523 99.1747133490248 99.4706865646184 99.5363761223222 99.5534703243739 99.5470272695167 99.5801182742936 99.6434448014853 99.7089219287433 99.7483763662172 99.8115173084389 99.8379945043906
94.3439021315993 99.0340558757167 98.4686190211112 98.1664528123526 99.0539718777452 99.3404723214032 99.416086179594 99.4215622848239 99.4249400608266 99.455486525163 99.5258473302386 99.6247371931379 99.6590737471917 99.7354909886147 99.7670615243245
95.567406092225 99.2821008891109 98.53569491879 98.4730452473924 99.2888814450869 99.5459615500922 99.6069161676802 99.6425059224128 99.629725474501 99.657522285544 99.7148853679058 99.7699906255858 99.7992142083237 99.8488034065018 99.8607910677469
95.6745630406071 99.2616854720061 98.7231665332725 98.447391501224 99.2270340691197 99.4814115217999 99.5569545057444 99.6071573443824 99.5796667781586 99.5990975896947 99.6681168499146 99.7345391644154 99.768781226544 99.8354250335213 99.8547010995021
95.7713534471698 99.333331865546 98.7081722741651 98.4546488248419 99.2758902331429 99.5307691597356 99.6128786629242 99.6231381398374 99.6184415072388 99.6458690291427 99.7065345562256 99.7586364451513 99.7966876266994 99.8519508114394 99.8665272014962
95.0667234882042 99.2763281028331 98.498500071152 98.1798714988118 99.1375283074599 99.4306986534271 99.5112714410601 99.5136665533085 99.4974900349183 99.5213124056941 99.5821545408582 99.6665221638072 99.6989257243235 99.7722450899797 99.7918643391054
95.7621230685674 99.3678071353627 98.7926436232041 98.7224826993875 99.3367558932468 99.5591963569476 99.6092034502763 99.6222161678754 99.6164532026331 99.6466704509962 99.6929140310966 99.7426594419667 99.7775568238516 99.8393962291065 99.8629317760926
94.570213581496 99.2036755136105 98.6685632855666 98.5317286650603 99.3014848850284 99.5342802583263 99.5885752770007 99.6151797412002 99.5988525659528 99.6249284135723 99.6769057070585 99.7226381593369 99.7689403172436 99.8287489047559 99.847773968994
94.2864050163692 99.1014016929857 98.2667128967989 98.5243988814658 99.2203895493735 99.4642829933461 99.5045145413842 99.520531810313 99.5063878327706 99.5549967123336 99.6216616494966 99.6864848742284 99.7269028462602 99.7881296709824 99.8180760971382
95.7195322299984 99.2625153149231 98.2265502478633 97.9182996625001 99.0815105521196 99.418445842341 99.5355634424149 99.5597067168663 99.5379347818141 99.5652365827335 99.6349429390541 99.7028140628412 99.7459238778123 99.811503447232 99.8361427896249
95.8888504183494 99.3195393198785 98.1823589577643 97.7362103100316 98.960456970718 99.3683602908558 99.4701478283956 99.5013755036845 99.4966924840895 99.5215307471169 99.6071263360587 99.6969662954619 99.7372616089648 99.8033888548573 99.8254092153211
95.804482277282 99.2478690287554 98.0974136403497 98.2688901949548 99.0860044706961 99.4111530980977 99.4574088359752 99.4916869234961 99.4994699337829 99.5349798754021 99.6113149702081 99.6742144406552 99.7253184387899 99.7989915256991 99.8264822783218
95.6924629861485 99.2358147887666 98.3892166723592 97.9194683897461 99.013761586651 99.3757953021474 99.4734548823556 99.5107820442329 99.4842103936387 99.495910857844 99.5930115014838 99.671024693895 99.7232419009566 99.7995892742837 99.8164162105203
95.9209199821335 99.3989541998569 98.1759585879631 98.2398331023722 99.2117533731215 99.5190879990061 99.6231342240547 99.6524854359399 99.6394244256052 99.6598723591479 99.729021422936 99.7819366961242 99.8215491663553 99.8609024617633 99.8789759117817
94.9021160341269 99.2229624266333 97.9325328453437 98.053633213112 98.9588764710417 99.2976318142701 99.3537759003812 99.4357289603551 99.4276342544756 99.4625600597547 99.5418488490044 99.6223875632818 99.6772308087367 99.7585108568939 99.7819406412578
94.8504370996807 99.1175775579689 97.9233074600385 98.0080466983342 98.8491561499811 99.1936679447974 99.3141867864916 99.3338669408244 99.3175007298675 99.3671639090906 99.4528547914336 99.5164862826766 99.5973389865629 99.7108703713479 99.7377151556875
96.100322814256 99.3636774850326 98.8061514806926 98.8287979961145 99.4151734657891 99.5903652906018 99.6345810423452 99.6660957862209 99.662004465568 99.6689957554387 99.7225829092004 99.7729181538598 99.8001466860481 99.8500795751896 99.8640780908167
95.3742183160529 99.2262592922038 98.4335168760177 98.351206229782 99.0930013338527 99.3630547752246 99.425219605066 99.4278755991776 99.4436287403016 99.4711139291867 99.5547092256541 99.6185237995971 99.6727864175547 99.7462324377421 99.7845375209161
94.9126214334697 99.1079858381096 98.3462048093274 98.2712023390633 99.0858136520788 99.329789858358 99.432941133253 99.4419653459717 99.4478181981738 99.4651268863852 99.5361094755826 99.6196084386144 99.6561424199582 99.7433672130168 99.7698708334771
95.4074536781698 99.172490511082 98.5262195986709 98.3008748095408 99.0270326301292 99.3267351732112 99.4076585197755 99.4512072098293 99.4391884812642 99.4554273846986 99.5511070920118 99.6243654508515 99.6847031639442 99.7655468159762 99.7961922308055
95.1800122941251 99.2976426230752 98.2026203420869 97.9671085070574 99.178546837386 99.5041703087452 99.5858690687642 99.6131401672248 99.5877943560202 99.6148200632864 99.6855043407616 99.7545417724256 99.7918207707956 99.8458697425463 99.8650656637423
94.1885382232041 99.1698940194627 98.3916454512295 98.136150824303 99.100897810884 99.4232549027509 99.5259524502818 99.5333018488028 99.5286252560989 99.5603752856446 99.6340140810566 99.7004080840988 99.7356391277105 99.8023937400826 99.8254768516043
95.183771407698 99.1455303524313 98.6980472993888 98.4023032396117 99.238002475958 99.4663408774348 99.5415794819909 99.5612954986171 99.5462737209836 99.5629833836251 99.6281567322711 99.6787731051759 99.7262363218974 99.8003597332615 99.8214576282227
94.8061675018266 99.1309269499488 98.4223870677318 98.3834474210106 99.1163397083174 99.3678124747708 99.4402944093433 99.4725041748847 99.4531570708874 99.4931462797756 99.5699221402597 99.6339916304845 99.6810527230903 99.7545164010881 99.7780000046226
95.003502490792 99.1280222827001 98.6035819471681 98.6719830129437 99.2749885960828 99.4662004332018 99.5169069828885 99.5446047721731 99.5373673708809 99.5760563539613 99.6318459250418 99.6794160649198 99.7186690224162 99.7894859948053 99.8097919351009
95.5122728814733 99.2178928897224 98.5521094954522 98.3215283886442 99.1759855314522 99.4698253827005 99.5408954487462 99.5685921301222 99.5591194002391 99.5835194147556 99.6448680814967 99.7255805499605 99.7603296221205 99.8226429114513 99.8456239462476
95.3590258773927 99.2892850594207 98.3845631689528 98.3129691129672 99.1568355595797 99.4548659822873 99.540413945697 99.5654061441344 99.5528170567459 99.580819418148 99.6432377763012 99.7122093631149 99.7458260069076 99.8160423525555 99.8320148407976
95.2099543962544 99.1591434221963 98.5605604623241 98.4319240404398 99.1318445423344 99.3901321879177 99.448141218009 99.4659124785487 99.4610213115375 99.4767079665029 99.5470209644096 99.6097276717262 99.6446744137346 99.7356694830557 99.7506468742556
95.7936294692272 99.3151939903698 98.7981102204333 98.9115852565582 99.4386469470131 99.6092321004312 99.6411108405553 99.6624385408456 99.6539264701606 99.6807681105691 99.7217296393717 99.7753035723083 99.8023957295588 99.8486871996592 99.8672107207349
95.9842499991948 99.2905652445842 98.502116674233 98.6817686663716 99.3437968717421 99.5519409406422 99.5866843331742 99.6123460802971 99.6005807264667 99.6337794101682 99.68281562107 99.7372074993788 99.7716309106136 99.8288745559615 99.8489315448102
95.2069003936641 99.3006709989147 98.5246816779224 98.7183647825916 99.3853377938817 99.5682154879886 99.6039567571061 99.6304654757203 99.6070576046002 99.6416679667478 99.6930906793461 99.7470297558046 99.7750607969694 99.8333433365837 99.8529105623825
95.2521098437621 99.1977734787283 98.0855570302926 97.7865506716431 98.8759669673772 99.251065385542 99.3526482915141 99.3792304764971 99.3410456519127 99.3865895966427 99.4691353737058 99.5577013768448 99.6090594259891 99.7006472695585 99.7445219230499
94.20415665801 99.0570991801204 98.316047520719 98.3563192333976 99.1442601199659 99.4120311140076 99.4741435919059 99.4999495354558 99.4866285550328 99.5043826497362 99.5734979551932 99.6350823201404 99.6813760940307 99.7591706546246 99.7890170271001
96.0514343409361 99.2711732429144 98.5021083375425 97.8860646477366 98.9694219733221 99.3188597734209 99.4400368687399 99.4550104155276 99.4545466614649 99.4871100892144 99.5723404453617 99.6554308736177 99.7104646145341 99.7871289694037 99.8220021292594
95.1375581400518 99.133921344508 98.2324065061157 98.2652389991752 99.0177667771218 99.3199136685446 99.4008425736062 99.4223469011158 99.3963681865102 99.4273213899145 99.5170192114464 99.5841286161026 99.6511179908046 99.7338399215816 99.7459959185964
95.1870872990895 99.2092599814672 98.2629407788541 98.0354076425138 99.0233494389832 99.3678914989189 99.4704655557528 99.5069561877331 99.4837695274051 99.5195096345402 99.5705269767665 99.632474451798 99.6887067068445 99.773643391112 99.8066066455974
95.7661067917584 99.3039917032038 98.5875908739119 98.6775503478262 99.2937157811186 99.5004379570134 99.5395873417675 99.5743774517019 99.5660753972726 99.6138818617593 99.6760445450643 99.7335890666987 99.7591255802454 99.8260677335151 99.8554785381182
95.7045644980212 99.3248173991696 98.7781205259415 98.6539477997447 99.3080553081468 99.5002205233209 99.574929376115 99.5921742797533 99.5800775653331 99.6102075099095 99.6642879565231 99.7306322657343 99.7611342089192 99.8249743391969 99.8448091762716
94.9921574542948 99.2421824845556 98.2041846667402 97.6770225260409 98.9881331712958 99.3941274565256 99.4571605871877 99.4959132038247 99.4859535127481 99.5168391307831 99.5995062567624 99.6862620224114 99.7317572104559 99.8082129843256 99.8292748673676
94.8342054669308 99.1131026044019 98.6938389786155 98.3712490869231 99.1633514824872 99.4106777852629 99.4393882351162 99.4673594621672 99.4864761812777 99.5105189108206 99.571551867708 99.6399190908101 99.6788373500269 99.7583892398671 99.7940939454173
95.7020688106822 99.2669419710309 98.3294654166531 97.6835513114331 98.9594679328899 99.3704658900009 99.4631617862557 99.5038974199191 99.4785663563972 99.4873391691288 99.5762001650657 99.6498451533115 99.6992837505315 99.7711301843236 99.7924740746041
95.6801859173912 99.3156287913726 98.8050164674401 98.5447474229119 99.3110187929739 99.5421882711617 99.6012300167348 99.618421625897 99.607515562139 99.6098694927264 99.6979399118026 99.7623691681643 99.7901021959579 99.8455782595905 99.8701538895512
96.0114538757279 99.3489883937492 98.4546428071873 98.388207592179 99.3142061265048 99.5940963122967 99.6707313095357 99.6799746412473 99.6756784666046 99.690576562926 99.7499534000409 99.8006574838864 99.8354809335098 99.8772952217792 99.8934336690285
95.0135592237503 99.239773872952 98.886930074463 98.823342885532 99.4031188900429 99.5661839037013 99.5807683094065 99.6056314636556 99.6098045412306 99.6258294375099 99.6894078635042 99.7319141501696 99.7567137245357 99.8230726076638 99.8417823332489
95.8882202268164 99.2446861172793 98.503675411362 98.4257135237992 99.0753617483114 99.3691804023637 99.485384094374 99.5070274324634 99.4753230265197 99.5154050663426 99.5723711751664 99.6507385435797 99.6996866031718 99.7735306238363 99.8076061301572
95.0550355013788 99.290288944516 98.2526339079447 98.5746457570498 99.3420919195345 99.57734544149 99.6585108766664 99.6915065447533 99.6840673751865 99.7153825094779 99.7707986244721 99.8135739370727 99.8459415991503 99.8885983877056 99.896999351308
95.1459561424644 99.2407700533076 97.6672947291203 97.9320242002031 99.0274238650363 99.4042099589869 99.5092339516377 99.5292706564543 99.4961081395472 99.5417515159371 99.6302522824206 99.6983078079725 99.7465954382144 99.814210006273 99.8287915452571
95.6160037276358 99.3496615945473 98.7527752474982 98.5891748266455 99.4063591009182 99.6153328279197 99.6656256057771 99.6827904992608 99.6785793069696 99.7004858133536 99.7474767239251 99.7890996003474 99.819474537798 99.8696127188324 99.8828124000513
95.4020757463437 99.2238081853968 97.889459794592 98.4834844617375 99.2176181897043 99.4552421664649 99.517288444385 99.5431642396149 99.5266003190004 99.5532935476537 99.6273987824334 99.6715563969842 99.7161902548494 99.7889304095924 99.817026892086
95.2724148403262 99.1919018300306 98.0328721931119 97.5462529278781 98.7641799551806 99.1214990792439 99.2541714441466 99.3019779821949 99.2372865985259 99.2849965085802 99.380064258856 99.5006691298353 99.5495633967526 99.6615470122532 99.6797285348241
95.6061332618266 99.2676665002818 98.5471933312342 98.426553576492 99.1610061151369 99.4297950840536 99.4982119322151 99.5235252033381 99.511593378281 99.5384408170196 99.6107886323367 99.6812212473657 99.7085054604933 99.7856909924839 99.8046014614775
94.9425441190315 99.1195494183895 98.5805116928926 98.4354473431827 99.2129755548662 99.4535889098149 99.5116827340601 99.5365545243872 99.542179727697 99.573317392742 99.6340972042843 99.6912382382474 99.7222475093863 99.7903968546326 99.8154786873601
94.8988397062714 99.1804384823412 98.4972261796936 98.4639792027317 99.1944170690994 99.4592905294578 99.533324223394 99.551722921508 99.5426185891081 99.5760951140672 99.6494463502469 99.7101530331663 99.7383182330047 99.8022212483989 99.8316534372493
96.0655478274554 99.2919584012622 97.9108376885052 97.7664067647322 98.9204871436995 99.3134202562116 99.4258553704544 99.4821296570082 99.4583212011591 99.4769602620526 99.5770157703633 99.6652068761249 99.7183561052753 99.7926900665032 99.8152666768926
95.785476858436 99.3569986863341 98.7211516042806 98.9093782399952 99.4560252291145 99.615358510859 99.6721433033531 99.6791509639389 99.6872566643155 99.7024784380198 99.7492262528524 99.7978230248824 99.8179670270652 99.8645401554529 99.8775179134285
95.850425570395 99.3399054101132 98.2251938582453 98.4164673796106 99.2756961337724 99.528964272438 99.5931235937076 99.6190649998571 99.6172344271529 99.6484270718677 99.7013972884584 99.7643385456909 99.8003467770784 99.8543701306478 99.8699209599087
95.7484210238115 99.2640123817341 98.5277602381915 98.2530594328534 99.1726087596084 99.4693681792313 99.5298601741741 99.5582740751465 99.5359511887967 99.5490575944956 99.6170223335521 99.686232834768 99.7296535261751 99.7950487383884 99.8095431609216
95.814476713261 99.2898606406329 98.1805310581786 98.0344651171319 99.0739861743104 99.428024485672 99.4926948350998 99.5184852641388 99.5036077073442 99.5443272284864 99.6133271838838 99.6858130423589 99.7244523093134 99.7872551652088 99.8233714060064
95.408949031361 99.2175669766448 98.5178216392489 98.598625260845 99.2384514114818 99.4482252942791 99.5323344221138 99.5664978397985 99.5628630952386 99.5724875550511 99.6418865136947 99.7107653619294 99.7365531698025 99.8004184217672 99.8297080289089
95.5298783645147 99.2641195834754 98.6343115724387 98.4830264582341 99.2859593432942 99.524666511476 99.6118003401605 99.6325287342133 99.6188925340276 99.6346721660527 99.6785576526146 99.7480182893755 99.7836185915767 99.8337606234495 99.8542081999857
95.5049877428215 99.2340173390131 98.4583017325035 98.0426316032727 99.0019522789229 99.3521193339021 99.4483386262796 99.4974977591264 99.4947620224362 99.501440128266 99.5874175774868 99.655119310724 99.7072376567817 99.7841825244776 99.812943445098
94.7861455705029 99.1908524183029 98.0342454919963 98.0097522673393 98.968517678878 99.3234196379095 99.4477998474904 99.4828040033083 99.4706162738037 99.4935817842639 99.5745757464131 99.6609466413829 99.7030390383526 99.783408583632 99.8056424230131
95.5910523622768 99.1255181729586 97.9922048721798 97.9369365776352 98.8858065423369 99.2374171154916 99.3401246816904 99.4011901532963 99.3821395427701 99.4204630017928 99.5142619469079 99.6094299713696 99.6623679649569 99.7448556569291 99.7767088738818
95.5546825362304 99.2645294558266 98.0047324837455 97.81241422445 98.9042567398015 99.285437316647 99.4080301318695 99.4480157990493 99.4225723116972 99.4420244847132 99.5448680352906 99.628105704275 99.696709635786 99.7796903748931 99.8014680389802
95.830392646197 99.298900156927 98.51956475284 98.159676546101 99.1890191833601 99.4895517203312 99.5740929019777 99.6098152662502 99.601323132822 99.6194344448227 99.6838250917889 99.745219792727 99.7829575515634 99.8453245335032 99.8658381151892
95.6540993368249 99.2614412031693 98.644753644713 98.5261086509474 99.1787235264577 99.449178501155 99.537854553022 99.5546406269224 99.5471814538776 99.5820091008814 99.647518639029 99.7099278178297 99.7436635473883 99.8010948349891 99.8360441473337
94.9793263568561 99.160563000432 98.6184922540561 98.7518435345006 99.3345717640306 99.5365925690977 99.5809066818197 99.5964962955144 99.5947271399043 99.6155400262634 99.6879952198854 99.7386868713645 99.7719672636977 99.8356462221254 99.8594477633412
95.6792391094868 99.2915588051458 98.6829680422723 98.5749258274664 99.2688316362609 99.4824054442656 99.5462985872884 99.5653885369526 99.5507166179219 99.5839522168417 99.6480363998207 99.7111971585714 99.7468098011461 99.8116289069006 99.8392440728094
95.7886114362963 99.2784999934883 98.6958678186884 98.9089692190603 99.4489782677951 99.6059361275463 99.6541535262514 99.6657799592155 99.657316398509 99.6887089627193 99.7340264955184 99.7840050956866 99.8081469904039 99.8577894545072 99.8716504577793
95.2612156920081 99.1658801482461 98.4604299367031 98.292726036728 99.210974694966 99.4442359996453 99.5335527314969 99.5487810621484 99.5410961541679 99.5560705797623 99.6268613565432 99.6935014790837 99.729859238224 99.7900037588241 99.819745862853
95.2617127372211 99.3015530096967 98.4098330947425 98.4980335160584 99.2808816608208 99.5433188451861 99.6051523764524 99.6374280062526 99.6177365999392 99.6480317310719 99.7050247628209 99.7558338410317 99.7951369474218 99.8460170983664 99.8661608000114
95.0497736522483 99.2817657485066 98.7121253324129 98.6372060802383 99.3924798145293 99.6098556728591 99.6868944759804 99.7028800744924 99.6905388845392 99.7120865142674 99.7535335406301 99.7947689663305 99.8271497047543 99.8764207783083 99.8873066387771
94.6315068662164 99.0965025542967 98.5265057778141 98.4108317662991 99.1421462426458 99.3837539636923 99.4606763554013 99.5075427873952 99.488097745428 99.4944403777212 99.5858311718127 99.6631581465724 99.6946431503571 99.7690071033289 99.8029793927091
95.4089393183213 99.26947058529 98.12391199858 97.9668163440138 98.9437023476153 99.2547773856238 99.3620365951972 99.4022744617837 99.3684977810791 99.371454428693 99.4830104668143 99.5498405089329 99.6290694232296 99.7140348559165 99.7488084349441
95.682630832657 99.3255327338486 97.9272248512218 97.9938157995679 99.1017811678175 99.4585988334582 99.5863758266629 99.6377741994377 99.6305724436626 99.6258943328966 99.6993367166967 99.7737986205551 99.807554291219 99.8565672813661 99.8780781060347
94.6611948117527 99.0553309705691 97.724535857029 97.4263316749123 98.707069229029 99.1574210878936 99.3085865895095 99.3550319974126 99.345314916581 99.365276827493 99.4750964025643 99.5667107501469 99.6212909006705 99.7184066220521 99.7467911577538
94.6731726129152 99.0072200063367 97.979620984921 98.039358487657 98.9519268677597 99.2774238812985 99.3621189038854 99.3932907735009 99.3871856090669 99.427832718326 99.490102173413 99.5895453588181 99.6433112985339 99.7182891073613 99.768845017534
95.0313938980349 99.1183825628898 98.1140853121095 97.651724384531 98.8799507056584 99.2632194573235 99.3669841620862 99.4053310823927 99.385111639938 99.4056623082502 99.5027210400032 99.5827007488708 99.6434641193834 99.7237787894618 99.7567224140766
95.7352093758261 99.2930106464004 99.0575812371393 99.0576615406411 99.5440760409128 99.6813025452681 99.6934609946438 99.7022147166078 99.7060456641298 99.7329463074876 99.7739712881643 99.8112746283735 99.832655090706 99.8787279645047 99.8962162311833
95.4611819865374 99.2290017662278 98.2303031572302 98.1444624691468 99.1586576697379 99.463613589717 99.5543749698448 99.5587822996433 99.5607363083769 99.5724088155369 99.6535986065251 99.7300630765581 99.7630188528967 99.8282707062008 99.8496336645626
95.4590941460977 99.2279863066518 98.1972024432454 97.4623444338466 98.8128911359148 99.23549710075 99.3799226688458 99.4237739963855 99.4235539844286 99.4332173805552 99.5094015555403 99.5968763337039 99.6715217845124 99.7618847473112 99.7902668216501
95.2749999724456 99.1658657776946 98.634031421732 98.5130621528427 99.2178652476944 99.4425523455485 99.5038733091729 99.5194657524859 99.513208912864 99.5477931231586 99.6026001601307 99.6708725488577 99.7039056582933 99.7775127597968 99.8034611096139
95.2271782524475 99.2236123354678 98.8614576873226 98.9156253774451 99.4468121333546 99.6092706946301 99.636362414392 99.6469670898513 99.6342483903859 99.6662333592869 99.726748470914 99.7675912373186 99.7843973200404 99.8448293956393 99.8618040669883
95.1559565297674 99.1126295532523 98.0398758964493 97.8597367963277 98.9579527666647 99.3026108241669 99.4046174606005 99.4284601112608 99.3973443315067 99.4468017908523 99.5134815656777 99.6099770113138 99.6656846465705 99.7510098403902 99.7846173535259
94.7979413393273 99.1055108262028 98.2624219741146 98.3215054747006 99.0835436977693 99.3561487558387 99.4132932520264 99.4290453317191 99.4139627208757 99.4348209166598 99.5131655410841 99.5895506835595 99.6402831397623 99.7278554037699 99.751741159089
95.4985020867342 99.2474420169207 98.2281535969366 98.0046319590973 99.0165174458574 99.3259829358397 99.4759538026332 99.4797178141521 99.4661646710349 99.4987081449988 99.5820985341207 99.6545474613569 99.6937378547859 99.785439867631 99.8044369910333
95.751126116129 99.2465075175078 98.7169935799557 98.1857646448494 99.1827291379121 99.4576349876277 99.5440394745644 99.5663429913004 99.5447884693118 99.5707813868322 99.6276167732421 99.709211349459 99.7442236313811 99.8025020421738 99.8253097068533
95.7129829436042 99.2859956938509 98.3843579741681 98.5090740749682 99.2013875257587 99.483675313649 99.5636642600298 99.5887025721384 99.5763067716086 99.5897106985808 99.6587782269888 99.7223843190686 99.7522620872429 99.8168988919042 99.8411274206807
95.4991535872076 99.1531832514493 98.1162439559806 97.7535062110448 98.7381910551831 99.1304595575336 99.267131735169 99.3094482432875 99.272203155692 99.3305246013043 99.4298729575198 99.5350838836692 99.5982353110248 99.6840056351251 99.7220670142423
95.6413747327038 99.2687947248706 98.759183563367 98.7326291276905 99.3962033749842 99.5973659374372 99.6433113577091 99.6458502618026 99.6479272711073 99.6697252579188 99.7133801661506 99.7754543725831 99.7941770947579 99.8518973866233 99.8650048370591
95.0186182627941 99.1531509827392 98.2213429736033 97.7069197771513 98.8650653291078 99.2799845483438 99.3944757400173 99.4340460812655 99.3891039413812 99.4164111274965 99.5200064671923 99.6090620587244 99.6565335018452 99.7452352224896 99.7811598206195
95.2014057832721 99.2320377149227 98.2192773323993 98.3381974268317 99.1217526602458 99.3757073914612 99.4269344839038 99.4895370531214 99.4706623239249 99.4996823990723 99.5675476517931 99.648011696276 99.6865942981811 99.7629049614282 99.7846088733445
95.7999734947677 99.3835486187995 98.5190706659421 98.542845406096 99.346956907957 99.5902557239838 99.6772867189982 99.6841911431896 99.6869362576556 99.6946107269751 99.7544404039166 99.8021944493288 99.8325510273875 99.8787485659492 99.8918125315905
96.025675276045 99.3424855553763 98.7432185218191 98.6313231254643 99.2778527747393 99.5124906066752 99.5753450166108 99.5995831295184 99.5890994704487 99.5809848827786 99.6660378111689 99.7150234042623 99.7520314339879 99.8107432340121 99.8406532417223
96.0383454951387 99.3028348104594 98.3714242232039 98.2986583218175 99.0979083808783 99.3979020283332 99.4766008194956 99.5057857048324 99.5019327951397 99.52670992567 99.6095339502434 99.6854232239138 99.717677604854 99.7910941245695 99.8111663787078
95.2288331032946 99.1312406415278 98.3713871760035 97.9371155947322 98.9362557898805 99.286559892839 99.3899318519939 99.4304528907337 99.4135529144684 99.4532971165453 99.5181641406648 99.6081034168425 99.6621248839193 99.743986485399 99.7706830150591
95.8926609845339 99.3395744471826 98.5205992673885 98.6184055645473 99.29590458075 99.5029730396358 99.5776029774196 99.5753255199287 99.5607949029643 99.606242322093 99.672564759609 99.731997647189 99.7527377008091 99.8173880105878 99.8463884532709
95.7821849395508 99.2999836291662 98.6653985484009 98.7123863260197 99.3285692436171 99.5256465894546 99.5687214218742 99.5947448181292 99.570512133914 99.6215965830956 99.6816818130591 99.7258860638611 99.7687543501007 99.8298508561011 99.8445286480109
96.1832849541394 99.3580902198006 98.4117438836954 98.4507606705543 99.2293474109498 99.4755580072146 99.5642422102014 99.599732184046 99.5849051662586 99.6001716562813 99.6679369775233 99.7288643744569 99.7773847283139 99.8390852531745 99.8546269718283
94.9625969690882 99.1772665833651 98.6758941637335 98.8729935141704 99.4155018103823 99.5973162423327 99.6512455644155 99.6701752595277 99.6605368222646 99.6908953243947 99.7433593369861 99.78565031913 99.8104836766654 99.8594569905241 99.8759124930558
95.9591759871861 99.2967077493409 98.6234630418636 98.1800284048567 99.0994393825477 99.3923674575423 99.4750573070448 99.5305122534052 99.5395599108886 99.5473300213059 99.62618119932 99.6898426340841 99.7419696489434 99.8145009337007 99.8379145473652
94.0800733971775 99.0419051821322 98.5382286256205 98.369439341679 99.1301729708632 99.3762879518401 99.4218112788877 99.481773266159 99.4706585304985 99.4907343148623 99.5780423860948 99.6384216325707 99.6789509074171 99.7723387829749 99.7956971083315
95.2149920583532 99.2752880298855 98.6257786876876 98.3710238809263 99.2644724103866 99.5183974564724 99.5815731036744 99.5941425094567 99.588735844758 99.6065891636629 99.6671757135299 99.7295641655846 99.7599357610669 99.8223928086262 99.8395799068735
96.4565062448582 99.437166221493 98.2640413935767 98.3425347329604 99.1753154244745 99.4527512266989 99.550764764851 99.5799104387568 99.5586457297651 99.5860323057322 99.6474791730767 99.7207757429192 99.7591331522036 99.825459715184 99.8411204193462
95.5879258213051 99.2703239626745 98.6220662750951 98.6908250859612 99.3296784254803 99.528946369093 99.5908759886985 99.6017637828043 99.5899697708141 99.6195822730296 99.6818943336343 99.7279147636002 99.7675528814164 99.8238869198281 99.8436087176332
95.7539826807004 99.3072539978449 98.8985062751337 98.9240890778432 99.4210779547398 99.5667641427974 99.5920737635537 99.608514954391 99.6080100354591 99.6518791907497 99.6941046604184 99.7509319622423 99.7690172568644 99.834917778602 99.8522169955291
96.1475643626092 99.3067636205123 98.2150630664377 97.7998494283005 98.813485050969 99.2008799280201 99.3315957597628 99.3776797531786 99.3341817058103 99.3751674400037 99.4671809045333 99.5687605350711 99.6370875822128 99.7332198356097 99.7449364911972
95.5118023742563 99.2147421606345 98.1301016206687 98.0959380401323 98.9931010810068 99.3137499479703 99.4252408563792 99.4495306977533 99.42826798682 99.4532398777715 99.5291559160129 99.6197377595207 99.6766950212999 99.7522881901674 99.7857296725057
95.5530929811576 99.1444333201903 98.4432160212588 97.3178406743809 98.629867498804 99.1748482714924 99.3289354933767 99.3773902953272 99.3745341097161 99.3941585009773 99.4925062426895 99.5880596077523 99.6504651441305 99.7450908735564 99.7796271838417
