96.2836305306134 99.4557715682717 98.8833681632058 99.0960104529112 99.4178259007751 99.6065168305445 99.6792382149087 99.6785393827884 99.6806440974445 99.6677394137767 99.6613312907253 99.6793621057763 99.6584642337912 99.6281639835413 99.6888243023006
95.1675945905188 99.2281300648511 98.751799480587 98.9545125331121 99.5043987595033 99.7083693521794 99.7607511634097 99.7808240203824 99.7828142836675 99.8076960961703 99.8464479200109 99.8781743166323 99.8981619194587 99.9252038946205 99.9376175901664
96.401415031578 99.539876998231 98.429229939998 98.7905833066071 99.5288347959429 99.7661907722859 99.8453722541403 99.8726209202056 99.862619724868 99.8807854362533 99.9115319976824 99.9349415854708 99.9478412726363 99.9651987183601 99.9688293415624
96.4804139606226 99.4709380629873 98.6105216597702 98.7118925735214 99.4580113293862 99.7243461078387 99.8066913948376 99.8337953427707 99.8296728336171 99.8381683278434 99.8757730549362 99.9092644897143 99.9268501927875 99.9475882286711 99.9540369304268
96.794387891468 99.5433823890452 98.9678105282606 99.088764469822 99.6252741573852 99.8097143039677 99.8624097142604 99.8794601226612 99.8810807403062 99.8923796149849 99.9184263046537 99.9404980376616 99.9500773532148 99.9651804833243 99.9690575097399
96.4008335908589 99.4486719618072 99.1726365919268 99.3700368336741 99.7261899650812 99.8475738056676 99.885538246621 99.8972635674643 99.904864074918 99.9179004363236 99.9343187972277 99.9510353915478 99.9578929627619 99.9696682353933 99.9751904898649
95.8064201538846 99.4196687483544 98.6612385411419 98.8078396089166 99.4981191962824 99.749267728264 99.8240083389138 99.8447984578609 99.8460575893319 99.8646819048112 99.8908796345158 99.9202458996864 99.9374132529584 99.9554184592698 99.962208298834
96.4335389285578 99.4260828329877 98.990761935345 99.1056075933331 99.6237616651814 99.8018619688625 99.8425785714543 99.8601867373795 99.858130739117 99.8784326829657 99.902864635518 99.9272569098895 99.9366346890412 99.9551219736145 99.9607472462807
95.4886858713645 99.2874004878913 98.5847106380687 98.7686218852287 99.4454932454963 99.6843201072363 99.7409597110398 99.7595310893743 99.7559286704041 99.7833397194351 99.8315177309637 99.8648027316723 99.8834948726073 99.9150237079123 99.930683011795
96.2166165441518 99.4133978442344 98.9356077541713 98.935694733605 99.5623091590881 99.7735523283735 99.8380912718446 99.858034201108 99.8649621016463 99.8796762386176 99.9069114453466 99.9289570558623 99.9419403613348 99.9587131392472 99.9651283247272
96.1247004933187 99.413611464427 98.8963516859904 98.9777883540537 99.5638905260552 99.7665941882206 99.8252328383043 99.8474198406302 99.8490981750343 99.8693915857167 99.8990505652027 99.9224592718438 99.9350917996189 99.9542168480785 99.9602308632411
96.4024640558648 99.4506681362255 98.6416658264246 98.9028289726808 99.5527400088311 99.7619984234027 99.8108536686594 99.8244540955793 99.8236107753455 99.840233609946 99.8725763865091 99.9034357828112 99.9201039644192 99.9417555897342 99.9479296236078
96.2143200521567 99.4316196465529 98.3072751497302 98.4256503497467 99.339884356745 99.6737437093143 99.7667347019992 99.8037485876315 99.7991568537424 99.8100047186318 99.8536361834082 99.8872079600481 99.9097640162352 99.9340455706837 99.9433563306628
95.7856235900337 99.3459425218495 98.8367731498464 99.0055624210307 99.5855875209653 99.7755004205818 99.8259670509084 99.8375549558295 99.8357397061917 99.8512620746068 99.8816433784328 99.9093277739246 99.9246234293272 99.9443965185236 99.9509088478122
96.2944144398378 99.3863497723076 98.8782765415519 98.9885255785557 99.5604177372778 99.7653379162967 99.8288305981235 99.857038331044 99.859145335874 99.8793494251053 99.9023193146429 99.9267613500951 99.938829094705 99.9549325322902 99.9631254036161
96.2268847384005 99.4568510662137 98.9639969137256 99.0711741504658 99.6278565823824 99.8108139688705 99.8505188910582 99.8756707597385 99.8788696787603 99.8947311298816 99.9194021240422 99.938325098274 99.9487788768617 99.9628843306482 99.9690039724367
95.6997720169471 99.3737567166974 99.1441966306743 99.1288469043349 99.6553386554785 99.8184027982083 99.8640844456658 99.8757852252284 99.87936600088 99.8962580434653 99.9181072511111 99.9365746195789 99.9468609603137 99.9612952579556 99.9679590313876
95.7646517628852 99.3420454580833 98.7537351290138 98.7319303230716 99.4413168361971 99.6945512912678 99.7710252866629 99.7941601010973 99.802751775595 99.8224499645043 99.8590177791421 99.8906698859613 99.9112771133194 99.9366177684407 99.9467961352418
96.2715081960878 99.3951381413719 98.9565326341175 99.2491825482956 99.6833946102741 99.832619943039 99.8713356189218 99.8783714444031 99.8863257473467 99.9042797358092 99.9240207074316 99.9431716677866 99.9524828924645 99.965439134794 99.9717473171729
96.3212929081164 99.4281628737076 99.1527463026758 99.348364093527 99.7250616304514 99.845345740721 99.8717385453068 99.8823103629583 99.8825001894055 99.9035389400172 99.9211144697385 99.941305319604 99.9484780519136 99.9633483182295 99.9693681310549
96.4337608308894 99.4753418834899 98.7983453947008 99.0809640449409 99.6289722986943 99.8079441038194 99.8564058956276 99.8755470231062 99.8765300541467 99.8917165588858 99.9176043263493 99.9394324192595 99.9485560489365 99.9635667993728 99.9670584031766
95.2098549803103 99.2181683751063 98.4528372752612 98.8769032479878 99.5010395729539 99.7197366642183 99.7711733589415 99.7865087628305 99.7887349619677 99.8175462523411 99.852863495605 99.8818410526845 99.8993299844732 99.9287344389278 99.9419076624178
96.1191795737211 99.439587285324 98.8111269499329 98.5970619598958 99.46298447335 99.7359325056885 99.81965816509 99.8449961466215 99.8453459921415 99.8553716390574 99.8827046761898 99.9104677485685 99.9295657154116 99.9515371649151 99.9572520274833
96.225334312009 99.426681805186 99.0951385538443 99.3129834329378 99.7237678070955 99.8469936702791 99.87052220941 99.8804016724374 99.8825435749621 99.9011104181987 99.920810109674 99.9380459218556 99.9453543325697 99.9610502968613 99.9680028672365
96.3368573142541 99.4227700237436 98.6900488565958 99.0722397728376 99.6250806138658 99.8015262758637 99.8434149260288 99.8509853535082 99.8518735982463 99.8696025173857 99.8982909948459 99.9214560338747 99.93520923245 99.9524271910862 99.9589025837689
95.1414444159921 99.3146298923249 98.9787769045146 99.2659010755425 99.6915695895496 99.8363804217683 99.8690338416493 99.8847499081161 99.8924031828496 99.9071513142829 99.9284819462465 99.9452124146707 99.9520878938243 99.9659894287428 99.9724389649707
96.1485260528266 99.4111769404929 99.0570603965914 99.3167020709117 99.7129547946725 99.8356433130656 99.8616569472934 99.8729498757221 99.877263690871 99.8877689442233 99.9134304126293 99.9347974183241 99.9431270571452 99.9587482766484 99.9639434677516
95.814507863248 99.4268179466137 99.0255519650919 99.1474397452681 99.6579020891941 99.8185853131683 99.8587214912163 99.8767158873277 99.8849402190582 99.8958087890486 99.9185077052012 99.936804094146 99.9481814898837 99.9638789216102 99.9680884667701
95.0273983188025 99.1808259281072 98.8738617941171 98.9672200254553 99.5358817264784 99.7296272055151 99.7736503694368 99.778897332098 99.794389992705 99.8191462756527 99.851327587677 99.8781385710541 99.8970571921638 99.9265931269576 99.9400796496471
95.9159866298423 99.4070570696692 99.077535945979 99.1465464604349 99.6317742470331 99.7919424975359 99.8129232823123 99.8315433277531 99.8359889430358 99.8586017388003 99.8798609455607 99.9090925413823 99.922993128838 99.9443748834256 99.9532257309727
96.2863395147808 99.4464303694731 98.3015250257885 98.6120480101489 99.4360572124955 99.7056483819975 99.7875249032568 99.7956085523026 99.7920186097544 99.8135856681925 99.8548627058963 99.8925534660599 99.9080462272851 99.9359410547519 99.9420281594342
95.6251797655106 99.3800150290962 98.6231332681527 98.8922045932182 99.5293438983638 99.7469696286035 99.8087248266912 99.8336469883916 99.8366332623976 99.8546857274989 99.8853093890474 99.9134026679354 99.9251515205854 99.9464794584129 99.9552423362787
96.6866048018311 99.5071065825678 98.9020029723112 99.2535147018354 99.6973698307847 99.84207755753 99.877058094001 99.8893952049369 99.8948922645119 99.9079697292717 99.928877824395 99.9474960958884 99.9567625625382 99.9689124717006 99.9723336623928
96.4024222497342 99.4449942433588 98.6751843205805 98.8580687961401 99.5314261506771 99.7563161246462 99.8272391883175 99.8580793164892 99.8556824975162 99.8737807264555 99.9003489473634 99.9263114716278 99.9399427336444 99.9571504446163 99.9639264963402
96.9768979377529 99.5332114554418 98.7965401913415 98.8651000047872 99.5248592520346 99.7639454418115 99.8390883704746 99.8664266811883 99.8657226710045 99.87255365257 99.9020713481055 99.9253588350958 99.9380430003295 99.959050992764 99.9632691780441
95.2262595867302 99.2780039001944 99.001842998432 99.1287655509768 99.6506059806676 99.8124772736272 99.8460121390839 99.8637295759322 99.8740951360888 99.8897087040124 99.9139277619574 99.935105382954 99.9423395781551 99.9574824030324 99.9663018859967
95.5734304613156 99.3621858297436 98.824315185762 99.2358943912299 99.6835360055192 99.825819777051 99.8618202715935 99.8764970174334 99.8803712238004 99.8936858215338 99.9184449452237 99.9383605762288 99.945804521109 99.9615270244519 99.9685374945421
96.2215595842765 99.3955224138932 98.6915352816539 98.4674246415454 99.432855739491 99.7271151679062 99.813765547403 99.8357895266197 99.831759012899 99.8442566003263 99.8807916779891 99.9080657787332 99.9246474213201 99.9479247737817 99.9539782729383
96.7211901371213 99.5293631264543 98.491780771631 98.9857703350544 99.6007587677745 99.8117874482714 99.8736400321183 99.8924687387739 99.8923770465161 99.9066961532519 99.9292236980598 99.9482334910405 99.9596551862054 99.9707212041862 99.9750164252149
96.0256763794341 99.4137086438856 98.6802437309801 98.9522924805127 99.6024901884898 99.7872478921858 99.8460520447974 99.8602350225213 99.8622076001687 99.8749861122617 99.8993239316123 99.9267665472418 99.9385858404507 99.9555765163924 99.9610123269361
96.1692510981459 99.4190842220724 98.8849164102844 99.1430428133532 99.634286438189 99.7991305223807 99.8537975156964 99.8685527202693 99.8735007912055 99.8800350259407 99.9117006372639 99.9324627142039 99.9448408986903 99.9599968882186 99.9670447580726
96.4853319136828 99.488409384467 98.6645629183391 98.8268041854896 99.5232504393013 99.7603994200524 99.8212448355052 99.8420324727163 99.8409901015661 99.8536168337625 99.8873445351315 99.9171531612452 99.9327993747642 99.9493565636324 99.9579014525734
96.621659591599 99.4709466656363 98.4481346764452 98.8016948357936 99.510835645229 99.7448747431179 99.8250645342859 99.8537141697017 99.8524480175199 99.8672086223449 99.8949358030828 99.9199943301816 99.9367995374325 99.9548790715639 99.9606448159558
95.9907250033911 99.465735945366 98.6648014431719 99.1317147509471 99.646799476629 99.8128441117935 99.8647528875188 99.8833947401839 99.8855128800935 99.8968126395376 99.9206337087611 99.9419602773022 99.9526222795823 99.9670687827678 99.9701767035766
96.7764373838443 99.549453416976 98.7965816748084 98.9517168080327 99.5650042978973 99.7838834890856 99.8462249396878 99.8694004443085 99.8672587160107 99.8823701462067 99.909244732343 99.9313603108844 99.9438720074582 99.9603446731432 99.966641296656
95.6515946970449 99.2589519416438 98.9235881932453 99.1831567982212 99.6292173541312 99.7725208754807 99.7877872720865 99.8043012701499 99.8129784015401 99.8301665020656 99.8684993838439 99.8964460941894 99.9084435248567 99.9327736027339 99.9436383296127
95.6634209476675 99.4259605139464 98.7632129189508 99.0817179884491 99.6146368268207 99.7981371136959 99.85151405531 99.8748373157535 99.876959670656 99.8915430740777 99.9168248021859 99.9352601562262 99.9481354498448 99.9615392234266 99.9687784750656
96.3309834875627 99.4549711854972 98.7490063395423 98.7253415411757 99.5054554737842 99.7582140608387 99.8293438471985 99.8504671968548 99.8420415391263 99.8562351617052 99.8898903378255 99.9176828147981 99.9354105428629 99.954272252313 99.9599186771767
96.3611468001545 99.4303445935712 98.4978581393099 98.5161898105851 99.4121409013823 99.7065546266088 99.7881777159776 99.8072180564423 99.7957866177227 99.8148359700467 99.8591912482714 99.8936483010796 99.9126583000071 99.9377336043385 99.9436645053939
96.1086479050686 99.3857665206857 99.0068530501297 99.1573633699888 99.634039687259 99.7978984624502 99.8393533893318 99.8539248133773 99.8564455188124 99.875647628712 99.9014330250788 99.9237788323428 99.9360333815134 99.9532939591848 99.9608925368888
96.813095123477 99.5645382259884 99.0831779878419 99.245531535685 99.711781495284 99.852847973379 99.8894631845947 99.9020478827793 99.9033601509847 99.9184567586985 99.9358650647294 99.9522366716498 99.9606736343399 99.9726298030236 99.976269857821
96.5130529707507 99.5149225337935 98.1945302895094 98.5549508042837 99.4087012761309 99.7163694534412 99.8142832044914 99.8432849577617 99.8401053634594 99.8534924594036 99.8884958394461 99.9177668002036 99.9366970996734 99.9563582587307 99.9606957803869
96.2838816862492 99.4422255555868 98.8248156088147 98.9731502113928 99.586533997274 99.7885265064862 99.8502000539994 99.8678523100537 99.8703464303615 99.8889494807445 99.9141006814319 99.9351113848739 99.9447632507779 99.9612920639984 99.9672990244187
96.1430931371745 99.3546554039843 98.8109146078663 98.9466656438958 99.5437380894264 99.7505794138438 99.8095201789803 99.8243475245029 99.8238285878637 99.8465531554411 99.8799610878157 99.9077179086935 99.922172194938 99.944392077127 99.9526789362747
96.0378340141402 99.4357505661567 99.0773887345113 99.1959671106298 99.6864026445796 99.8312642272908 99.8751077137024 99.8892513369174 99.8929621098104 99.9090716292283 99.9273313180212 99.9462879948151 99.9547232983965 99.9676069652192 99.9734114545678
96.5149316635223 99.4710796992767 98.1695728884557 98.6252937024662 99.4059549237194 99.6907652417829 99.7925125525639 99.8185917677854 99.8119172761088 99.8309455768337 99.8716369938558 99.9064451800832 99.9253564788492 99.9478137364632 99.9530299621485
96.6665809108031 99.4810526037105 98.9076868580287 99.1181114165576 99.6357291982595 99.8108389091112 99.8646105716296 99.8827380105311 99.88219633824 99.8927350211302 99.9193874933785 99.9381885912184 99.9506967476701 99.9653298047108 99.9709735049088
96.6774711591241 99.418590537637 98.7561972554109 98.9844923285163 99.595318231655 99.7929595856027 99.8419432573832 99.8586001176761 99.8594138253761 99.8716414267287 99.8966138714876 99.9170066404893 99.9339211587205 99.9522564066897 99.9596582049649
95.96758416936 99.3458322713211 98.8234769106435 99.0024232015198 99.5681650835985 99.7649133609869 99.8154646661562 99.8311037111456 99.8287405239439 99.8462081201984 99.8827093659115 99.9094865283687 99.9218721419603 99.9450031617045 99.9521040832839
95.5447418822209 99.3275548857725 98.9784442861959 99.0656179427749 99.5950541740191 99.7763757184652 99.8224387075459 99.8399795559436 99.8416667897265 99.8589006239022 99.8900775994111 99.9143027163999 99.9274944857985 99.9482925291417 99.958048479015
96.2684513798435 99.3979560489168 98.8512394004925 99.1049001273615 99.6196340895048 99.7877793842069 99.8287134357336 99.8420846862708 99.8436276870292 99.8637814576986 99.891967683586 99.9184307994504 99.9281457349846 99.9491103798581 99.9560811944925
96.1823474524368 99.3518562502428 99.0142219153326 99.2443530769926 99.6641371323299 99.8078666647808 99.8362000284657 99.8484359407569 99.8555858039517 99.8735176344137 99.8988765360286 99.9187710795809 99.9312784446425 99.9506875621655 99.9587076762012
95.584064692922 99.3302574478351 98.664224335626 99.0467185041353 99.5884518560667 99.766627410549 99.8019931701497 99.8187461780081 99.824488216886 99.8378615696788 99.8714842113402 99.9028653783241 99.9124138774873 99.9387745801593 99.9472345175795
96.4116528208904 99.4634537014359 98.7153794906816 98.7445312130857 99.5120080508075 99.7695608781992 99.8478631830594 99.8741586597229 99.8775546458517 99.8878859962546 99.9138999284407 99.9358340373758 99.948431015344 99.9614718769201 99.9686770867272
96.0931714423597 99.3826074170946 98.5447040433243 98.6775365461556 99.4175449980952 99.6827065907517 99.7576388864077 99.780113818178 99.7707250427722 99.7928949834063 99.8400467863544 99.8743635241095 99.8963873044734 99.9242925163344 99.935948100162
96.2479140013328 99.5014167106496 98.1840061505638 98.5835088561086 99.4466913743694 99.7467159639653 99.8377802647176 99.8642557292085 99.8603854231457 99.8650603846436 99.9025662791493 99.9293460450821 99.9474353820604 99.9632393264116 99.9664338599227
97.0285290316569 99.5771865459517 99.1543558961167 99.2394934740551 99.7035057920663 99.8458968995418 99.8840910485864 99.9009496594078 99.9020115215646 99.9166461060749 99.9358298113635 99.9498165527617 99.9590540789382 99.9701677246526 99.9743177019177
95.9163233129924 99.3247952973831 98.633170982273 98.968996649569 99.560621020153 99.7659121713657 99.816682410496 99.8370151418778 99.8358363955499 99.8516586890146 99.8871565479108 99.914103968892 99.9257838623685 99.9480486005807 99.955853817666
96.2847990844266 99.4218898886383 98.7922031245695 98.9096948906146 99.550544933981 99.7711054383926 99.8328247465236 99.8487381176698 99.852880145584 99.8706563043642 99.9000696759282 99.9250573420159 99.9370002728984 99.9557437874076 99.9613610352089
96.439666239514 99.4708574161825 98.9937132636393 99.1353722487351 99.6392594741271 99.8050112653214 99.8468609051674 99.8589839215777 99.8565193440614 99.8788196266647 99.9005063548124 99.928154926667 99.9378843679714 99.9560154842804 99.962772895502
96.114208714354 99.4528681596906 98.8930732645059 99.3538300474576 99.7431334683557 99.8619584416655 99.893688531075 99.9024844605205 99.9061693582513 99.9236642433733 99.9414992837965 99.9568452329607 99.9627180073665 99.97303347662 99.9773349935984
95.8902369725936 99.3732132268682 98.9972598324757 99.2422514281734 99.6706706349796 99.8187147017726 99.857761521315 99.8733251535026 99.8771460893565 99.891149742652 99.9156971289466 99.9347325635434 99.9451973760605 99.9614093842876 99.9687648274992
96.8757980063421 99.546185268646 99.2362048664381 99.4299325024009 99.748798656618 99.8523989238184 99.8706568185223 99.8770722078041 99.8825957132841 99.8947186824258 99.9175571623961 99.9353412529739 99.9434631331035 99.9594078431336 99.966501736879
95.5688866409192 99.2830597488802 98.2947718341675 98.5602714121775 99.3487326910432 99.645640690789 99.7364661750638 99.7519845764936 99.7542143831606 99.7730705129649 99.8173592154211 99.8628868795285 99.8867639260766 99.9175528285458 99.9269112854871
95.9238456577604 99.4062069467361 98.6674686595565 98.8680247256357 99.5120631124744 99.7408554493072 99.8007943624816 99.8156305420378 99.8252075776928 99.8458299065119 99.875712522492 99.9085359574933 99.9216396306853 99.9424149843858 99.9509546985549
96.542348331925 99.4650442827049 98.5414952027641 99.0002536913026 99.5874822300381 99.774768961418 99.8209875292319 99.8322555114925 99.8317002133489 99.8484422180894 99.8827919775126 99.9057277904156 99.9192650126926 99.9414396995709 99.9493325474579
96.2564407069727 99.442756813051 98.9405934910149 99.1170700788044 99.6211139465576 99.798951492028 99.8491967102823 99.869442606337 99.8713510986888 99.8904922535481 99.9134498283659 99.9349489872446 99.9458723088689 99.9598835051571 99.9667951567863
96.2360649671723 99.4556598304761 98.6703910034549 99.0805807159361 99.6258029116842 99.8058107596101 99.8555467630784 99.8732923111248 99.8697523125045 99.8831668976124 99.9088355474114 99.9348493978512 99.9450162016506 99.9608197572588 99.9662093086111
96.1275198222801 99.3874740652124 99.0545786633384 99.2503516516227 99.6595807956974 99.8067962896978 99.8357350802632 99.8494394246612 99.8545193402688 99.8718816556724 99.8966843892868 99.9179749554158 99.9301015465316 99.9491432006764 99.9572393032946
95.7879894063303 99.4014707236575 99.0730445950224 99.2726241536709 99.6970294291066 99.850338176754 99.8891345142859 99.9043689463337 99.9100175734542 99.9253771446552 99.9412649141362 99.9572030205391 99.9643257596715 99.9742098732975 99.9786893320364
96.1603116455501 99.4015175101439 98.4554264427279 98.7559566682211 99.5189581334832 99.7638648633793 99.8193621267316 99.8399794187038 99.8366329332617 99.8477655926611 99.8862575981089 99.9144441111417 99.9300872975706 99.9487696891294 99.9547052418398
96.2722286888299 99.4302020676897 98.7848985967712 99.0052893508063 99.5780324913856 99.7699384733415 99.8283570394643 99.8430326665534 99.850963407058 99.8663456465943 99.8931417875379 99.9193141859274 99.9323724413637 99.9522608497962 99.9592720135307
95.6614534426405 99.2715533189535 98.9566643414378 99.175772571257 99.6436399034379 99.7994454727641 99.8316466313318 99.841634375098 99.8522594137889 99.8739255375229 99.8989479690417 99.9206056701633 99.9285851701265 99.9482078600765 99.9580944368561
96.6104464264049 99.5020366575598 98.5658977918049 98.8075970375417 99.5294039706781 99.7744907167077 99.8395750390633 99.8653292097007 99.8667999990241 99.8720951068602 99.9053189212474 99.931161885417 99.945202358788 99.9610944250548 99.965501187108
96.9064319479118 99.5805014402393 99.0878494519372 99.0975507470936 99.6624920881447 99.8418707407059 99.8884470841394 99.902907994879 99.9046548873498 99.9160749584079 99.9351221120416 99.9514311938422 99.9603257905415 99.9716663453215 99.9760092671039
95.4683913151066 99.3311247490455 98.9952592886843 99.0862785956012 99.6314486933168 99.802800506756 99.8382903074725 99.8549545484789 99.8605532700303 99.8803085797603 99.9036020015559 99.9248608264298 99.9336226636761 99.9520123264169 99.9609631581629
96.2709224399153 99.4262985390819 98.2320672777399 98.2895067555768 99.3017842570227 99.6554413007577 99.7516044906662 99.7770178291895 99.7678440357944 99.7886477541435 99.8283060401103 99.8672754287218 99.8948499459913 99.92294067784 99.9326768740035
96.5796160353193 99.5004855264916 98.7884498472858 98.3944131081009 99.4582340937104 99.7521123761971 99.8280856997126 99.8477763190342 99.8446687105244 99.8553778291502 99.8846633669506 99.9107115114862 99.9311070382939 99.9514734434634 99.9563096540627
96.8019494853618 99.5326343540212 98.6426347287953 99.0451109732117 99.6355571616616 99.8402279267094 99.8932228316305 99.9035968084238 99.9072266808194 99.9142937795308 99.9357815453925 99.9536538897123 99.9624155252776 99.9739238252604 99.976556795844
95.3748455656853 99.1781550449836 98.9469295071898 99.1742751670348 99.6275926886469 99.7718185632324 99.8031289726637 99.8142950426253 99.8179684591685 99.8397330764752 99.8724315124373 99.8974198869574 99.9115357018672 99.9351336757451 99.947716876366
95.9586193302377 99.3879475038639 98.7592352876707 98.8510877484603 99.5491177123626 99.7598416631887 99.8094299276941 99.8287807737593 99.8300836536677 99.8499749033277 99.8744039551869 99.9082103905077 99.9223955357398 99.9415043268835 99.9512579976649
96.4145885818761 99.4465305059406 98.6771008199943 98.8624754471821 99.508460911026 99.7392494324823 99.8147658020083 99.8391238335401 99.8386542323503 99.8570661627559 99.8885467473457 99.9149073561329 99.9313725432718 99.9502446340853 99.9571935155175
95.9789096083716 99.4508384356495 98.1027739823655 98.4485678807739 99.3742166819479 99.6980722207439 99.8015191569687 99.8378700813632 99.8392668943898 99.8478748037077 99.8868924406236 99.9168738714242 99.9332293871616 99.9539929458974 99.958450291384
96.4519783695943 99.4384080644312 98.9823095059765 99.1931956330105 99.6765246821013 99.828027185726 99.8699381229988 99.8822838685946 99.8864887685016 99.9036540395018 99.9235008216076 99.9411571382109 99.9497220053501 99.9642009783378 99.9699408332995
96.0730727664636 99.4225685547718 98.6848512295834 98.8759770361655 99.5466793455959 99.7655046021517 99.8271533079979 99.8425358377585 99.8434169767466 99.8551460360411 99.8895590366065 99.9183877678411 99.9310416063386 99.9489794717204 99.9562057704691
95.9523788266727 99.3804897456593 98.6155358471913 98.9479176860296 99.5616031851056 99.7707498663731 99.8344965707978 99.8507239115577 99.8492633360586 99.86746586131 99.8960975530472 99.9230901826899 99.9350597911206 99.9530814961362 99.9608149487396
96.1675478498691 99.4758423072424 98.9112825977953 99.0434137123865 99.6147087184461 99.8091401237499 99.8717158265307 99.8925267478619 99.8951396216755 99.90789772085 99.9282264580334 99.9474942467395 99.9567161569598 99.9708884647874 99.9750422316714
96.4227506942037 99.4594192663903 98.5704551655649 98.9463970289304 99.5722818306482 99.7937912887855 99.8548433019643 99.8726572867873 99.8771913991705 99.8932730863272 99.9176616396761 99.9393434077228 99.9513450716521 99.9653665592973 99.970290345129
96.0119877752901 99.3408156269956 98.8583634192706 99.1507797395968 99.6388853455796 99.8033526354614 99.844664331579 99.8562511686906 99.8603017420164 99.8785306810759 99.9033017839144 99.9252122285923 99.9346815918045 99.9524813410113 99.9611489793311
96.1114944031749 99.3834934390617 98.7644435371745 98.8542837879265 99.5341204656344 99.7601606398757 99.8147366471783 99.83049159387 99.832640699441 99.8494497294566 99.8824300341832 99.9122219333002 99.9250660804168 99.9461685757293 99.953217959373
96.6187376378085 99.5441182578061 99.0483368778369 99.3239308030033 99.7292804951514 99.8598687006942 99.8949250336743 99.9055437540176 99.9101536669956 99.9219086771629 99.9394478370416 99.9550113899739 99.9634260966126 99.9735728001372 99.9779569473379
95.9150957758284 99.4081270219746 99.1000392376511 99.2789379043869 99.6870149141089 99.8257714740054 99.8572445167446 99.8667391434354 99.8753920237034 99.8914939264437 99.9152637748368 99.9348281248945 99.9428099744296 99.9592130944488 99.9662865318036
95.604619031848 99.425295302603 99.0447141085621 99.1163607368276 99.6481233105162 99.8100022857476 99.8495926700767 99.861955494436 99.8660193990505 99.8853482138218 99.9116906844138 99.9305083044755 99.9409195643402 99.9574758673542 99.9650513538271
96.2140530676924 99.4471073237445 98.513108795224 98.6836186217399 99.478797530299 99.7465073953593 99.81784359378 99.8371660603853 99.8411365584065 99.8583305430233 99.8884678727937 99.9199295413268 99.9325556813457 99.9532266473991 99.956348192566
95.6817667038287 99.3740531115662 99.011987972075 98.9300000462657 99.6004563431954 99.7939207947677 99.8458003998515 99.861067380395 99.8646539405408 99.8791084237561 99.9003981897227 99.9241537400771 99.9365749658765 99.9556427421389 99.9614745564157
96.3620610340963 99.4561525986863 98.6137391437408 98.8477113200906 99.5174424826285 99.7517146659445 99.8285489846482 99.8576470573838 99.857213755195 99.8723984638681 99.8982961593107 99.9268279155969 99.9421077540216 99.9589314147057 99.9643373879558
96.3655289120232 99.4309661985142 98.2781343501228 98.4209651350744 99.3368094618886 99.6478650563549 99.7461718378725 99.7779569681506 99.7686047764908 99.7955916406807 99.839476026343 99.8750658750539 99.8981423493178 99.9262019474846 99.9352655733132
96.2221806313317 99.4683145804884 98.6090570761198 98.8205641426992 99.5246865178133 99.75405657093 99.8319483034116 99.8567954232018 99.8526909477919 99.8627032811135 99.8973772108453 99.924909645848 99.941345171987 99.9582858442172 99.9613727823673
96.535336309772 99.4880244938212 97.9323517660833 98.2401798212409 99.2892456045365 99.6553647651789 99.7861764986158 99.8201440729105 99.8153558551063 99.8239966385293 99.8681236148845 99.9024924540729 99.9252297002575 99.94835059139 99.9526235954335
95.7766765205733 99.2808329382939 98.6264720578428 98.8539454275435 99.4762985884789 99.7019768415919 99.7646155971701 99.7807711174718 99.7878848595222 99.8104309475657 99.8465183522168 99.8816819088623 99.9000691617175 99.9285675657244 99.9371630655092
95.6070989661329 99.356719487512 98.7393074193794 99.0696501758028 99.6288056891416 99.8047679554129 99.8499034829768 99.8656398386667 99.8661594027568 99.8845441391769 99.907284219081 99.9289965229451 99.940226553935 99.9577417862643 99.9634748518222
96.327006182132 99.4258349831651 98.9653086610521 98.9542116599298 99.590146855558 99.7862265630547 99.8358800240645 99.8595023507955 99.8594128046461 99.8687773418006 99.8990521653936 99.9231688591408 99.9371136931299 99.9541605987404 99.9606177148797
96.0885129744645 99.4140980511653 98.7254166265109 99.0358784806071 99.5601592305752 99.7531805924697 99.7978259816974 99.8123956531445 99.8121065622566 99.8371779857316 99.8700526003676 99.8952034891343 99.9127863735153 99.9370090009604 99.9455532170456
96.2824955089185 99.4643115909897 98.9414434064222 99.154468090888 99.6250649410895 99.8007659739204 99.8432902057721 99.8605773445409 99.857008430653 99.8743379372526 99.9052543596835 99.9288241733165 99.9391287420789 99.956180451169 99.9622143192851
94.7826941304005 99.1714311965369 98.8132097505714 98.9528498233294 99.5403806271136 99.7343208874404 99.7720413132645 99.7928299985552 99.8019769704356 99.8275737563542 99.8586593539681 99.8887517878929 99.9033611691503 99.9318313286336 99.943866405847
96.0299824760077 99.3791828850349 99.1713290715055 99.3477348157847 99.7322304746147 99.8468323613357 99.88468835856 99.8957728184199 99.9026421710288 99.9151536048686 99.9327703963195 99.9479609203105 99.9557825324195 99.9681372454155 99.9741804806616
95.8826466181518 99.3800364680874 98.8878189338343 98.9979061848217 99.606417738611 99.7909716567651 99.8520777122635 99.8692901658053 99.8707623283374 99.8887206962723 99.9115719094074 99.934236293512 99.9451086545018 99.9609751898225 99.9662306164519
95.6447152149141 99.3911766914211 98.8639233987649 98.8000178420804 99.5449225917038 99.7813026675689 99.8503945493228 99.8721587630668 99.8771966306819 99.8901365986624 99.9102840143614 99.9345086721286 99.9463886283919 99.9620140117571 99.9676029116255
96.3620342972122 99.4852701813256 98.9246881121503 98.868328720045 99.5850430658429 99.7942368549555 99.8430329188548 99.8597937551685 99.8612103151146 99.8716410783636 99.9012482054921 99.9219472566128 99.9357271925607 99.9522335991198 99.9599534703348
95.5035649292897 99.3720609375514 99.0383063733163 99.3345358079376 99.7250249626388 99.8390647657543 99.8591583211938 99.8702083490253 99.8758034616419 99.8965358485886 99.9183076269379 99.9360732378398 99.9426192601423 99.9597310996646 99.9658880025972
96.3114959211793 99.4032755789773 98.1315583782953 98.4303164588786 99.3568246396687 99.6805937571034 99.7873556381488 99.8041356368422 99.7911218616464 99.8073190444236 99.8507579078861 99.8896880839103 99.9119917099344 99.9370024538998 99.9446673876086
96.5626279680748 99.528116687418 98.5014786028684 98.9600382206988 99.5634712512777 99.7791850031317 99.860985822205 99.88848640643 99.8924599893347 99.905450933914 99.9271411793278 99.9478971794964 99.959198800503 99.971837537306 99.9740365287547
95.688731004687 99.3243039537534 98.619690544749 98.8490969451212 99.4904441507507 99.7284024630714 99.7928881086631 99.8079651996238 99.8108181622565 99.829738066292 99.8659316765983 99.9010891646399 99.9166567343968 99.9386645558967 99.9463010412782
96.4803556765317 99.4968123217509 98.9015607079352 99.1673058210493 99.6570408569872 99.8033309854423 99.8425780197597 99.8585202120268 99.8597438353611 99.8751045009317 99.9055613494658 99.9259915780747 99.9349184102766 99.9530314860287 99.9603617543589
96.1550006477212 99.3760844653907 99.1555584970585 99.2965767904226 99.6773555354661 99.8040037147171 99.8337533196016 99.8417402141067 99.8465839361335 99.8680252871189 99.8941748348758 99.917501076155 99.9246470429378 99.9457303646638 99.9544926081684
96.5474108598887 99.4618231342557 98.8144606071834 99.0034652431226 99.6135120735784 99.7997535094004 99.8439012235302 99.8498518659137 99.849423110188 99.8649985408202 99.8935995176009 99.9208118590971 99.9325431252648 99.9507332733164 99.9584548613138
96.1854793214258 99.4403038644622 98.412719080156 98.7742790890707 99.5221827021781 99.7555304871667 99.8361919472943 99.8567273809916 99.8560188505126 99.8654649911002 99.8975940788369 99.9236843741116 99.9413701347238 99.9581744197116 99.9626469612004
96.2489656479318 99.4365800684269 98.6715592122212 98.8154027793822 99.484214337455 99.7377278986257 99.8107945001387 99.8437427583568 99.8427496385616 99.8502173018787 99.887623558967 99.9171260249173 99.9320860697042 99.9530309252559 99.9580333805384
96.196521251045 99.4734652992256 99.2651434995935 99.4397019185966 99.7533082654334 99.8620298955198 99.8873438949724 99.8986385891806 99.9058878532283 99.91678170827 99.9360778746463 99.94954666707 99.9583676977826 99.9703147072069 99.9759706869425
96.848844364944 99.5665234159593 98.5016721387984 98.6065690261551 99.5341363783878 99.8038459969598 99.8758662167872 99.9006293803017 99.8997614255345 99.9046954950329 99.9315566596727 99.9496817356922 99.9614990248933 99.972767990302 99.9762989257837
95.3259304414379 99.3396867392127 98.8968719901586 99.0712971313271 99.6179223144052 99.8008050226155 99.8544323474084 99.873298031497 99.8846749075941 99.9018291034415 99.9231486027603 99.9417971815349 99.9500009126703 99.9645650614749 99.9697682155862
95.747102466609 99.3059570397829 99.066749200969 99.2485485196468 99.6610147987031 99.7916174596667 99.803833183617 99.8150937072075 99.8273228970856 99.8529306135833 99.8817648290519 99.9083002927955 99.9177012605654 99.9391706989324 99.9497739877144
96.1220573516806 99.4210216484963 98.7963121339905 98.7736894792385 99.5233838839135 99.7663323854313 99.8445742838366 99.8698951972729 99.8675754403978 99.8876777144675 99.9080382884634 99.9333838276367 99.9460785091703 99.9625979585369 99.968583727818
95.6751230539573 99.2753425065032 98.9841643472407 99.112006411306 99.6096266699184 99.7721447229717 99.8085033374378 99.8223805428809 99.824339735265 99.8412798782956 99.8736052096761 99.9023661521509 99.9170768454399 99.9412830234783 99.9491405796397
96.3789175820954 99.4557007043344 98.6563164342114 98.9256013818203 99.5642185856687 99.776330267743 99.8327126978478 99.8430566338895 99.8379611262177 99.8588011260485 99.8911204086174 99.9163874856587 99.9301992428865 99.9521352702464 99.9555543822487
95.8153340111119 99.3566040805635 98.9346089532533 99.1535214201313 99.6705677951904 99.8234194259794 99.855535610934 99.8664291788502 99.871966327435 99.8862361471584 99.9105855525078 99.9320561940738 99.9426366529591 99.9580626703547 99.9647011796731
96.0706493522279 99.3420924066444 98.5611763234895 98.2562875046596 99.2831645052499 99.6276322244402 99.7147243677556 99.7360616495001 99.7322127933783 99.7498315448036 99.7893044929497 99.839431655967 99.8689319365485 99.9040054882763 99.9181668864262
96.4648119155178 99.4966268469882 98.8945723591684 99.1859118102293 99.6711217050206 99.8238685057571 99.8616847754357 99.8765674010779 99.8741141401415 99.8914654739281 99.920447830349 99.938334031067 99.9498531327899 99.9633825228102 99.9684200277621
96.6653475111713 99.5105674660034 99.0548437976837 99.2202550460044 99.7016759229828 99.8549674540983 99.8966205059286 99.9117343863549 99.9154652599986 99.9235036487579 99.9412474996423 99.9571415737622 99.965247492196 99.9741671037063 99.9786813661875
96.5554063987851 99.5098287627815 98.7023580786822 98.9331577421416 99.5442919937205 99.7517582792122 99.8115176488674 99.8290481899223 99.8270133968922 99.8428635164571 99.8790899828637 99.9105560421128 99.9246540378677 99.945798279144 99.9528168267222
96.4429650906684 99.4479510084346 98.5726800433412 98.4949372834566 99.4157110555868 99.7318537370283 99.8315008301316 99.8692935117264 99.8699690025187 99.8805291261464 99.9109999176391 99.9361483677259 99.951184134023 99.9648776780662 99.9701485001854
96.4513748978427 99.4675064202372 98.6807630264239 98.756147348484 99.4868240475722 99.7417870098741 99.8053491034796 99.8287102132763 99.824889400913 99.8384427788608 99.8754810319887 99.9048420513219 99.9249593762483 99.9483025632002 99.9514891345692
96.3621026174331 99.4927958124586 98.2965019576845 98.1203971927654 99.2823256034599 99.6743053760326 99.7987440114209 99.8265235525907 99.8315099366507 99.8396073476527 99.8749927198943 99.9047104572388 99.9302277158491 99.9506138514381 99.9554523056369
96.2875756990492 99.4546291067458 98.7316788326049 98.7776464870349 99.486329441044 99.7467735117609 99.8242308123288 99.8535290161367 99.8521605562711 99.8712626117939 99.9013113769848 99.9263194367839 99.9411663308245 99.9583714687914 99.9643285737363
95.7785197810903 99.3821618644764 99.0662290875829 99.1648737757725 99.6624760966104 99.8202965758532 99.8601359658412 99.8753737128344 99.8823069466509 99.8966652734597 99.9188614302126 99.9391690136323 99.9477780579418 99.9636385302086 99.9695760206233
95.8941809772967 99.416671223895 98.5108378400408 98.7022345137665 99.4514229444381 99.7109834622669 99.8003482565099 99.8158467965378 99.8163291009387 99.8350842041067 99.8704652825525 99.9016721094156 99.9164795767772 99.9415295702345 99.94843547924
96.2594809039169 99.3811601276986 98.4542363050678 98.7329810719984 99.4375766191671 99.7104217464715 99.7809744919779 99.808810184461 99.803931861962 99.8215624214393 99.8567377343621 99.8929759249286 99.9120896645866 99.9358629070544 99.9453694424041
96.1819818638325 99.4119174176971 98.4710124710105 98.660012555417 99.4375297539497 99.7065922717417 99.7842425639576 99.8052082545558 99.7995218968417 99.8207053685932 99.8546612589553 99.8934861843331 99.9122519674182 99.9349556807057 99.9437203562854
96.1023559918629 99.4622898411251 98.6468345686881 99.0713167973238 99.66287601963 99.8371195780647 99.8837314307086 99.8976682826565 99.8938068574356 99.9076665688691 99.9281795036087 99.9458284530369 99.955956703811 99.9677496886542 99.9723805429224
96.1056765065717 99.3384120636317 98.5539902871965 98.6947486282648 99.3977535640529 99.6426865959684 99.7095731395887 99.7421998563087 99.7425484420716 99.7650675273256 99.8161274135476 99.8534831339568 99.87809693532 99.9117037151157 99.9244118665131
96.2642631376947 99.4354042648651 98.6387372128613 98.9184576999528 99.5524332805843 99.7683607028937 99.8410329214604 99.8595268634084 99.863974051257 99.8813796167083 99.9104821446694 99.9307981240792 99.943526279003 99.9606979718716 99.9663590412994
95.0143319164415 99.2948848729612 98.3767941608377 98.7102857266122 99.4595878137966 99.7049719480738 99.7787393699272 99.8118091253558 99.8170514349496 99.8375233797433 99.8722358229519 99.9050447406116 99.9216862477358 99.9432816193737 99.952638680743
96.4605396158477 99.522115626374 98.9803244979105 98.8958190500134 99.6206612657238 99.830845384383 99.8844981153477 99.9075208485095 99.9135532013472 99.9228240903248 99.9408284803213 99.9567688809299 99.964022039461 99.9736527204762 99.9780434572214
96.4145656902655 99.4984114262954 98.7271201047083 98.9128195867941 99.5269604980722 99.7475379859681 99.8121447873171 99.8343518772625 99.8412631829199 99.8494485589754 99.8865818864043 99.911974868679 99.9295546248127 99.9500653338106 99.9556775508782
96.6399904634912 99.5219844071106 98.5247828805935 98.2277434591476 99.3925537808053 99.726761412488 99.8216464334927 99.8488712681105 99.8416866213087 99.8423038242235 99.8805082415988 99.9130293071602 99.9302898199976 99.9495308591132 99.9558302489803
95.9992349541513 99.3772035727092 98.5059886230861 98.4333613944109 99.3931933395602 99.7071634402548 99.7998017449719 99.8283691956425 99.8293206965551 99.8440738513934 99.8785137308361 99.9086758255477 99.9221147632583 99.9443018443318 99.9518140460602
95.5034092350612 99.3554899344934 99.0990888043543 99.2709100084591 99.7162414824722 99.8539676681399 99.8894378053662 99.9011902174639 99.9060764315786 99.9219266500086 99.9391115735317 99.9530196204634 99.9611881176425 99.9725241076342 99.9768777637531
96.6148307952092 99.4739245272103 98.8875555043047 99.0532349901137 99.60124697662 99.7936206715697 99.8387260742636 99.855675863905 99.8572721508813 99.870828666483 99.8997306039752 99.9258651148041 99.9380692749322 99.9541216650081 99.9602869040117
94.8888107554997 99.2092043715937 98.8486561948394 99.1287200141376 99.5998415979261 99.7405175523299 99.7730044848893 99.7817603583272 99.7912191357379 99.8196135441908 99.8574129991417 99.8847798002473 99.8997153085193 99.9283871052069 99.9411360876221
96.3138188688569 99.4553160605335 99.0954987939598 99.2360480713032 99.6994886384834 99.8299719493889 99.8596329936113 99.8752860423085 99.8824869203226 99.8940721879854 99.9138569362822 99.935527113294 99.9421735469992 99.9581926110408 99.9640533341802
96.3405492041323 99.4962299438645 98.5910025577375 98.7431188331109 99.477937293504 99.7334414369302 99.8294926137625 99.8577701394611 99.8631998136074 99.8772800958458 99.9064106950566 99.9318096542911 99.9462571175514 99.9621535344629 99.9679603025944
96.2976348723834 99.4355924301673 98.6800193012002 99.0328630936556 99.6000340731747 99.7908939368828 99.8348624671177 99.8506384211206 99.8541239996794 99.8647109526659 99.8978421612872 99.925036422521 99.9379202872976 99.9539113197625 99.9601207349892
96.3847834322768 99.4646028809869 99.1318421616485 99.1911245662046 99.7017885168915 99.8479237946778 99.886434470799 99.8992103232486 99.9016545040471 99.9117250254537 99.930154257212 99.9460862906595 99.9527566970522 99.9662958856934 99.9719850979416
95.9008561342332 99.4067543599493 98.7708543368793 99.0432363431924 99.5970872372839 99.7922344515225 99.8478374679038 99.8669477703086 99.8650912923206 99.8767934577526 99.907155994459 99.9291542522734 99.9442565871183 99.9594423636794 99.966314531496
96.4239215223758 99.5231412657297 98.6876515151261 98.6865995685419 99.4966731421006 99.7674479957978 99.8400481953305 99.8621743911365 99.8601151530873 99.8724313418499 99.9045892617137 99.9289391597576 99.9436874574142 99.9603699156387 99.9644313495725
96.6271057634573 99.5109783456965 98.2422506051566 98.7974833062271 99.5262906066988 99.7708261111436 99.838161565901 99.8671754511089 99.8674782529049 99.8783237161588 99.9094519291306 99.9347063619705 99.9483005429126 99.9629466101845 99.9675400151438
95.7843989075174 99.381220026481 99.0835125391631 99.2528001478087 99.6871102339021 99.8271036031659 99.8658261481974 99.8807325187473 99.8887265649898 99.9029645497935 99.9245261079029 99.9390186407442 99.9485663434821 99.9626837807078 99.9695031058178
95.8813892142004 99.4172220283318 98.6500496696788 99.0321791887756 99.6110141940765 99.7957655860953 99.8495337924807 99.8676112601848 99.8687376290847 99.8855923272979 99.9108335991117 99.9315454923557 99.9459767911396 99.9613430592976 99.9663883708019
96.2547613971019 99.4299446387579 98.9614774751186 99.1519702183988 99.6353224617149 99.7969599847764 99.8356794910117 99.8522313149784 99.8550379456768 99.8756986069079 99.9000644744619 99.9247056560373 99.9351201395598 99.9526556174872 99.9603495840532
96.4520808043438 99.4715734697482 99.2402587288011 99.4745819690674 99.7834507211936 99.875803386509 99.8943161107117 99.904170173456 99.9080819526897 99.9210489726585 99.9396633045148 99.9530560069067 99.959337425971 99.9699391315442 99.9760317071039
96.3521569091212 99.4240482779977 98.9002037258573 99.0285538335199 99.6144017271967 99.8118805214339 99.8727565595381 99.8901454433392 99.8948217212873 99.9076327209333 99.9263515607975 99.9447278344581 99.9545852763408 99.9680944180282 99.972865107887
95.4323979268251 99.2734041179159 98.7484755813051 98.9152833307945 99.5306490373284 99.7399275760215 99.7790602558396 99.8013857980289 99.8053304001018 99.8231468969375 99.8595490646743 99.8910604691467 99.9041151668581 99.9311170116782 99.9424522320799
96.1166358637269 99.3756168031373 99.0644934702615 99.2941167698408 99.6912212744539 99.8207145908816 99.8614241694331 99.8751322242039 99.8808539024693 99.8961276580584 99.9199392205406 99.9355702127525 99.9458672651679 99.9597857071291 99.9676961125994
96.156704295845 99.4144941532265 98.8423609247637 98.9494680277417 99.5405947285581 99.7476231581734 99.8134210798594 99.8425939781975 99.8411758929995 99.854211048055 99.888283267781 99.9148388460842 99.931592248143 99.9495656453214 99.9580954226337
96.5536955604651 99.5356901685007 99.0209478433314 99.210204558575 99.703481485814 99.8481128199253 99.8837886213643 99.8929148988024 99.8937913246133 99.9056352409991 99.9259750300111 99.9453859041667 99.9525519390351 99.9664514509494 99.970560089477
95.3329430031592 99.2380876061921 98.5781722485399 98.9727271031321 99.5583498660035 99.7546033860703 99.810870885317 99.8233967870033 99.8327728616538 99.8554757971671 99.8818446207857 99.9071709616624 99.9216892536029 99.9431133950388 99.952645182138
96.0786919478801 99.4066520555892 98.9191770582509 99.1196238709257 99.6452238344991 99.8159658862978 99.8641120276504 99.8789435534411 99.8794047782531 99.8926323931559 99.9174543617106 99.9351506315642 99.9492089260357 99.9641160314908 99.969391751173
96.4107717696284 99.4532520020023 98.8728883799158 99.1473116274339 99.6531102857423 99.8137246510183 99.8528174661295 99.8675369511085 99.868214718157 99.8854075881608 99.9092909818458 99.9328363366822 99.9425529785452 99.9584437803639 99.964584820528
95.9207693623526 99.4070628043823 98.6011888830732 98.7011705791708 99.4724274276588 99.7311102548151 99.814166148643 99.8444956619831 99.8473639473625 99.8661650486761 99.894835995799 99.9194377061768 99.9334348110692 99.9533305919802 99.9605840732013
96.4118955531764 99.450949538721 99.2553922617705 99.4467677625886 99.768864126267 99.8642693316781 99.8857815752205 99.8929097128976 99.9020050780531 99.9156608780905 99.9337882090209 99.9499432413591 99.9555679746392 99.9683117061005 99.9735967326894
96.454006823072 99.5124619042364 98.1144423301452 98.3991314457497 99.3860382712642 99.7091544715262 99.8055307178074 99.8385688393307 99.8329530960636 99.8404764447682 99.8802004917974 99.9136149676349 99.9300028337027 99.9505361841335 99.9570662503103
95.8752236076488 99.3836280842471 98.7463418662607 98.8986570043725 99.5410355738176 99.7566007250051 99.8141339775213 99.834827533382 99.8398694354329 99.8517073927883 99.8829176614365 99.9111348286959 99.9269202443248 99.9479416364947 99.9550977252099
96.5846701260323 99.5135299091082 98.5247032676818 98.7178557425097 99.4862397363436 99.742804792216 99.8058589501951 99.8278056223398 99.8190451765155 99.8344347550573 99.8697456266159 99.9039687648465 99.9199426024013 99.9427405472412 99.9490726183019
96.1324102709705 99.421634100161 98.7546067260111 98.9607857969211 99.5681363357179 99.7695598988969 99.8356700524201 99.8579987790142 99.8603200243534 99.8707041352019 99.9011310811593 99.9224031803442 99.9385657321587 99.9546122583046 99.9612350308612
95.6618050992915 99.2856496215005 98.9450701446595 99.1707649535332 99.6174564823914 99.7767905481166 99.8105245473815 99.82166084971 99.8268166268449 99.8555320887683 99.8801782127191 99.9066214649127 99.919550898361 99.9410071031181 99.9533057156907
95.7700299772256 99.330735999706 98.8136852599621 99.110796668561 99.6267549931808 99.7874797827914 99.8424267321142 99.8616599227473 99.8641712016964 99.8841756969317 99.9083209845509 99.9316995249466 99.940677035128 99.9571476905817 99.964662409311
96.5355988268086 99.4595766631961 98.8334590549971 99.2341359871708 99.6728256118593 99.8084958672006 99.8284312117752 99.8403948471609 99.8414387776722 99.8587998642677 99.8896997114081 99.9140064897746 99.925273606076 99.9454121843283 99.9539921809245
96.108107353321 99.4529862181574 98.8885739384585 98.7992015537824 99.554187488203 99.7874634685981 99.863323862728 99.8831910043979 99.8849909063634 99.8982782780583 99.9235167725263 99.9425948813901 99.9548068014651 99.9679741570904 99.9724700930166
96.3283552033331 99.4052518128008 98.8525891192528 98.9366015295715 99.5897860079807 99.7902487874139 99.8421650854316 99.8585798329176 99.8628734645187 99.8795867872288 99.9011508927566 99.9270807984666 99.9360231874003 99.9536091573986 99.9610849343411
96.3290735014119 99.4733718144931 98.805395140873 98.8224204083908 99.5260584782416 99.754578533446 99.831087401361 99.8556801184871 99.8604977503548 99.8721575830482 99.898924130769 99.9259434361617 99.9403552470935 99.9572899737664 99.9618036600722
95.9185569410282 99.3584848876435 98.5343689140407 98.7728973523865 99.4715626619864 99.7198381035122 99.7920868964988 99.8122300149812 99.8123101799143 99.8313405578454 99.8673667172104 99.901530908983 99.9175027782165 99.9411285064574 99.9480475436144
96.2619533753185 99.435299309438 98.9627522960546 99.1198678757642 99.6557193947475 99.8230490355431 99.861193466714 99.8718989842694 99.8763800268508 99.8937526725598 99.9166372079856 99.9379042944588 99.946029691672 99.9596043221444 99.9667691311098
96.5561825583485 99.5001960225963 98.9696514032377 99.2522303920293 99.6948172893007 99.8404385408568 99.8814644164826 99.893785799962 99.8963578014069 99.9108283124494 99.9299892199697 99.94526337513 99.9544060908457 99.9674096289634 99.9729297459746
96.3655241696682 99.4509107184648 98.9777802158658 99.281515651339 99.725847856415 99.8528835606928 99.8821640644147 99.8909963996034 99.8930935888335 99.9059940476314 99.9270513378667 99.9443462895489 99.9524229710759 99.9662188239155 99.9717188771816
95.4111072665194 99.3354194130012 98.4898110545229 98.7037543379245 99.4495921268597 99.7135534903361 99.7927489955927 99.820870134492 99.8207110965021 99.8431270691498 99.8743177815025 99.9059028107843 99.9226224777321 99.9455801760457 99.95353487617
96.4635473357334 99.4579303079466 98.9723715138635 99.2689974561371 99.7009789515056 99.8395911773321 99.880229070874 99.8905141704941 99.8946462673813 99.9138148797622 99.9316023465921 99.9479730728362 99.9567456846043 99.968905548411 99.9743526292085
95.2855720393104 99.2547590739405 98.8033601874185 99.1249480965386 99.6228926008552 99.7804828739309 99.8133456833604 99.8126680447473 99.819647358822 99.8458115088489 99.8798305529247 99.9086244917192 99.918942524244 99.9414193336821 99.9509021132785
96.3302071480801 99.4528344960015 98.9787517588784 99.0384982811894 99.6332325060365 99.8150446804361 99.8609606706879 99.8770085915321 99.8768443840418 99.8934812775699 99.9169116513761 99.9386527285901 99.9471251258381 99.9616180009614 99.966896219586
96.1880996634525 99.4229907241056 98.772062555196 99.0268210470143 99.5734871020962 99.7573436774366 99.8075463853949 99.8208009999484 99.8273727899843 99.8455169027986 99.8743684950932 99.9047512788465 99.9206934343809 99.942264432807 99.9509556352997
96.6904174401781 99.5244131742009 99.1821685518357 99.0936630165881 99.6627926161652 99.8285625927367 99.8838690594556 99.899086520703 99.900679296648 99.9092730397597 99.9289336573187 99.9484826700563 99.9576361651336 99.9693803272562 99.9738136821012
96.1140346854953 99.3865426584958 98.8777177057655 99.0156844301216 99.5716510917937 99.761037189815 99.8034651440424 99.8173792919008 99.8157307043009 99.8368774423639 99.8709723353082 99.9014847961817 99.9136945462334 99.9391027736613 99.9456506604102
96.2657470329282 99.3965224652406 98.6688056400013 98.9027905302096 99.513963111031 99.7344524344844 99.7921163294245 99.8125684454855 99.8167261643449 99.8388947832718 99.8699964449352 99.9012652645147 99.9157733425161 99.9375614151124 99.9459113339375
95.8533362620901 99.3630766611028 98.8742184080905 98.6860888356218 99.4705868270374 99.7109234371312 99.7765326774072 99.7984659276091 99.7980262218103 99.8130990574217 99.8559323075187 99.889682847602 99.9058770132966 99.931673866718 99.9424479457034
95.9371446958797 99.3877321640299 98.8163335995553 98.9418438268857 99.5483444490695 99.7733536607523 99.8397648631913 99.8574149643622 99.8642839170873 99.880976155236 99.9094720621476 99.9312686495091 99.9443510635195 99.961481922903 99.966782313319
96.8747661351287 99.5260346560911 98.8139045087979 99.085908572534 99.6373462516586 99.8174328597024 99.8781948340556 99.89404800085 99.8899480373194 99.9064088841457 99.9307151584128 99.9481787807015 99.9591935661677 99.970767088082 99.9746566593007
96.3533038149188 99.4169904967133 98.7214060922767 98.9162274401275 99.5971783924006 99.8118392849077 99.8679815907914 99.8845552920985 99.8838512947208 99.8969915330748 99.9189273204123 99.9374621923531 99.9495542665532 99.9632664032034 99.9680032481315
95.5293467997383 99.3311274749777 98.4329460182156 98.5719721201451 99.3531702112699 99.6526788387324 99.7312682832479 99.7648347162117 99.7607003462926 99.7831382336059 99.8258201018253 99.8699063968719 99.8901410834365 99.9211219257573 99.9332595821849
96.3971214714545 99.4869148311453 98.6504273651462 98.807626210109 99.5152252289544 99.7728879604869 99.8415259689985 99.8689934972127 99.8704438885665 99.8844157366326 99.9137409990177 99.9357638997704 99.950050508228 99.9641131331883 99.9686668283751
95.7197027820212 99.2842246568102 98.999071853377 99.2379617527759 99.657710323169 99.7965302991729 99.8203153076982 99.8329223252523 99.8309834280796 99.8550182588997 99.8838726839036 99.9092393522896 99.920329388117 99.9423362584326 99.9526385466971
95.3749586211688 99.3203945365246 98.9333065252716 99.2811939105926 99.7025871425643 99.8332359622439 99.8643758686299 99.8739414237918 99.8824979817804 99.8994549588914 99.9211240555184 99.9408649185483 99.9490366161886 99.9636311490028 99.9688200609219
95.3881259579542 99.3090251537815 98.799885398698 98.9810169445945 99.5601411274137 99.7595459484989 99.8279382555554 99.8483874990843 99.8580853747597 99.8717806538598 99.9028892209346 99.9260887919725 99.93883231115 99.9542691942952 99.9632956116573
96.277153287708 99.434346068002 98.8380990416402 98.9727003647683 99.5688122381378 99.7843434786458 99.8487468845465 99.8722584820793 99.8822117106901 99.8942283081475 99.9190555554333 99.9418231322386 99.9530089807892 99.9655727097807 99.9715802935963
96.1111318872478 99.4322007984165 98.7034377746981 98.8047747584088 99.5382544402772 99.7738491829219 99.8424304873862 99.8615540330079 99.8574126129901 99.8643836878443 99.8972755917011 99.9257720677847 99.9395911389193 99.9574537659942 99.9610723215837
96.1205387610561 99.3746312875152 98.9076270316443 99.1341655445355 99.645581068072 99.8008674750459 99.8427207154125 99.8560839234398 99.8619440149766 99.881160213991 99.9056885178884 99.9254731631347 99.9351729421298 99.9529887773521 99.9612114956607
96.4612794486381 99.4468019195102 99.0164900152195 99.0248423197717 99.5961109891571 99.7875918768334 99.845451855826 99.8662468895557 99.8686971206262 99.8827465125357 99.9091027035977 99.9318171914441 99.9432666992228 99.9600076934141 99.9660098064392
96.6501419041228 99.5003227443508 98.938443679892 99.0315888392405 99.6500444083469 99.8256411637886 99.870260841906 99.8866488523108 99.8857467755329 99.8955624260836 99.9186521063543 99.9385687122288 99.9496972138649 99.9639430126213 99.9677169158494
96.0000428606749 99.3664969375867 99.028912282542 99.249224953765 99.682996612945 99.8301287509375 99.8621062991489 99.8734025259317 99.8794090262762 99.8965657220762 99.9191627287647 99.9390824348511 99.9473764642547 99.9616306520926 99.9680795342819
95.8060743714077 99.4238734827001 98.8254270969095 99.1110923073903 99.6363166463421 99.807226139338 99.8491980855267 99.8661883983784 99.8687374712729 99.8832446482143 99.9141947866286 99.9359566235829 99.945535665664 99.9630388340873 99.9669800605205
96.8620318598172 99.540265233839 98.9807490582213 99.1541031288158 99.6441377913232 99.8146070745602 99.8669662220199 99.8915369652436 99.8924071579975 99.9014931874398 99.9249423326587 99.9414295461321 99.9531728571181 99.9664567041542 99.9715662752523
96.1072365717695 99.3960779559901 98.733873549842 98.9786007192035 99.5390237448885 99.7515811100534 99.8096138610392 99.8300308651681 99.8296923919383 99.8463933703662 99.8807210536049 99.9116166691118 99.9254272698009 99.9458521796275 99.9554972828556
96.4175458954794 99.4301472080756 98.4769521780582 98.4468552814249 99.3094053967479 99.6306672136979 99.7230079057432 99.7599792246628 99.7653458242535 99.785691448547 99.8297426286059 99.8711278049023 99.8965181988527 99.9230125834995 99.9333398889003
96.5621174885102 99.4921447126953 98.9068046349963 99.0509509360016 99.5951095415082 99.7958013425212 99.8389561587334 99.8601871533695 99.8591176826109 99.8671076443736 99.897491132678 99.9268854077448 99.9397315267186 99.9558017920326 99.9630599811215
96.3705551088587 99.3930117964989 98.9749790560029 99.2360748284924 99.680038516614 99.8225672524972 99.8567038965749 99.8628347176377 99.8705813603991 99.8867393747501 99.9113783798808 99.9303391850452 99.9402439184629 99.9553324657472 99.9646739787536
95.9138257202715 99.4308503344452 99.0743405208035 99.2960446582498 99.727679890911 99.859365579346 99.8976069544886 99.9121975640563 99.9186451077358 99.9299044228941 99.9454092809787 99.9567872376516 99.9649136312366 99.9740361707222 99.9793306093262
96.5865810804773 99.5014845832196 99.140672456336 99.3228073877498 99.7074218505697 99.8429958415926 99.8780666229852 99.8948554332858 99.8996892545891 99.9133159700639 99.930899541172 99.9478429349623 99.956539072273 99.9699701427336 99.9738599455192
96.3844085919765 99.480466164672 99.0627639226451 99.2135017977131 99.6565839916401 99.812398132027 99.8667030710338 99.8784317981162 99.8816663929223 99.9004342754026 99.9224488681661 99.9396411060311 99.9500650029376 99.9642965294662 99.9701879560169
96.1862758117236 99.4030881594094 98.6478462218641 98.9593652585539 99.5754273161441 99.7756631835859 99.8238810780273 99.8407902940405 99.8445528841927 99.8607515302995 99.8860914238255 99.9154958594352 99.9291018427236 99.9481278347969 99.9570947500942
96.6595898864421 99.512347305359 98.4763512824718 98.8704960642884 99.5711362338833 99.8034868481963 99.8673333730793 99.8800961572217 99.8802420937651 99.8951629519011 99.9178129471639 99.941370231312 99.9517891824563 99.9664725925675 99.9708894033516
95.0783843934109 99.2461872772681 98.98828883578 99.3021347869112 99.6940461665848 99.8149942697279 99.8371895064233 99.851207242705 99.8601610691657 99.8800038200689 99.9043404941999 99.9260673934888 99.9327734875578 99.9513531648483 99.9613962055409
96.528849038706 99.4841780381128 98.4733856355397 98.2958140901023 99.3572787516602 99.6994542456651 99.8078942379726 99.8409717950993 99.8362327719259 99.8497149530129 99.8811971060622 99.913589252681 99.9325867461609 99.9506711276753 99.9575260335783
96.2544029271996 99.4783160472905 99.0748764276847 99.3542788838688 99.7168730572051 99.8439921167377 99.8752430214206 99.8876943794741 99.8914386619155 99.9051864013764 99.9299051701508 99.9469727885528 99.9546284455659 99.9674075557893 99.9724660152702
95.8497249134852 99.3717867276474 98.8105020170367 99.1415733997083 99.6447870904489 99.8135472770872 99.8640514172636 99.8818643292801 99.8868044403432 99.8985860791731 99.9230254749844 99.9414440788024 99.9516785480204 99.9660016154664 99.9701004672961
96.2405285462696 99.4391307820772 98.8779724584069 99.1261104909819 99.6445392746966 99.8110326109936 99.8580788305754 99.8787205968784 99.8789977732795 99.8915151873509 99.9133365686023 99.9374096555484 99.9460403723596 99.9620719169188 99.9679980300223
95.9844479701704 99.4143787952321 98.8563306000979 99.0823128086721 99.6267842806607 99.8051420881716 99.8567601294413 99.8716973310442 99.8748272462169 99.8902694245813 99.915182974074 99.9356118320492 99.9465969942833 99.9619564741911 99.9673525297797
95.8201774243051 99.3851585964172 98.8431317567516 99.1926463348135 99.6564239699485 99.8065766950613 99.8392586167332 99.8556412917609 99.8602126125267 99.8770395102252 99.9033799379652 99.9268267514385 99.9354260511446 99.9532949060711 99.9604136955694
96.3019672961719 99.5029724692654 99.1915230473079 99.3298380338101 99.7317926404509 99.8525522648248 99.8833550052515 99.89583927634 99.9000744150854 99.915156392969 99.9318207622003 99.9471639116885 99.9556685217568 99.9694598472997 99.9740142551734
96.8163344297871 99.5657641801107 98.5134781460117 98.7375737544676 99.5121845251065 99.7486014293839 99.8204101712692 99.8384992931608 99.8281922049165 99.8480382951156 99.8850022999925 99.9165709676201 99.9304535941697 99.9501617373146 99.9524092335837
96.2654799395463 99.4124583072341 99.116501289063 99.2798412012622 99.6764023310057 99.8146967760954 99.8560969114549 99.8729107526426 99.8770114222243 99.8946626285147 99.9144636572032 99.9340024410184 99.9427127758965 99.95940203673 99.9663951445024
96.1175796625631 99.3498165551248 98.8715522703248 99.1441995070805 99.6209692859378 99.7870090792604 99.831745334945 99.8497242361276 99.8480926994047 99.8625328465512 99.8931929190459 99.9181766059023 99.9317954994327 99.9499258132319 99.9583318394426
96.4645327211411 99.4746740259265 98.9982506555782 99.332974295325 99.7286457089683 99.852409295817 99.8832786424704 99.8934872234731 99.8995219169758 99.9082631218054 99.9330101207622 99.9485601543363 99.9570955876353 99.9692776914905 99.9744365877214
95.6999883363861 99.2264662639786 98.8098162558599 98.9761765261549 99.5233919933002 99.7232472093391 99.7606091335818 99.7726230665716 99.7777333471166 99.8101505186856 99.8461504820801 99.8795509873229 99.8936954159835 99.9220413621731 99.9360949149097
96.4956645036661 99.4950703182075 99.0802008215951 99.2617405779107 99.6828637856169 99.8234223908492 99.8630270220236 99.8791619467588 99.8854881309801 99.90144234258 99.923179791535 99.9435112923861 99.9517372394367 99.9662791007758 99.9714175791883
96.26649143347 99.4758774762248 98.5552641533763 98.8794976675209 99.5328434157125 99.7651467988088 99.8250090884618 99.8378778050333 99.8366417798342 99.8580485778994 99.8892819509133 99.9171516633085 99.9306523519348 99.9490246061024 99.9553600286627
96.2032093455672 99.4224985563847 98.4932906688014 98.588367712404 99.3688778499562 99.6734042838515 99.763833313215 99.7989236779901 99.7941719275022 99.815607275368 99.8550696981727 99.8915521342754 99.9128358517496 99.9387084595188 99.9448066491095
96.5395781963573 99.5180663670145 98.6384185306593 98.6453462004817 99.4517989676548 99.7292154374231 99.8096528273372 99.8300644940057 99.8312370604488 99.8487535872449 99.8810334967945 99.9092936647318 99.9289428039626 99.9497679755505 99.9561667983583
96.1956014063569 99.3660679095489 98.6194376582153 98.796168956589 99.4880425759614 99.7376571755075 99.8043479744255 99.8254936039869 99.8225780912749 99.841244563795 99.8723725710249 99.9012021851529 99.918372196862 99.9398163937126 99.950051435703
95.8338873626086 99.4064974174557 99.013248626211 99.2055894933552 99.6830669820597 99.8380570877242 99.872409211024 99.8882494377365 99.8910661398197 99.9102576786599 99.9313032851615 99.9468248036998 99.9542740327023 99.9678120752507 99.9725516148181
95.8742786616601 99.4072556273182 98.7040228778536 98.8438350170055 99.5190740321349 99.741933931027 99.826625737742 99.855146075189 99.8623920615059 99.8765012166014 99.9031313481314 99.9258246624616 99.9403389216644 99.958310915007 99.9647123017146
96.1135541374373 99.4057156474067 98.7990381411185 99.0956239042747 99.6245435634276 99.8037029313248 99.8415047684221 99.8515659830413 99.8596382857581 99.8726002711456 99.8985667323536 99.9216129340961 99.93303611573 99.951683226346 99.9585076728132
95.840174896528 99.3683473890074 98.8152954260456 99.1118247795638 99.6189533234231 99.7972274350213 99.8369679519735 99.8612887165799 99.8644666399751 99.8772817385364 99.9077056101557 99.9296141812925 99.9409377037896 99.9584544584093 99.9641446863828
96.8384388623185 99.5868546572164 98.7479674477441 98.9123512479386 99.5360103726098 99.7443059598493 99.8008512393231 99.8079771506865 99.7820461546499 99.7860916613018 99.8278592424144 99.8641211398089 99.8840417153886 99.9134027962869 99.9205289363802
96.2584927229571 99.4020904740674 99.0628806113001 99.2613639845815 99.6793745779626 99.8148417211495 99.8478878214901 99.8528353664996 99.8611195849614 99.8792726009928 99.8999250221912 99.9261938236869 99.9340081700478 99.9520348345478 99.9606495232813
95.8387687806628 99.4032078708317 98.325617508917 98.1288588779061 99.266088649924 99.6568642171386 99.7695486793006 99.8014854319209 99.7918478090005 99.8096641799216 99.8541212703993 99.8926219021214 99.9154668034872 99.9352325837929 99.9429844077554
95.5237853492965 99.3532366097343 99.1489458229827 99.3828658464323 99.7352663920693 99.8459623218151 99.863894473312 99.8715749024755 99.8846326643851 99.9016032680747 99.9227406380053 99.9378595202994 99.944320881171 99.9607492074461 99.9668679142741
95.8346420037933 99.4028689188055 98.791118357233 98.9718661083415 99.5863366232738 99.7817990670069 99.8377423807754 99.8506987784342 99.8533590646569 99.8747617281356 99.8983081607303 99.9220981874941 99.9335591058105 99.952966313433 99.9592664756259
95.9333064185004 99.4260239705318 98.5777559830925 98.8829102961852 99.5232640836733 99.7529940107743 99.8274943705763 99.8485538807988 99.8470171520706 99.8659336618783 99.8975479788679 99.9228710018813 99.9373372222711 99.9539557884636 99.9604337048427
96.3608335625145 99.4039110497071 99.0653082137629 99.2766781198568 99.6824604581124 99.8244874451609 99.8594744521366 99.8693310758642 99.8756008228302 99.8903798151203 99.9143926081105 99.9362415195391 99.9428918760839 99.9581475967766 99.9651474677037
95.8968044079163 99.3587658192945 98.8841552901623 99.109015244191 99.6112221443832 99.7670549804521 99.7877103280972 99.79926359786 99.8112321397244 99.8337146007189 99.8664123886714 99.8956273525495 99.9076699055915 99.9341227960501 99.9431857775334
96.3575822142872 99.4477929799072 98.7251718574357 98.9583625511265 99.5805903071247 99.7966004672644 99.8495708587404 99.8705534480999 99.8619217325359 99.878480792641 99.9077015882073 99.9349224637922 99.9448382198598 99.9594345179228 99.9651744420501
96.7435891173397 99.5178614184818 98.8246564752495 98.9806337231438 99.5967009620641 99.7993729766365 99.8644483535333 99.8845969013901 99.8868273480696 99.8972207837832 99.9203586353085 99.9426611066124 99.9520767638265 99.9666146195691 99.9708517368832
97.0365558431607 99.5847106036455 98.8756140526458 99.1868658944373 99.6875734290767 99.8458260032369 99.8881502979926 99.9041190909286 99.9076459196345 99.9180070639646 99.9357125785586 99.953059419932 99.962767080777 99.9723726742759 99.9768203872385
95.8863837982647 99.3260968950133 98.9074676314048 98.7908077447161 99.5103301962029 99.7496578312179 99.7989384621659 99.8158157302903 99.8189627329095 99.8405435907821 99.8736223218887 99.9014541612029 99.9171360837321 99.9390311928889 99.9481245141353
95.6484302041378 99.3949696029685 99.0165992013419 99.2910142537275 99.7067540430757 99.8413961277166 99.8803869026963 99.8926131662446 99.8982239970853 99.9149230733628 99.9331398143939 99.9504276895598 99.9594350325151 99.9715995598062 99.9758913406212
96.3034965098143 99.4319612412762 98.9735451572375 99.0558081423307 99.6293014090223 99.797652087356 99.832512114497 99.8441484107433 99.8484710032779 99.868605872299 99.8906726602275 99.9184504235624 99.9305923829057 99.9494798596474 99.9567137232072
95.5178505350499 99.277760641121 98.9929374500377 99.2046879537298 99.6537276331087 99.8055673555031 99.8378892607822 99.8515515959112 99.8529340306535 99.8697210394193 99.8978422558603 99.921878217086 99.9325482820348 99.9509051681853 99.9607640694327
96.1675558665836 99.4236143088842 98.9356473201282 99.1562801740918 99.6493024020209 99.8057070217928 99.8422044966857 99.8479083637508 99.8501428239037 99.8655242616193 99.8954505180194 99.9219027565854 99.9312263708411 99.9502468840607 99.9584679985653
96.1791958393991 99.4066802199259 98.8959098860221 99.0196385930079 99.6044083569814 99.7902207420972 99.8287891686196 99.844738451324 99.8485483727162 99.8687124284409 99.897218801566 99.9206883940465 99.9298165061276 99.9488343210404 99.957447017671
96.5140409117063 99.4594292087393 98.9785610399634 99.0243572618861 99.5860391210915 99.7758784381153 99.8137320657399 99.8273157901329 99.8316270313428 99.8482253885148 99.8800262676289 99.9063801205118 99.9195582689214 99.9422340260003 99.9504590945436
96.0824183934741 99.3572812981747 98.8638549979064 98.8391505956786 99.5309881149622 99.7456052411163 99.8015931443031 99.8170342779816 99.8158732425188 99.8415608196085 99.8712370428472 99.9018446456174 99.9152119453612 99.9376230986226 99.947454740776
96.1359560850791 99.367852683562 98.8116743231619 99.0299785635204 99.5834220608748 99.780429712541 99.8273768317383 99.8464747815382 99.8481103263805 99.8673810471132 99.8955626251422 99.9209587448987 99.9320037089803 99.949506041524 99.9571837671973
95.3183105474996 99.3040416434747 98.8959739129696 99.1144626787415 99.6081390319421 99.7832886716242 99.8212221620094 99.843113082393 99.8451013072778 99.8627664139637 99.8987437062401 99.9197093591217 99.933701192315 99.9533649405621 99.9616968643552
96.5084792444507 99.4941424896646 98.4813792870304 98.5310013887289 99.4110559828601 99.7189775296918 99.8072191511276 99.8359309808031 99.8342299210606 99.8510710524471 99.8848365434129 99.9164891479861 99.9344106115858 99.9528761428157 99.9589693029434
96.6616289140998 99.4828368860034 98.3215363172711 98.6175331667251 99.4255824988248 99.7114935445445 99.801167717286 99.826114202418 99.8113413768313 99.8390690069344 99.8720617241026 99.9018582114994 99.9214062486457 99.945079071268 99.9502527627324
96.2178022388173 99.4381056717668 98.9519249790491 98.940143782129 99.6025157057922 99.8039748333539 99.8634900646693 99.8817069887719 99.8843559986186 99.8964704983609 99.9165292590983 99.9379999743618 99.9480939687095 99.9629741534732 99.9672203220308
96.9122859861023 99.5696191177539 98.4264363445508 98.638508197608 99.5303925256304 99.77594117455 99.8437184503631 99.8674162276906 99.862159400561 99.8718139174212 99.9025277554014 99.9275781390311 99.9386807116076 99.9574810067692 99.9612414097109
96.2098604258371 99.410656974427 98.8320934208015 99.0399351772615 99.5969027369888 99.786533612962 99.8334369006321 99.8582190017464 99.8655764847911 99.8777768350695 99.907280975854 99.9278320021117 99.939929682094 99.9562139339818 99.9634774206219
96.4316781430393 99.5033805714404 98.9645918951922 99.2402799359877 99.6944367124765 99.8251041017416 99.8582643622043 99.8709719111039 99.8758655134851 99.8915841188026 99.914786201711 99.9353401260745 99.9450540610258 99.9605819833203 99.966925012289
96.5495616650705 99.4778795365742 98.8664630841218 98.9835738979652 99.5882153776779 99.7902972787197 99.8470417693669 99.8627738899066 99.8644883204043 99.8731950644169 99.9031331145212 99.9266376185361 99.9388128713272 99.9577245327514 99.9619488647522
95.39614019045 99.358181522024 98.4760294763196 98.7670193645375 99.4731477300934 99.7257534112023 99.7991006981956 99.8280921353417 99.8295327386307 99.8454290303934 99.8800563552892 99.9078978326197 99.925664257555 99.9462594917444 99.954395913587
95.8668637701142 99.3815259329817 98.9204955227388 99.2286786766262 99.6723955368266 99.8276150638843 99.8646817542079 99.8793531002568 99.8828298277159 99.8984246134079 99.9229413946779 99.9413060671504 99.9504045082494 99.9648127853751 99.9701530910546
95.9484248488853 99.3197029367273 99.0295894878595 99.1109954932934 99.6328713400277 99.792241038674 99.8230221489564 99.8298693161681 99.8346047939363 99.8600740497631 99.8883904675583 99.9138564723573 99.9247877278708 99.9442621269851 99.9533130285469
96.4362460142879 99.491957333645 98.2890805865845 97.7610814037677 99.2033722761394 99.6454665119181 99.7772243522794 99.8242282725231 99.8186184920925 99.8236673061108 99.8655797512368 99.8997543135805 99.9251463281441 99.946504332358 99.9513542890296
96.4076302308286 99.5139806846526 99.1984163576228 99.2822962626319 99.7030366707498 99.8369890271309 99.8675617652748 99.8783827621199 99.8795674175737 99.8945426749984 99.9175210711934 99.9356927108421 99.9445644506982 99.9606102475955 99.9679838015546
96.5664725012812 99.5035675925175 99.0026522528902 98.951587682585 99.6197368515373 99.813587825287 99.8697180459636 99.882272996732 99.8792182934259 99.8902189925639 99.9172845738321 99.9374250494971 99.9474575772257 99.9628049329286 99.9672955212121
95.754031590575 99.3986941118241 98.3789956499031 98.8822711777157 99.5403514091266 99.7562077164382 99.808012964191 99.8275081084861 99.830011447891 99.8402171602164 99.8817392168837 99.9102822426135 99.9267878872207 99.9461177107214 99.9536027817406
96.7474543993009 99.5341795068731 98.2603117292141 98.495513895631 99.4263324630525 99.7479396053082 99.8399469746337 99.8658049781463 99.8625502171433 99.8739522439573 99.905212680756 99.9315566828066 99.9478031715613 99.9626447726768 99.9654006370535
96.2966637701429 99.4789305395709 98.9989323960317 99.2856982546671 99.7152997222257 99.8629386723407 99.9029633488621 99.9152960644103 99.920317195848 99.9327843002199 99.9479399575408 99.9617489142915 99.9686288641156 99.9773775165094 99.9814205832347
95.7728649972823 99.3123992430122 98.722515237111 99.0705730902318 99.5982299195858 99.7874964820383 99.8389201564299 99.8516164708731 99.8576383191319 99.8753873232045 99.9011246332754 99.9215134373741 99.9321913536982 99.9504814018967 99.9586776492627
95.9975392658129 99.3704086488049 99.1172618808541 99.3094836087659 99.7152191473139 99.8360239276286 99.8573721784105 99.8644524254415 99.8698131629846 99.8909355701322 99.9139240470493 99.9308675007281 99.9394325128881 99.9552052101663 99.964417498021
96.3724808153934 99.4105333989791 99.0993537644101 99.2321383840246 99.6741300636356 99.8223046142894 99.8554724254443 99.866689387961 99.8685608033354 99.8850317033734 99.9083201801434 99.930174006208 99.9378521950157 99.9547694217423 99.9616022354516
95.9355669270893 99.4047589370477 98.4624707552747 98.8545839692072 99.5068073111041 99.7257638051694 99.7852658546742 99.8006656361764 99.7949322330265 99.8199228183933 99.8620771823115 99.8973123901642 99.9116102457235 99.9352617858439 99.9427205510606
96.4010593958058 99.4743804309476 98.9546128916584 99.1433475900994 99.6374213555827 99.7941984785212 99.8253934984817 99.844076008029 99.8489536455552 99.8664920375141 99.8961717152135 99.9168257679784 99.9281516180131 99.9479665262571 99.956261737206
96.5557638295911 99.5017744293044 98.0793411908595 98.6157873505907 99.4215561870605 99.6919924090123 99.7943399662182 99.8224377087732 99.817745174843 99.8396046579065 99.8778762472733 99.9085066358703 99.9253497733099 99.9481101352602 99.9518624078579
96.3960502299128 99.4715185087265 98.85329108794 99.1061125816179 99.6220478800384 99.8094480361447 99.8640421730988 99.882002386429 99.888054515198 99.8999596346244 99.923537364448 99.9431441780606 99.954078190524 99.967184307945 99.9729006649142
94.8331652021386 99.2232179269715 98.9336145606407 99.2561881896105 99.669208778447 99.8081655876999 99.8423158257141 99.8548027418631 99.8634955381421 99.884173125501 99.9062150117012 99.9259523078563 99.9371024842609 99.9536774267435 99.9631893818981
96.4282567690552 99.4429585740545 98.5464304722397 98.853603538018 99.5367647516115 99.7670195063788 99.8350902356934 99.8619396216882 99.8557085751365 99.8654897280733 99.8987314855673 99.9271808819935 99.9405573411621 99.958040532754 99.9637629990953
95.4702192372101 99.3048826320058 98.8560175051089 99.1386371740427 99.6257115272808 99.7915292683746 99.8312704913804 99.8462727026241 99.8468392728723 99.8696540804157 99.898529962098 99.9213802424196 99.9304867714511 99.9484249934366 99.9579279990291
96.0803341797583 99.3763238712801 98.3953472210886 98.7518183867793 99.4839177174188 99.7357686213662 99.806199490185 99.8187251309289 99.8236185515806 99.8336409383023 99.8742539074989 99.9055828300914 99.9231399699039 99.9427327319855 99.9509725320149
96.2745055383499 99.4113823775501 98.4828884501284 98.6248662872544 99.4308634063253 99.7147648095606 99.7928555518677 99.812080246494 99.8150557649596 99.8251094354883 99.865034344981 99.8994332114813 99.9190168693832 99.9403618612822 99.9478827319273
96.5607621736242 99.4677241108344 99.0531960926339 98.992570347985 99.6147402318225 99.8138822681608 99.867718758051 99.8890849778241 99.8870772751454 99.9016825379113 99.9198727171557 99.9400811379168 99.9511722965627 99.9658937525476 99.9693944448358
96.2842702782436 99.4270028330102 98.5281067594725 98.806200055663 99.5028725174295 99.7443533021689 99.8197940649549 99.8424113037654 99.8375407767777 99.8607346974206 99.890906621983 99.9210212291816 99.9350932810782 99.9538273744781 99.9593563252411
