0.187 0.0225 0.15 0.21 0.9 0.00075
0.207833605481712 0.0222176131702044 0.153310903825119 0.193970782468028 0.859300659749256 0.000815936093915352
0.203589862264881 0.0222176415538947 0.190813596944469 0.222404833826561 0.995362202449904 0.000745955470219582
0.183196949044648 0.0237642237143543 0.174345323442175 0.248078783665021 0.9468919697946 0.000725510259383809
0.178736143597377 0.0221456865947136 0.149782335616924 0.228823699131003 0.999602349759148 0.000711320056770171
0.181347316714555 0.0222281227534804 0.123808056830776 0.194318179930049 0.876155015396311 0.000810109538399638
0.210024863414679 0.02229180417012 0.164707330729859 0.26185759728888 0.878509075510478 0.00077017778967351
0.17998879240077 0.0245888998376555 0.152964070975584 0.192819491121388 0.951517620163115 0.000789119455990459
0.199195801978374 0.0218324095590334 0.160083763444763 0.221068883821527 0.888219465764369 0.000756777845802131
0.182939791364956 0.0221495763432419 0.145072420015589 0.242631719484779 0.832700841245416 0.000750895855870354
0.188460001683819 0.0217088191350606 0.148495940646307 0.244097838610411 0.870301855781515 0.000729289007709933
0.184974099661022 0.0235947670277401 0.159825932150773 0.230452656818643 0.992823259494565 0.000709430976993478
0.186988563201189 0.0224752327383457 0.199256322381595 0.227410594560084 0.891544077224763 0.000774692491869283
0.195102361770865 0.0223724917969979 0.127314514301668 0.233942154467963 0.906825866757033 0.000737271496276124
0.171741022891152 0.0221957584220512 0.142802127696925 0.207863751458304 0.803495566973525 0.00084010257523148
0.196279069386851 0.0229731591726215 0.153012118398535 0.215277678839559 0.948567344136424 0.000790279216551663
0.203371286847025 0.0218458863562386 0.12237904261956 0.234713612166207 0.887839183820548 0.000821248455151249
0.190447619785229 0.0210077752532767 0.152356650802555 0.27601600580726 0.834822555935995 0.000727197083592578
0.178538557485345 0.02281282837571 0.1298503127554 0.205477425215343 0.82912020448885 0.000717698020759936
0.182899381084506 0.022385391941323 0.12507093475514 0.185571150063153 0.938971045224291 0.0007945774058295
0.184651408544222 0.0217492407197884 0.172392154942097 0.17112181734764 0.921773202486002 0.00078543901893944
0.201098466438005 0.0222046045068168 0.155315540551453 0.230944461064283 0.814531421269411 0.000813877174609082
0.194722544843869 0.0228696968775312 0.149531010446686 0.268735477264968 0.937699019680376 0.000765713452201899
0.188660018064746 0.0228325792057136 0.126951970971816 0.211608005430246 0.9736556054624 0.000720502127061434
0.184832932368663 0.0245237000961748 0.151172196602098 0.200811627595406 0.944541757434668 0.000706999260938637
0.228303541060294 0.0223260580609037 0.136447156104636 0.193550016072335 0.875205840793082 0.000765486706005569
0.193025215265333 0.0239692879226828 0.121969187522834 0.223583053783198 0.980099406138125 0.000698989500956603
0.212117912151848 0.0217884297148565 0.155271682356148 0.174808735003839 0.964010110622169 0.000812503263023181
0.205165444653126 0.0216970949743549 0.124085836657859 0.224108734980251 0.844012416031975 0.000730611598320833
0.199374126358302 0.0218348459821333 0.129277825953818 0.264473929676036 1.00688932146527 0.000723900137229903
0.186979492294863 0.0221304663873642 0.187355290823599 0.232515201102861 0.946783559084771 0.000734892652436882
0.210860232431013 0.0222413458485459 0.170036161777848 0.238237828192091 0.903594808887712 0.000753282421915229
0.179973826812548 0.0233476696546052 0.145059213877685 0.195767657768191 0.954043537964927 0.000855710155971644
0.182076551966378 0.0236055538443607 0.173855544035449 0.192633292953575 0.875484485125105 0.000819334203581853
0.162565424532177 0.0230542204741747 0.15886264228164 0.249766409270217 0.932724652386551 0.000707112350518109
0.213829184573372 0.0223881487638394 0.135587231948508 0.194449302272189 0.844294038599103 0.000753308806452337
0.211425165463165 0.0218342905497945 0.142128531183649 0.198881263708314 0.902517574511741 0.000669074867616879
0.178969172031295 0.0228445787939574 0.147963517018015 0.249064966508572 0.8600508470331 0.000736855716417512
0.177050396579664 0.0214450440894705 0.17204013045643 0.17268781028275 0.88255042782402 0.000737926450329196
0.197240120124669 0.0231067226584853 0.145165832234519 0.233891515990714 0.914198726138297 0.000733048957055062
0.187343540289642 0.0219327924469769 0.146825007497407 0.193734121338893 0.876333926333913 0.000770645035716975
0.187145815024451 0.023574117950554 0.17305795541414 0.242033926340801 0.977800625701209 0.000768176037095189
0.174277696882643 0.0233153896733185 0.188531541409345 0.170100245919999 0.896555674378876 0.000785842833985105
0.208901435408715 0.0216283237121622 0.153667926708034 0.214813994282015 0.930744698826575 0.000811394446221244
0.180592804409174 0.0215316845004705 0.178023942288002 0.199141939059186 1.00135683795133 0.000808440894282651
0.191389833632867 0.0236140216600311 0.130076323242067 0.205721912331565 0.905702941291152 0.000754115628832503
0.218282674898313 0.0215695517398026 0.14688055977005 0.238056884554914 0.892530435050756 0.000830071212619458
0.185211946603667 0.0222581038999223 0.162437911425357 0.213602873224966 0.913101837471471 0.000786712609423637
0.176790194867015 0.0216483132944517 0.168687681288445 0.220471465936492 0.905120274891695 0.000783378597835218
0.184032372217455 0.0220075958027935 0.133943594609414 0.237611826558786 0.879750088857135 0.000808067208496767
0.184113912274003 0.0218599916882526 0.132934804179658 0.229591203896047 1.03868433230165 0.000733902747109056
0.186162842572994 0.0213887891245313 0.194567414904756 0.273117107314636 0.88857096320618 0.000720649398951139
0.189332174498247 0.0233257477261982 0.165157245887485 0.204688975665874 0.899675190453988 0.000687385366285535
0.177669962051275 0.0239375719053102 0.147594438809124 0.227271936052835 0.844360899061887 0.000736064723758446
0.200870294113473 0.0216986267065485 0.132013977049143 0.221469471988528 0.919555201897933 0.000739425852090836
0.17875606252405 0.0235745691928148 0.186174725523187 0.271756339445112 0.889648034609357 0.00074176450219651
0.179135253707755 0.025683786562006 0.143614779421084 0.280699543221229 0.907975034888538 0.000786103123374949
0.158869595887046 0.0233433530743691 0.132145761240276 0.195407522615347 0.851228035011819 0.000802207496307002
0.186557038139344 0.0235578636345436 0.14985835241827 0.217205307483058 0.867924176464336 0.000733713191075275
0.205313511987719 0.022223739544008 0.141030440696946 0.231297848029472 0.899592221923102 0.000795600903100848
0.179716649509448 0.0229334869710481 0.165766111428672 0.183829189464722 0.913729145799416 0.000772340778853308
0.175954864468016 0.0239750736654853 0.118165751237147 0.237975951169482 0.892580511454915 0.000778384380808752
0.203784965317741 0.0218717762035169 0.157389882778764 0.200739205039101 0.913966673299973 0.000747076932261369
0.180934993326994 0.021108746759467 0.168654657071607 0.180858940286213 0.850931266590728 0.000715363418818071
0.182513860480297 0.0223319634077881 0.158816278415411 0.286027726991455 0.889150668862386 0.000727287219543884
0.202787209807903 0.0227452180688037 0.198722636389039 0.204195296078873 0.936351056062697 0.00071173790354077
0.174048917547967 0.0224521647859815 0.134716690502852 0.245592769799518 1.03443171993782 0.000781182474062401
0.182612285286766 0.0229794745922113 0.135443971811999 0.237553216939899 0.811984181194365 0.000779780996669591
0.183216685608467 0.0233857386260715 0.144438573668714 0.245881577190898 0.891948363100729 0.000821302827960036
0.183523271225093 0.0225062478676964 0.137767352737907 0.225645443826705 0.984403079806253 0.00074049501245879
0.203017606764176 0.0223557388220986 0.142612446488859 0.160434277217304 0.923245378146756 0.00075206467208536
0.19689100757234 0.0233325912924339 0.138058591678655 0.208016625788241 0.889815443671144 0.000805664820957554
0.176418816951365 0.0214933393958884 0.133704442247331 0.185221514263239 1.12682991417125 0.000738730219290933
0.196885476917172 0.0238428147104015 0.196561275061823 0.204791219880144 0.843892713081082 0.000735617412377597
0.200305141248645 0.0222635029329465 0.174879177700805 0.22800845876999 0.9354268171971 0.000834360143358213
0.176640428254207 0.02224467235839 0.149246844808818 0.241746696357397 0.988137181208788 0.000743918805456175
0.185800137337184 0.0214504971326135 0.140215303123255 0.207723137378922 0.884848455422152 0.000718379127849566
0.192400130293056 0.0226785208808934 0.138283690335956 0.267162284525008 0.929376306620763 0.000834411595010797
0.183644574967233 0.0217491768987778 0.117499158457387 0.234077010866259 0.941989651714899 0.000781706397673441
0.210297084076672 0.0213792961690562 0.128782628600445 0.192006185541252 0.854286767241207 0.000734561191977102
0.185265714203706 0.0220294772755096 0.158491967314468 0.21017386668003 0.88425852140103 0.000786397024909677
0.183193683651764 0.0223648864561908 0.147077671963636 0.275603618713876 0.881867759498694 0.000699754779274077
0.194578657964017 0.0240577989902373 0.142715114046276 0.16237690207086 0.863704034695077 0.000751813382096654
0.180859768823402 0.0233221843467152 0.168132686747594 0.238374480207156 0.917469329380951 0.000791209906712016
0.18564723691793 0.0227040171402921 0.151186277186426 0.20890654126014 1.07904008487543 0.000683522499833207
0.212004485608235 0.0222174116857078 0.144740302863741 0.193263150418988 0.91610234564543 0.000772764086084062
0.180082711079545 0.0217013457357046 0.193719300746049 0.227893406944013 0.885839010739232 0.000874103580002615
0.183323112588242 0.0230875178677159 0.160101406671108 0.258939894968388 1.01112103135336 0.000722377515282553
0.175810496116231 0.0225425482320467 0.144781644841368 0.214883495554407 0.917123778082136 0.000793222746143984
0.192301516774399 0.024032461801007 0.121408481725634 0.206957549509052 0.835612393981116 0.00073281892960614
0.198028745780024 0.0235420822032672 0.162871263947475 0.216038206781109 0.954039523207782 0.000802004815314016
0.183537287132247 0.024799684299372 0.171017692976398 0.228643879102056 0.929607645625393 0.000786057549722537
0.205505141962096 0.0219308879346826 0.194697190540697 0.27389730746319 0.858884607495174 0.000811606360412613
0.176857812623035 0.0224277472247775 0.133691068382125 0.202310712760702 0.903109685375481 0.000781800693785475
0.202054915619976 0.0251201659170645 0.176959261619396 0.205284500549265 0.983365139879382 0.000804624518611539
0.19681944475155 0.0245465046160026 0.151313844279616 0.247287648218152 0.875064787435833 0.000758316858219414
0.200980702991985 0.0215607206460776 0.138591854009857 0.240548582757918 0.890919670664611 0.000811547303779994
0.185786605334435 0.0232107469179162 0.182691788465848 0.173128013172381 0.890829969948359 0.00083220920469972
0.180526491708053 0.0219556317845238 0.14562073633897 0.166297853179866 0.837467274325453 0.000744636497167379
0.184474994173688 0.0231249170403999 0.156957339635795 0.227562257927743 0.874238723974468 0.000773877139287775
0.19211608823216 0.0218297374638207 0.136003744484443 0.204984390676648 1.00424196440727 0.000746334423404999
0.200348587334258 0.0212974169046536 0.136207530849627 0.206507229173695 0.946040571784841 0.000745673669675017
0.22386569494343 0.0217492897757852 0.143476183446455 0.280528760953394 1.01841560007795 0.000698454991689958
0.190895373465325 0.0223246874582873 0.179994297647112 0.22163897908364 0.910556759850311 0.00079571439362959
0.207370158496959 0.0221476433980738 0.137271207559124 0.235738179102108 0.921057057010809 0.000808934340097761
0.182828021512234 0.021943319281914 0.159606144079201 0.263214029741484 0.843761555695525 0.000762668093693217
0.178973450729673 0.0224793982960911 0.206001354840091 0.232708935537686 0.893607418242591 0.000744278865032729
0.193642726108948 0.0222033428325096 0.168161358064543 0.256410709551273 0.89437657466467 0.000794393472832287
0.179429588296967 0.0226982014884947 0.222824319687669 0.220851439607879 0.890566457848441 0.000874013478145043
0.183901345893557 0.0233453294376224 0.141778161678985 0.256978137077976 0.827788239312797 0.000795394306129088
0.211310582111056 0.0224738913945372 0.154476920027856 0.1657946150093 0.907025945639474 0.000691143453696466
0.18160088864809 0.0237668302767484 0.130340097062551 0.278312823749349 0.909130300709799 0.000724080964603027
0.191415144250692 0.0215633748126969 0.158388706042636 0.207864704212947 0.963313107266841 0.000752190149476805
0.19299308002003 0.0225984751142716 0.147267860352934 0.244914367520851 0.97856560632409 0.00082329119545922
0.217036585984726 0.0222951176579591 0.136783413125234 0.244117492032043 0.861282298332346 0.000717977561632784
0.188747757290889 0.0222621985008696 0.121425772277807 0.186577573345 0.847504884246277 0.000706158542845971
0.196368348664909 0.0222729055213951 0.142157833307844 0.201277363860357 0.862365054800506 0.000798480750131932
0.214540866907098 0.0223877216936809 0.150726754511591 0.216089441225522 0.898043636400995 0.000741688840215622
0.190560795214075 0.0212553773658185 0.148319652691477 0.200153146003222 1.01196805118209 0.000728110359624505
0.21889003372624 0.0215024479688779 0.137564766909347 0.196384604987074 0.985677981371425 0.000699454922336183
0.174779982567698 0.0223653265710723 0.194737758396592 0.205220890916588 0.839959168947349 0.000713736313899257
0.190082056678485 0.0224712057681565 0.175256699145472 0.196610877242571 0.92325035008751 0.000724298551021107
0.200760782859715 0.0247373861748634 0.175347780345224 0.207461054839391 0.89099984721451 0.000771395277960131
0.185792786597541 0.021596703306561 0.139113265700372 0.246686383503883 1.02883667828202 0.000720370645671591
0.181264726425692 0.022348066212709 0.117551767921543 0.222131675413119 0.948260936934568 0.000703103160319228
0.175658030134616 0.0224742421371109 0.146219424571833 0.204975805746339 0.958734527669845 0.00077033494591919
0.188880918435331 0.0218372239469158 0.154025584260552 0.263418344102957 0.847203913326969 0.000770641400146118
0.18555989435981 0.022592904286032 0.164556692727618 0.258360477659477 0.864437105615892 0.000725297019925097
0.20157025697307 0.022229275362383 0.122357513642908 0.218664670458905 0.979813688605336 0.000727196601250256
0.178788209837165 0.0213213508556852 0.177678118149985 0.182988964168839 0.948953482267105 0.000828851416896135
0.225704427535877 0.0234883821015793 0.159293788219198 0.160205036183607 0.887248244430514 0.000773265887684694
0.18882480484165 0.0209743918519437 0.128267688421643 0.202932736697872 0.901049340895332 0.000739695172573903
0.19190771134589 0.0223994364779698 0.162234661946088 0.205733041966937 0.852757780410639 0.000731337666590869
0.186075931753428 0.0219579092438062 0.118039541857732 0.233836578278714 0.838581886954956 0.000746470841977858
0.184311309396916 0.0230304386471116 0.14719018636076 0.28351093192145 0.934578629178866 0.000742551647423115
0.200579813352577 0.0239353607206781 0.140855489490728 0.207956025220727 0.925370462882443 0.000772313726334551
0.17577591633671 0.0218575366113934 0.14610628854732 0.281087558480671 0.893774304354553 0.000851638248431039
0.194184298899619 0.0240824476717418 0.17414207067491 0.190670720104401 1.02178654324563 0.000726567968043284
0.180081512825191 0.0224128226871604 0.12883465871428 0.184587957916201 0.927844255336337 0.00079127456491038
0.186893774611642 0.022445762368852 0.183867497141574 0.231745023696927 1.02771805514172 0.000851613971371781
0.179040209311968 0.023633883960783 0.175112200384143 0.19142076189744 0.827117285541012 0.000692835772464543
0.18639485512736 0.0242163256798259 0.179992940006051 0.251817981956383 0.974453099882202 0.000847484773412305
0.193666697995636 0.0231063777448655 0.21590100554549 0.22849248528408 0.93711401885578 0.000739583930513408
0.190112114541741 0.0229910464767 0.176233855958471 0.218860677390855 0.879498209927245 0.000805802156169646
0.203342725617063 0.0228405486321469 0.122239349201343 0.271363727534637 0.880735377107419 0.000733399154163076
0.202674747457767 0.0216761976372432 0.175610248815101 0.255703895357102 0.920593684915828 0.000823418558265464
0.17571273716772 0.0232836242296834 0.162429632169663 0.245049461548212 0.852083534402033 0.000746625810840261
0.182635237951068 0.0218114220704714 0.147303037918071 0.305776029155283 0.891125407568958 0.000726254211884125
0.209081240252941 0.0237024531462703 0.149082812305389 0.194230671544215 0.976659116295974 0.000739482522016423
0.175864923758192 0.0237883067808372 0.149548673587774 0.299369714040013 0.898628695262222 0.000751545439569396
0.190635005064502 0.024895113651951 0.167853564023143 0.205273229931657 0.889728143127502 0.00068794286809989
0.229617319485637 0.0230829297586703 0.189861049576171 0.218791793861044 0.855588872357607 0.000740353410397263
0.196170733340391 0.0221646412801304 0.14602520246378 0.193271126493197 0.959414888926999 0.000776677863213225
0.188677724693539 0.0212371085927393 0.178136042568032 0.261742842715755 0.943908856582699 0.000716013048527083
0.182759433805733 0.0224704731351666 0.171847201165856 0.291661303348589 0.981938131347973 0.000817747019526924
0.19029635896907 0.023070609419832 0.183027419175437 0.206077450316432 0.847612235513654 0.000703530497762127
0.224444415272063 0.0255218241233848 0.124749231249733 0.206036517315703 0.912079146675416 0.000778832077594301
0.174178543634738 0.0224145064043261 0.154938552979176 0.187514711520487 0.94314886910577 0.000833546419015909
0.218150202870896 0.0216442472834644 0.137347466938247 0.228535435641916 0.89168521917295 0.000712147701255362
0.192301749928343 0.0231171551391914 0.140939711490653 0.178373765762792 1.01687256575919 0.000823102689288915
0.194900966930849 0.022321024144687 0.184159087509373 0.205677203265114 0.906761883200962 0.000727026754587279
0.18830416012521 0.0234515141882851 0.165022016774266 0.195822766440047 0.939040437805934 0.000749400529346349
0.186421822921575 0.0218569786159866 0.11957163081955 0.204575072939684 0.958944796223346 0.000749932419672002
0.204278258628275 0.0239380049040015 0.140524480305525 0.263800315672625 0.896026397485875 0.000722089991592747
0.196990453150213 0.0218570982450081 0.196077789194611 0.205175958771257 0.985580424914227 0.000749779951104145
0.180177885642645 0.0225562471663809 0.18523879306285 0.216897476613385 0.894045236839374 0.000693018689664171
0.202609141795052 0.0217568990937179 0.141236654519916 0.180532851660031 0.898401073460198 0.000734828507532857
0.206302547215297 0.0221759975487786 0.16228338761064 0.200748407117697 0.902209433788758 0.000732909520723428
0.183380875978771 0.0211949381378384 0.147029544010762 0.221188062681319 0.929736096240138 0.000817801728498062
0.184587433858246 0.0220027852301572 0.11148586755109 0.198724998736224 0.979589946037536 0.000854015092249021
0.176760397574821 0.0218548170844978 0.135203665904374 0.191756105986085 0.81341399491569 0.000744540744075109
0.20373739913461 0.0229845737537007 0.141928817902102 0.223735606122747 0.900593068052983 0.000681715550193909
0.185455319108354 0.0237878178795072 0.131146228640388 0.186339951416876 0.874101764875143 0.000787805322850045
0.185608773356908 0.0224163959503583 0.143468111796487 0.303504558428566 0.847864294195179 0.000769870470912046
0.194901322665592 0.0218126997473768 0.144848068542415 0.207434141597669 1.06993240257108 0.000744061472985582
0.206047821218554 0.0256450758465075 0.156100000756971 0.203269728407938 0.844190416089494 0.000745576323954958
0.191348215236316 0.0225168939904256 0.140611328277273 0.189549170176747 0.877824681687084 0.000795835974246126
0.179332031268933 0.0211485597834346 0.139678001761192 0.203026132847367 0.910280745751438 0.000864189409048308
0.20256629275285 0.023955180418126 0.185170504587416 0.209680803693145 0.879814229572507 0.000759093847793528
0.182617942808674 0.022825514268452 0.119169369093745 0.201096273003178 0.965830962737837 0.000741885300901551
0.19044533882769 0.0220380359470891 0.201670784639426 0.247588710042958 0.943604759827652 0.000781031246622973
0.205373960466494 0.0242791299465825 0.191584039166808 0.191228306340297 0.949440712054404 0.000846572728225415
0.182943420552834 0.0215524370835509 0.156651653424907 0.306593305003731 1.00918836886627 0.000774961506484551
0.190367250569233 0.0214894914219454 0.16342849607543 0.197695427680145 0.885875944801502 0.00071987062890125
0.191090160703002 0.0237783162375947 0.131160692535561 0.277861060827146 0.848233143922694 0.00071405917912582
0.197507143601601 0.0245194845382142 0.140072168952357 0.224307516185044 0.83762631346898 0.000724625374627204
0.179665099098139 0.0221066284452742 0.131229014130168 0.193943718952076 1.04253327244979 0.000754174502751488
0.200750228961733 0.0222748664599321 0.164042689276662 0.186801084329513 0.894281989295515 0.000767842799426868
0.179471086105406 0.0239648835766565 0.15216971102735 0.185105422743986 0.89082162178671 0.0008130504378906
0.189113086388258 0.022269745666802 0.161260710193676 0.244565887854819 0.916679499734333 0.000696394748943962
0.193836074658464 0.0250516011754165 0.173604244869701 0.24518313095929 0.882760599265429 0.000758408917731488
0.185930979336288 0.0222301275218949 0.133425070805046 0.204106399336349 0.925361968079754 0.0007402288048148
0.185377369434826 0.0223071287101592 0.141861259016031 0.185131592040032 0.973210368314693 0.000788358363163238
0.185514351350964 0.0225649809041806 0.132557360252256 0.176292548642392 0.955989392575158 0.000728151300070493
0.21885691061405 0.0245114733499412 0.188345480409781 0.217609023089778 0.881732280752426 0.000738328582539744
0.180294477936847 0.0227070352014027 0.136403482011971 0.186878831044554 0.881762293223956 0.000734259547019926
0.206921638066338 0.0217285628624637 0.142280736297156 0.189483185550713 0.882488219297834 0.00072152799640886
0.185882225372993 0.0219060102672037 0.145814860344139 0.209660458957711 0.928489370013895 0.000788871853356125
0.186383355258435 0.0218511891157367 0.160016878205843 0.206510485542804 0.943758157277907 0.000805674712383339
0.182108267226002 0.0223518807242258 0.123206306160219 0.242886630054541 0.983546055381888 0.000747169869032939
0.182223865313624 0.0212424165705013 0.146044083051159 0.224779277618131 0.918819717502744 0.000727132362304502
0.17798877498266 0.0229118289374923 0.168767579356864 0.204585737833408 0.887543359204041 0.000791488456055954
0.194231605823603 0.0223812840141658 0.143862489453843 0.270322764359992 0.942226242218617 0.000722975565716489
0.196108015414195 0.0226655329235588 0.161808478628245 0.205214882631289 0.837565099657904 0.0007379771224626
0.171465984660574 0.023115379552625 0.148947297879991 0.208403875210859 0.915380868415818 0.000735982890587056
0.183024083563414 0.0244817384108078 0.150952588654747 0.174163044884673 0.889785374889397 0.000724669891123977
0.206236787415047 0.0230310788712935 0.190303686384763 0.253598474775127 0.877850847191469 0.000718820464812744
0.190881490516912 0.0219438256673596 0.183882285264531 0.191352373268369 0.897731761625488 0.00071058117051119
0.191018762653593 0.0235764781859507 0.120487453145752 0.199350800884586 0.906270090670385 0.000714293914781475
0.216416676362706 0.0235125399925651 0.134889710177747 0.189019376054778 0.879879919572788 0.000778802882186588
0.213525800949586 0.0238617038932105 0.157063058396099 0.209154232989103 0.828076935237982 0.000738087887341605
0.189477352780947 0.0234062198645507 0.167784139367671 0.175432845583524 0.864791808774491 0.00072696932046276
0.191773227760616 0.021836655250494 0.143020589588522 0.265206213199968 0.880032502892653 0.000690319682875006
0.181625538331812 0.0221142001738561 0.138210145668322 0.207629090619843 0.881562574754163 0.000769076619128793
0.176210296955062 0.0224327688295587 0.135557700519583 0.226918153889584 0.893512246863301 0.000750579883893668
0.179834099725716 0.0228129930575804 0.142517160695495 0.182998088030098 0.993509820455864 0.000746062766886284
0.187921405693681 0.0223396619343656 0.130546467207353 0.188100029730855 0.855679043263463 0.00072653807859285
0.214538230055305 0.0231302850613133 0.149637314388537 0.24061312607817 0.939349230461179 0.000819790987516641
0.17280163427298 0.0222668254683976 0.135149622184065 0.242843047915242 0.963203823065754 0.000725091688040552
0.183998679006226 0.022017145235131 0.147168298538249 0.28750809404646 0.85759821078916 0.000714779763859858
0.172204110599207 0.0221722021113531 0.179388129936044 0.284531705987392 0.881990724677945 0.000737421660274834
0.182386539828721 0.022869970954679 0.14597304955671 0.234527402029953 0.986256900953049 0.000730561267634798
0.173770177924498 0.0237148452449976 0.127998110333175 0.222069538732011 0.899053154344575 0.000735028380770313
0.206917850043445 0.0219413951223834 0.135159903363017 0.159476531195655 0.897337806276109 0.000752890957010166
0.182475060015839 0.0222917139540085 0.132697291413751 0.204296701294934 0.93719407069842 0.000719247412079211
0.186795367520852 0.0211927178069235 0.144073843683406 0.209811332718707 0.936814427055027 0.000748476267300318
0.183951074928106 0.0225393104051712 0.159836317911256 0.196541571878899 0.888101459537131 0.000726250610953731
0.178117142485364 0.0218133785399766 0.176304074511884 0.188326315606458 0.896777621491579 0.000800289898540209
0.21574869362624 0.0217540096397209 0.119616092833881 0.205208679495308 0.872203965019729 0.000749141382716536
0.176801363818191 0.0214521541609293 0.1900536451693 0.214601346675416 0.879201570599484 0.000798164290283506
0.202306167437147 0.0233394696767896 0.135622176509251 0.249354188584382 0.97561126621186 0.000760700560788977
0.196742332069374 0.0220025150044809 0.148550595804099 0.171423653632837 0.822781761809443 0.000804534202696567
0.187670263819686 0.0217811689233806 0.138675760339572 0.229754502118205 0.891801764400763 0.000713838294019685
0.20123195168197 0.0226712001506188 0.173940549123837 0.145967047562076 0.916545294525014 0.000748965147971731
0.206620804739803 0.0241432857911346 0.138094872896048 0.236674533862082 0.961952766820238 0.000744060823656751
0.199329423149345 0.0210511739138116 0.135270004069894 0.214150498590554 1.01576080109593 0.000712530846360167
0.183507787958098 0.0220390047483554 0.19210656932041 0.234607656390308 1.08349960673464 0.000732370162430312
0.178685070486492 0.0214596809307617 0.129370937172541 0.219025504263809 0.878295410443832 0.000749972313795916
0.179007341633854 0.0233875182021274 0.145747356177882 0.198023386719068 0.847436604318433 0.000825504206992103
0.191459315272829 0.0247074270297558 0.144305862791843 0.193717858429221 0.973897363863825 0.000801334587701352
0.181682653815435 0.0240196269945341 0.155139636682568 0.193489143925716 0.852962109802696 0.000709169179305177
0.182831208891036 0.0211796191283221 0.137687802136442 0.216118247381175 0.931198797605036 0.000754121577286948
0.19396605954321 0.0204002548281147 0.187721846352051 0.202663159886445 0.970549717857978 0.000731232086214762
0.18603838524189 0.0235618519868138 0.184683705563859 0.278469984899282 0.873839078065995 0.000757837528122574
0.185708900625049 0.02192178081829 0.181940536282216 0.275933104025833 0.955011102314494 0.000746032340380921
0.175887667799712 0.0235720122365874 0.14329981853192 0.264277777340362 0.855542747400285 0.000712578644212369
0.210848941669539 0.022951075386862 0.153620418183569 0.159612270621882 0.933904278535249 0.000742546531808362
0.201147825726773 0.0217705828642661 0.164023150708971 0.214803647490762 0.841588648066223 0.000840378642597318
0.193629127609122 0.0234475207642873 0.152956391282456 0.188637710424132 0.964344453484731 0.000762825419895168
0.197893505005119 0.0234767052934282 0.148859346195281 0.197813945330123 0.868148340312622 0.000685303443733685
0.184035870677162 0.0210662100369357 0.173897788546829 0.216336090050388 0.8810199969547 0.000759999385397694
0.179468878630526 0.0215604942972349 0.137899800486971 0.175223361676159 0.918235134755117 0.000761297404211564
0.200238267733069 0.0215601890983184 0.206385382566045 0.230011124490205 0.86787355845688 0.000778413121396268
0.215276425795664 0.0228589274417181 0.12025139048699 0.208255418893977 0.973318523711619 0.000776080975123608
0.206244655097714 0.0230032374073535 0.144310367702839 0.245939207437482 0.940357834078083 0.000721034001215297
0.203517582633094 0.0219394859683632 0.180403567259523 0.200130773825431 0.896766851958689 0.000721093315463047
0.177063664514169 0.0236599858889618 0.133594171527214 0.195458454095717 0.896569783622783 0.000831502912894215
0.194233612491802 0.0225784444988922 0.141131922545378 0.207768676226621 0.976715439214996 0.000740463828567473
0.182799928233961 0.0221788241603313 0.159067277567146 0.196557458701131 0.88688599165736 0.000736606189158528
0.176132046013121 0.0222353019785363 0.164398057434807 0.191707369279749 0.921422761593851 0.000749827458461388
0.174872268036005 0.0221229007540223 0.153931416814251 0.198152568633663 1.02037871815979 0.000791627846008025
0.18468542861492 0.0218037770134033 0.143990551505538 0.205977704589273 0.861593058142706 0.000758963387352223
0.218201886142158 0.0225408436623739 0.137191633175378 0.184330025203597 0.898578206015703 0.000852088848167921
0.184286592332078 0.0226709363865648 0.157149637583609 0.203280741819545 0.968057639955575 0.000816990617130041
0.197356545556207 0.021908286702902 0.137761495358097 0.20485136889252 0.863550357042667 0.000712081793132507
0.190725354451612 0.0219461004353078 0.143886175042923 0.192939684976354 0.967025778330521 0.000708380380613773
0.187617942418918 0.0236545306854132 0.149689935970068 0.204285297529938 0.943944009053876 0.000770259097951172
0.177402640368334 0.0226836289758014 0.145639365055458 0.227559423720866 1.01517388987767 0.000748792264485631
0.182052444420361 0.0227417351430592 0.148857830631818 0.204455272712394 0.904839353217559 0.00072116228133267
0.180585655493324 0.0228060021828928 0.163100404888336 0.168188871357686 0.855644115709906 0.000785420294577267
0.218265491635598 0.024223943664379 0.163114285704694 0.207237153536685 0.883748749636446 0.000803694914829582
0.184399643729924 0.0227506384230977 0.205392189446386 0.205635172040884 0.912337093927057 0.000864084286757058
0.173416418281414 0.0231422936356534 0.195977999964162 0.20409220067211 0.929421271837192 0.000741329674559432
0.186924321838705 0.0208815272531617 0.153104826088654 0.177279576782081 0.882207977934005 0.000703067518096688
0.181106498460795 0.0228776959667968 0.201936350702044 0.175135702896523 1.07559537669884 0.000727421323076618
0.183375689682159 0.0217990032521083 0.165640504612804 0.175715847270543 0.856237608285126 0.000744007776333584
0.193746543425547 0.0223377520999775 0.153809948791317 0.200454372438496 1.05236035408031 0.000754575488345261
0.177317206465512 0.0222689316328803 0.156242058788716 0.204310282837152 0.931834643855684 0.000799191428085471
0.218482841156287 0.022171593389979 0.173432896744009 0.255710987877722 0.866296469090147 0.000779647170119939
0.199092792929825 0.0228862141325818 0.128600221469465 0.220049944325038 0.863321397400574 0.000826731981428736
0.182203886519158 0.0220509614195042 0.13194112275771 0.192461752775993 0.882977889425933 0.000792417915771355
0.185914589635677 0.0221715477138668 0.212691385243223 0.240920135235428 0.915781648199605 0.000734429196034586
0.198974461098437 0.0222568651953921 0.127791366819562 0.253284594075031 1.0874903864006 0.000800441341507448
0.18169585683533 0.021726497058007 0.138387454609416 0.22219833413392 0.972367912676291 0.0008057318130072
0.209078088463923 0.0227449542571599 0.173875652825104 0.225421316943202 0.925748340960268 0.000719489011666028
0.18396192234905 0.0240296367386285 0.216593806160193 0.180047487715091 0.961694398872807 0.000779635775327172
0.1986792460981 0.0226936622519455 0.129088853573956 0.18228727968916 0.89739008734984 0.000746721589278185
0.190866150695635 0.0227783202493557 0.150229731916951 0.178870942887947 0.825673587076967 0.000760600207955384
0.193175512084793 0.0230478897236978 0.13633089747148 0.17977784227321 0.952222922769097 0.000805162724026951
0.17515754636375 0.0218848786122051 0.131310967899941 0.170624036481615 0.913682094707061 0.00074402749261776
0.200857788536802 0.0232867913670295 0.169963437647303 0.273371917974317 0.959802708046362 0.000714528537301123
0.188985668146169 0.0218343992873129 0.164897010012935 0.177180729715961 1.03407242154295 0.000719366209507039
0.185408621571787 0.0239299676720456 0.213262020267088 0.233186550688252 0.948275263981015 0.000778355838756585
0.186845557734926 0.0223551833934392 0.141784344859333 0.229657760690076 0.875092706444086 0.000717510648484666
0.223217455221273 0.0214386123909677 0.140543409552805 0.185983608453918 0.845840933995156 0.000688020278158946
0.175646379415767 0.0222594178362621 0.150586497476693 0.23137139109497 0.853107841532403 0.00074121191782803
0.206384310057516 0.0224706743277909 0.154197562917617 0.170877022560335 0.864248792929059 0.000788328875800009
0.185504312873166 0.0227251181982298 0.191178090359669 0.181933809899505 0.850252068906902 0.000673975437864808
0.183647845583175 0.0244427588158193 0.184942718679112 0.223297698551139 0.891281206105818 0.000739773176199813
0.177860338826162 0.02369965824126 0.143279633037331 0.189829708619719 0.928495934777997 0.000779256646068356
0.183570585251467 0.0224927764433083 0.183141356487821 0.200350189813281 0.850840937907272 0.000755803003313572
