entries = 304 
description 	 index 	 amin 	 amax 	 emin 	 emax 	 value 	 interval 
s 	 0 	 0 	 5 	 0 	 1 	 0.999996845016 	 0.999996845016 	 0.999996845016 
s 	 0 	 5 	 10 	 0 	 1 	 0.999992071821 	 0.999992071821 	 0.999992071821 
s 	 0 	 10 	 15 	 0 	 1 	 0.999983054664 	 0.999983054664 	 0.999983054664 
s 	 0 	 15 	 20 	 0 	 1 	 0.999977697188 	 0.999977697188 	 0.999977697188 
s 	 0 	 20 	 25 	 0 	 1 	 0.999968765652 	 0.999968765652 	 0.999968765652 
s 	 0 	 25 	 30 	 0 	 1 	 0.999957452139 	 0.999957452139 	 0.999957452139 
s 	 0 	 30 	 35 	 0 	 1 	 0.999947287773 	 0.999947287773 	 0.999947287773 
s 	 0 	 35 	 40 	 0 	 1 	 0.999938356154 	 0.999938356154 	 0.999938356154 
s 	 0 	 40 	 45 	 0 	 1 	 0.999928573951 	 0.999928573951 	 0.999928573951 
s 	 0 	 45 	 50 	 0 	 1 	 0.999914156292 	 0.999914156292 	 0.999914156292 
s 	 0 	 50 	 55 	 0 	 1 	 0.999903444628 	 0.999903444628 	 0.999903444628 
s 	 0 	 55 	 60 	 0 	 1 	 0.999891457278 	 0.999891457278 	 0.999891457278 
s 	 0 	 60 	 65 	 0 	 1 	 0.999875285080 	 0.999875285080 	 0.999875285080 
s 	 0 	 65 	 70 	 0 	 1 	 0.999860816595 	 0.999860816595 	 0.999860816595 
s 	 0 	 70 	 75 	 0 	 1 	 0.999829079625 	 0.999829079625 	 0.999829079625 
s 	 0 	 0 	 120 	 1 	 3 	 0.000000000000 	 0.000000000000 	 0.000000000000 
lf 	 1 	 0 	 5 	 0 	 1 	 0.000000100084 	 0.000000100084 	 0.000000100084 
lf 	 1 	 5 	 10 	 0 	 1 	 0.000000028643 	 0.000000028643 	 0.000000028643 
lf 	 1 	 10 	 15 	 0 	 1 	 0.000000163255 	 0.000000163255 	 0.000000163255 
lf 	 1 	 15 	 20 	 0 	 1 	 0.000000162378 	 0.000000162378 	 0.000000162378 
lf 	 1 	 20 	 25 	 0 	 1 	 0.000000214215 	 0.000000214215 	 0.000000214215 
lf 	 1 	 25 	 30 	 0 	 1 	 0.000000184825 	 0.000000184825 	 0.000000184825 
lf 	 1 	 30 	 35 	 0 	 1 	 0.000000167718 	 0.000000167718 	 0.000000167718 
lf 	 1 	 35 	 40 	 0 	 1 	 0.000000172074 	 0.000000172074 	 0.000000172074 
lf 	 1 	 40 	 45 	 0 	 1 	 0.000000189075 	 0.000000189075 	 0.000000189075 
lf 	 1 	 45 	 50 	 0 	 1 	 0.000000203766 	 0.000000203766 	 0.000000203766 
lf 	 1 	 50 	 55 	 0 	 1 	 0.000000210825 	 0.000000210825 	 0.000000210825 
lf 	 1 	 55 	 60 	 0 	 1 	 0.000000201867 	 0.000000201867 	 0.000000201867 
lf 	 1 	 60 	 65 	 0 	 1 	 0.000000215905 	 0.000000215905 	 0.000000215905 
lf 	 1 	 65 	 70 	 0 	 1 	 0.000000159889 	 0.000000159889 	 0.000000159889 
lf 	 1 	 70 	 75 	 0 	 1 	 0.000000166199 	 0.000000166199 	 0.000000166199 
lf 	 1 	 0 	 120 	 1 	 3 	 0.000000000000 	 0.000000000000 	 0.000000000000 
ls 	 2 	 0 	 5 	 0 	 1 	 0.000002585114 	 0.000002585114 	 0.000002585114 
ls 	 2 	 5 	 10 	 0 	 1 	 0.000007168624 	 0.000007168624 	 0.000007168624 
ls 	 2 	 10 	 15 	 0 	 1 	 0.000014889201 	 0.000014889201 	 0.000014889201 
ls 	 2 	 15 	 20 	 0 	 1 	 0.000019480259 	 0.000019480259 	 0.000019480259 
ls 	 2 	 20 	 25 	 0 	 1 	 0.000027114438 	 0.000027114438 	 0.000027114438 
ls 	 2 	 25 	 30 	 0 	 1 	 0.000036738175 	 0.000036738175 	 0.000036738175 
ls 	 2 	 30 	 35 	 0 	 1 	 0.000045343648 	 0.000045343648 	 0.000045343648 
ls 	 2 	 35 	 40 	 0 	 1 	 0.000052884378 	 0.000052884378 	 0.000052884378 
ls 	 2 	 40 	 45 	 0 	 1 	 0.000061127556 	 0.000061127556 	 0.000061127556 
ls 	 2 	 45 	 50 	 0 	 1 	 0.000073240810 	 0.000073240810 	 0.000073240810 
ls 	 2 	 50 	 55 	 0 	 1 	 0.000082221324 	 0.000082221324 	 0.000082221324 
ls 	 2 	 55 	 60 	 0 	 1 	 0.000092238334 	 0.000092238334 	 0.000092238334 
ls 	 2 	 60 	 65 	 0 	 1 	 0.000105720809 	 0.000105720809 	 0.000105720809 
ls 	 2 	 65 	 70 	 0 	 1 	 0.000117696913 	 0.000117696913 	 0.000117696913 
ls 	 2 	 70 	 75 	 0 	 1 	 0.000143835949 	 0.000143835949 	 0.000143835949 
ls 	 2 	 0 	 120 	 1 	 3 	 0.000000000000 	 0.000000000000 	 0.000000000000 
di+ 	 3 	 0 	 5 	 0 	 1 	 0.000000003952 	 0.000000003952 	 0.000000003952 
di+ 	 3 	 5 	 10 	 0 	 1 	 0.000000001682 	 0.000000001682 	 0.000000001682 
di+ 	 3 	 10 	 15 	 0 	 1 	 0.000000007113 	 0.000000007113 	 0.000000007113 
di+ 	 3 	 15 	 20 	 0 	 1 	 0.000000032964 	 0.000000032964 	 0.000000032964 
di+ 	 3 	 20 	 25 	 0 	 1 	 0.000000046456 	 0.000000046456 	 0.000000046456 
di+ 	 3 	 25 	 30 	 0 	 1 	 0.000000044103 	 0.000000044103 	 0.000000044103 
di+ 	 3 	 30 	 35 	 0 	 1 	 0.000000042473 	 0.000000042473 	 0.000000042473 
di+ 	 3 	 35 	 40 	 0 	 1 	 0.000000044536 	 0.000000044536 	 0.000000044536 
di+ 	 3 	 40 	 45 	 0 	 1 	 0.000000049295 	 0.000000049295 	 0.000000049295 
di+ 	 3 	 45 	 50 	 0 	 1 	 0.000000054752 	 0.000000054752 	 0.000000054752 
di+ 	 3 	 50 	 55 	 0 	 1 	 0.000000058044 	 0.000000058044 	 0.000000058044 
di+ 	 3 	 55 	 60 	 0 	 1 	 0.000000058649 	 0.000000058649 	 0.000000058649 
di+ 	 3 	 60 	 65 	 0 	 1 	 0.000000063736 	 0.000000063736 	 0.000000063736 
di+ 	 3 	 65 	 70 	 0 	 1 	 0.000000056309 	 0.000000056309 	 0.000000056309 
di+ 	 3 	 70 	 75 	 0 	 1 	 0.000000061673 	 0.000000061673 	 0.000000061673 
di+ 	 3 	 0 	 120 	 1 	 3 	 0.000000000000 	 0.000000000000 	 0.000000000000 
di- 	 4 	 0 	 5 	 0 	 1 	 0.000000036641 	 0.000000036641 	 0.000000036641 
di- 	 4 	 5 	 10 	 0 	 1 	 0.000000016828 	 0.000000016828 	 0.000000016828 
di- 	 4 	 10 	 15 	 0 	 1 	 0.000000067172 	 0.000000067172 	 0.000000067172 
di- 	 4 	 15 	 20 	 0 	 1 	 0.000000049565 	 0.000000049565 	 0.000000049565 
di- 	 4 	 20 	 25 	 0 	 1 	 0.000000060055 	 0.000000060055 	 0.000000060055 
di- 	 4 	 25 	 30 	 0 	 1 	 0.000000057377 	 0.000000057377 	 0.000000057377 
di- 	 4 	 30 	 35 	 0 	 1 	 0.000000055504 	 0.000000055504 	 0.000000055504 
di- 	 4 	 35 	 40 	 0 	 1 	 0.000000058019 	 0.000000058019 	 0.000000058019 
di- 	 4 	 40 	 45 	 0 	 1 	 0.000000063916 	 0.000000063916 	 0.000000063916 
di- 	 4 	 45 	 50 	 0 	 1 	 0.000000070978 	 0.000000070978 	 0.000000070978 
di- 	 4 	 50 	 55 	 0 	 1 	 0.000000075299 	 0.000000075299 	 0.000000075299 
di- 	 4 	 55 	 60 	 0 	 1 	 0.000000076447 	 0.000000076447 	 0.000000076447 
di- 	 4 	 60 	 65 	 0 	 1 	 0.000000082824 	 0.000000082824 	 0.000000082824 
di- 	 4 	 65 	 70 	 0 	 1 	 0.000000074478 	 0.000000074478 	 0.000000074478 
di- 	 4 	 70 	 75 	 0 	 1 	 0.000000081010 	 0.000000081010 	 0.000000081010 
di- 	 4 	 0 	 120 	 1 	 3 	 0.000000000000 	 0.000000000000 	 0.000000000000 
dn 	 5 	 0 	 5 	 0 	 1 	 0.000000014224 	 0.000000014224 	 0.000000014224 
dn 	 5 	 5 	 10 	 0 	 1 	 0.000000006549 	 0.000000006549 	 0.000000006549 
dn 	 5 	 10 	 15 	 0 	 1 	 0.000000026093 	 0.000000026093 	 0.000000026093 
dn 	 5 	 15 	 20 	 0 	 1 	 0.000000014108 	 0.000000014108 	 0.000000014108 
dn 	 5 	 20 	 25 	 0 	 1 	 0.000000015593 	 0.000000015593 	 0.000000015593 
dn 	 5 	 25 	 30 	 0 	 1 	 0.000000014769 	 0.000000014769 	 0.000000014769 
dn 	 5 	 30 	 35 	 0 	 1 	 0.000000014284 	 0.000000014284 	 0.000000014284 
dn 	 5 	 35 	 40 	 0 	 1 	 0.000000014919 	 0.000000014919 	 0.000000014919 
dn 	 5 	 40 	 45 	 0 	 1 	 0.000000016411 	 0.000000016411 	 0.000000016411 
dn 	 5 	 45 	 50 	 0 	 1 	 0.000000018202 	 0.000000018202 	 0.000000018202 
dn 	 5 	 50 	 55 	 0 	 1 	 0.000000019300 	 0.000000019300 	 0.000000019300 
dn 	 5 	 55 	 60 	 0 	 1 	 0.000000019599 	 0.000000019599 	 0.000000019599 
dn 	 5 	 60 	 65 	 0 	 1 	 0.000000021218 	 0.000000021218 	 0.000000021218 
dn 	 5 	 65 	 70 	 0 	 1 	 0.000000019125 	 0.000000019125 	 0.000000019125 
dn 	 5 	 70 	 75 	 0 	 1 	 0.000000020795 	 0.000000020795 	 0.000000020795 
dn 	 5 	 0 	 120 	 1 	 3 	 0.000000000000 	 0.000000000000 	 0.000000000000 
ti+ 	 6 	 0 	 5 	 0 	 1 	 0.000000003686 	 0.000000003686 	 0.000000003686 
ti+ 	 6 	 5 	 10 	 0 	 1 	 0.000000001890 	 0.000000001890 	 0.000000001890 
ti+ 	 6 	 10 	 15 	 0 	 1 	 0.000000006925 	 0.000000006925 	 0.000000006925 
ti+ 	 6 	 15 	 20 	 0 	 1 	 0.000000029848 	 0.000000029848 	 0.000000029848 
ti+ 	 6 	 20 	 25 	 0 	 1 	 0.000000044549 	 0.000000044549 	 0.000000044549 
ti+ 	 6 	 25 	 30 	 0 	 1 	 0.000000043850 	 0.000000043850 	 0.000000043850 
ti+ 	 6 	 30 	 35 	 0 	 1 	 0.000000042323 	 0.000000042323 	 0.000000042323 
ti+ 	 6 	 35 	 40 	 0 	 1 	 0.000000044016 	 0.000000044016 	 0.000000044016 
ti+ 	 6 	 40 	 45 	 0 	 1 	 0.000000048390 	 0.000000048390 	 0.000000048390 
ti+ 	 6 	 45 	 50 	 0 	 1 	 0.000000053829 	 0.000000053829 	 0.000000053829 
ti+ 	 6 	 50 	 55 	 0 	 1 	 0.000000057157 	 0.000000057157 	 0.000000057157 
ti+ 	 6 	 55 	 60 	 0 	 1 	 0.000000058109 	 0.000000058109 	 0.000000058109 
ti+ 	 6 	 60 	 65 	 0 	 1 	 0.000000062762 	 0.000000062762 	 0.000000062762 
ti+ 	 6 	 65 	 70 	 0 	 1 	 0.000000056655 	 0.000000056655 	 0.000000056655 
ti+ 	 6 	 70 	 75 	 0 	 1 	 0.000000060958 	 0.000000060958 	 0.000000060958 
ti+ 	 6 	 0 	 120 	 1 	 3 	 0.000000000000 	 0.000000000000 	 0.000000000000 
ti- 	 7 	 0 	 5 	 0 	 1 	 0.000000020909 	 0.000000020909 	 0.000000020909 
ti- 	 7 	 5 	 10 	 0 	 1 	 0.000000011330 	 0.000000011330 	 0.000000011330 
ti- 	 7 	 10 	 15 	 0 	 1 	 0.000000039940 	 0.000000039940 	 0.000000039940 
ti- 	 7 	 15 	 20 	 0 	 1 	 0.000000032108 	 0.000000032108 	 0.000000032108 
ti- 	 7 	 20 	 25 	 0 	 1 	 0.000000037165 	 0.000000037165 	 0.000000037165 
ti- 	 7 	 25 	 30 	 0 	 1 	 0.000000036107 	 0.000000036107 	 0.000000036107 
ti- 	 7 	 30 	 35 	 0 	 1 	 0.000000034955 	 0.000000034955 	 0.000000034955 
ti- 	 7 	 35 	 40 	 0 	 1 	 0.000000036266 	 0.000000036266 	 0.000000036266 
ti- 	 7 	 40 	 45 	 0 	 1 	 0.000000039696 	 0.000000039696 	 0.000000039696 
ti- 	 7 	 45 	 50 	 0 	 1 	 0.000000044129 	 0.000000044129 	 0.000000044129 
ti- 	 7 	 50 	 55 	 0 	 1 	 0.000000046883 	 0.000000046883 	 0.000000046883 
ti- 	 7 	 55 	 60 	 0 	 1 	 0.000000047864 	 0.000000047864 	 0.000000047864 
ti- 	 7 	 60 	 65 	 0 	 1 	 0.000000051583 	 0.000000051583 	 0.000000051583 
ti- 	 7 	 65 	 70 	 0 	 1 	 0.000000047270 	 0.000000047270 	 0.000000047270 
ti- 	 7 	 70 	 75 	 0 	 1 	 0.000000050638 	 0.000000050638 	 0.000000050638 
ti- 	 7 	 0 	 120 	 1 	 3 	 0.000000000000 	 0.000000000000 	 0.000000000000 
tn 	 8 	 0 	 5 	 0 	 1 	 0.000000008172 	 0.000000008172 	 0.000000008172 
tn 	 8 	 5 	 10 	 0 	 1 	 0.000000004443 	 0.000000004443 	 0.000000004443 
tn 	 8 	 10 	 15 	 0 	 1 	 0.000000015627 	 0.000000015627 	 0.000000015627 
tn 	 8 	 15 	 20 	 0 	 1 	 0.000000009682 	 0.000000009682 	 0.000000009682 
tn 	 8 	 20 	 25 	 0 	 1 	 0.000000009846 	 0.000000009846 	 0.000000009846 
tn 	 8 	 25 	 30 	 0 	 1 	 0.000000009380 	 0.000000009380 	 0.000000009380 
tn 	 8 	 30 	 35 	 0 	 1 	 0.000000009065 	 0.000000009065 	 0.000000009065 
tn 	 8 	 35 	 40 	 0 	 1 	 0.000000009397 	 0.000000009397 	 0.000000009397 
tn 	 8 	 40 	 45 	 0 	 1 	 0.000000010271 	 0.000000010271 	 0.000000010271 
tn 	 8 	 45 	 50 	 0 	 1 	 0.000000011403 	 0.000000011403 	 0.000000011403 
tn 	 8 	 50 	 55 	 0 	 1 	 0.000000012108 	 0.000000012108 	 0.000000012108 
tn 	 8 	 55 	 60 	 0 	 1 	 0.000000012363 	 0.000000012363 	 0.000000012363 
tn 	 8 	 60 	 65 	 0 	 1 	 0.000000013315 	 0.000000013315 	 0.000000013315 
tn 	 8 	 65 	 70 	 0 	 1 	 0.000000012228 	 0.000000012228 	 0.000000012228 
tn 	 8 	 70 	 75 	 0 	 1 	 0.000000013097 	 0.000000013097 	 0.000000013097 
tn 	 8 	 0 	 120 	 1 	 3 	 0.000000000000 	 0.000000000000 	 0.000000000000 
defi+ 	 9 	 0 	 5 	 0 	 1 	 0.000000000236 	 0.000000000236 	 0.000000000236 
defi+ 	 9 	 5 	 10 	 0 	 1 	 0.000000000420 	 0.000000000420 	 0.000000000420 
defi+ 	 9 	 10 	 15 	 0 	 1 	 0.000000001056 	 0.000000001056 	 0.000000001056 
defi+ 	 9 	 15 	 20 	 0 	 1 	 0.000000002615 	 0.000000002615 	 0.000000002615 
defi+ 	 9 	 20 	 25 	 0 	 1 	 0.000000005516 	 0.000000005516 	 0.000000005516 
defi+ 	 9 	 25 	 30 	 0 	 1 	 0.000000009706 	 0.000000009706 	 0.000000009706 
defi+ 	 9 	 30 	 35 	 0 	 1 	 0.000000013518 	 0.000000013518 	 0.000000013518 
defi+ 	 9 	 35 	 40 	 0 	 1 	 0.000000016839 	 0.000000016839 	 0.000000016839 
defi+ 	 9 	 40 	 45 	 0 	 1 	 0.000000020477 	 0.000000020477 	 0.000000020477 
defi+ 	 9 	 45 	 50 	 0 	 1 	 0.000000025986 	 0.000000025986 	 0.000000025986 
defi+ 	 9 	 50 	 55 	 0 	 1 	 0.000000030147 	 0.000000030147 	 0.000000030147 
defi+ 	 9 	 55 	 60 	 0 	 1 	 0.000000034942 	 0.000000034942 	 0.000000034942 
defi+ 	 9 	 60 	 65 	 0 	 1 	 0.000000041389 	 0.000000041389 	 0.000000041389 
defi+ 	 9 	 65 	 70 	 0 	 1 	 0.000000047569 	 0.000000047569 	 0.000000047569 
defi+ 	 9 	 70 	 75 	 0 	 1 	 0.000000060860 	 0.000000060860 	 0.000000060860 
defi+ 	 9 	 0 	 120 	 1 	 3 	 0.000000000000 	 0.000000000000 	 0.000000000000 
ni+ 	 10 	 0 	 5 	 0 	 1 	 0.000000001871 	 0.000000001871 	 0.000000001871 
ni+ 	 10 	 5 	 10 	 0 	 1 	 0.000000002733 	 0.000000002733 	 0.000000002733 
ni+ 	 10 	 10 	 15 	 0 	 1 	 0.000000006809 	 0.000000006809 	 0.000000006809 
ni+ 	 10 	 15 	 20 	 0 	 1 	 0.000000019006 	 0.000000019006 	 0.000000019006 
ni+ 	 10 	 20 	 25 	 0 	 1 	 0.000000038837 	 0.000000038837 	 0.000000038837 
ni+ 	 10 	 25 	 30 	 0 	 1 	 0.000000061795 	 0.000000061795 	 0.000000061795 
ni+ 	 10 	 30 	 35 	 0 	 1 	 0.000000079443 	 0.000000079443 	 0.000000079443 
ni+ 	 10 	 35 	 40 	 0 	 1 	 0.000000093558 	 0.000000093558 	 0.000000093558 
ni+ 	 10 	 40 	 45 	 0 	 1 	 0.000000108345 	 0.000000108345 	 0.000000108345 
ni+ 	 10 	 45 	 50 	 0 	 1 	 0.000000129066 	 0.000000129066 	 0.000000129066 
ni+ 	 10 	 50 	 55 	 0 	 1 	 0.000000143844 	 0.000000143844 	 0.000000143844 
ni+ 	 10 	 55 	 60 	 0 	 1 	 0.000000159214 	 0.000000159214 	 0.000000159214 
ni+ 	 10 	 60 	 65 	 0 	 1 	 0.000000178823 	 0.000000178823 	 0.000000178823 
ni+ 	 10 	 65 	 70 	 0 	 1 	 0.000000193383 	 0.000000193383 	 0.000000193383 
ni+ 	 10 	 70 	 75 	 0 	 1 	 0.000000221443 	 0.000000221443 	 0.000000221443 
ni+ 	 10 	 0 	 120 	 1 	 3 	 0.000000000000 	 0.000000000000 	 0.000000000000 
defi- 	 11 	 0 	 5 	 0 	 1 	 0.000000002361 	 0.000000002361 	 0.000000002361 
defi- 	 11 	 5 	 10 	 0 	 1 	 0.000000004284 	 0.000000004284 	 0.000000004284 
defi- 	 11 	 10 	 15 	 0 	 1 	 0.000000010755 	 0.000000010755 	 0.000000010755 
defi- 	 11 	 15 	 20 	 0 	 1 	 0.000000014339 	 0.000000014339 	 0.000000014339 
defi- 	 11 	 20 	 25 	 0 	 1 	 0.000000019512 	 0.000000019512 	 0.000000019512 
defi- 	 11 	 25 	 30 	 0 	 1 	 0.000000026933 	 0.000000026933 	 0.000000026933 
defi- 	 11 	 30 	 35 	 0 	 1 	 0.000000033731 	 0.000000033731 	 0.000000033731 
defi- 	 11 	 35 	 40 	 0 	 1 	 0.000000039615 	 0.000000039615 	 0.000000039615 
defi- 	 11 	 40 	 45 	 0 	 1 	 0.000000045976 	 0.000000045976 	 0.000000045976 
defi- 	 11 	 45 	 50 	 0 	 1 	 0.000000055496 	 0.000000055496 	 0.000000055496 
defi- 	 11 	 50 	 55 	 0 	 1 	 0.000000062648 	 0.000000062648 	 0.000000062648 
defi- 	 11 	 55 	 60 	 0 	 1 	 0.000000070894 	 0.000000070894 	 0.000000070894 
defi- 	 11 	 60 	 65 	 0 	 1 	 0.000000081901 	 0.000000081901 	 0.000000081901 
defi- 	 11 	 65 	 70 	 0 	 1 	 0.000000092603 	 0.000000092603 	 0.000000092603 
defi- 	 11 	 70 	 75 	 0 	 1 	 0.000000115468 	 0.000000115468 	 0.000000115468 
defi- 	 11 	 0 	 120 	 1 	 3 	 0.000000000000 	 0.000000000000 	 0.000000000000 
ni- 	 12 	 0 	 5 	 0 	 1 	 0.000000017345 	 0.000000017345 	 0.000000017345 
ni- 	 12 	 5 	 10 	 0 	 1 	 0.000000026062 	 0.000000026062 	 0.000000026062 
ni- 	 12 	 10 	 15 	 0 	 1 	 0.000000064543 	 0.000000064543 	 0.000000064543 
ni- 	 12 	 15 	 20 	 0 	 1 	 0.000000080569 	 0.000000080569 	 0.000000080569 
ni- 	 12 	 20 	 25 	 0 	 1 	 0.000000103388 	 0.000000103388 	 0.000000103388 
ni- 	 12 	 25 	 30 	 0 	 1 	 0.000000129821 	 0.000000129821 	 0.000000129821 
ni- 	 12 	 30 	 35 	 0 	 1 	 0.000000150142 	 0.000000150142 	 0.000000150142 
ni- 	 12 	 35 	 40 	 0 	 1 	 0.000000166449 	 0.000000166449 	 0.000000166449 
ni- 	 12 	 40 	 45 	 0 	 1 	 0.000000183685 	 0.000000183685 	 0.000000183685 
ni- 	 12 	 45 	 50 	 0 	 1 	 0.000000208177 	 0.000000208177 	 0.000000208177 
ni- 	 12 	 50 	 55 	 0 	 1 	 0.000000225790 	 0.000000225790 	 0.000000225790 
ni- 	 12 	 55 	 60 	 0 	 1 	 0.000000244265 	 0.000000244265 	 0.000000244265 
ni- 	 12 	 60 	 65 	 0 	 1 	 0.000000267948 	 0.000000267948 	 0.000000267948 
ni- 	 12 	 65 	 70 	 0 	 1 	 0.000000285785 	 0.000000285785 	 0.000000285785 
ni- 	 12 	 70 	 75 	 0 	 1 	 0.000000320138 	 0.000000320138 	 0.000000320138 
ni- 	 12 	 0 	 120 	 1 	 3 	 0.000000000000 	 0.000000000000 	 0.000000000000 
defn 	 13 	 0 	 5 	 0 	 1 	 0.000000000923 	 0.000000000923 	 0.000000000923 
defn 	 13 	 5 	 10 	 0 	 1 	 0.000000001677 	 0.000000001677 	 0.000000001677 
defn 	 13 	 10 	 15 	 0 	 1 	 0.000000004208 	 0.000000004208 	 0.000000004208 
defn 	 13 	 15 	 20 	 0 	 1 	 0.000000005358 	 0.000000005358 	 0.000000005358 
defn 	 13 	 20 	 25 	 0 	 1 	 0.000000006863 	 0.000000006863 	 0.000000006863 
defn 	 13 	 25 	 30 	 0 	 1 	 0.000000009000 	 0.000000009000 	 0.000000009000 
defn 	 13 	 30 	 35 	 0 	 1 	 0.000000010959 	 0.000000010959 	 0.000000010959 
defn 	 13 	 35 	 40 	 0 	 1 	 0.000000012651 	 0.000000012651 	 0.000000012651 
defn 	 13 	 40 	 45 	 0 	 1 	 0.000000014469 	 0.000000014469 	 0.000000014469 
defn 	 13 	 45 	 50 	 0 	 1 	 0.000000017176 	 0.000000017176 	 0.000000017176 
defn 	 13 	 50 	 55 	 0 	 1 	 0.000000019203 	 0.000000019203 	 0.000000019203 
defn 	 13 	 55 	 60 	 0 	 1 	 0.000000021538 	 0.000000021538 	 0.000000021538 
defn 	 13 	 60 	 65 	 0 	 1 	 0.000000024645 	 0.000000024645 	 0.000000024645 
defn 	 13 	 65 	 70 	 0 	 1 	 0.000000027679 	 0.000000027679 	 0.000000027679 
defn 	 13 	 70 	 75 	 0 	 1 	 0.000000034145 	 0.000000034145 	 0.000000034145 
defn 	 13 	 0 	 120 	 1 	 3 	 0.000000000000 	 0.000000000000 	 0.000000000000 
nn 	 14 	 0 	 5 	 0 	 1 	 0.000000006733 	 0.000000006733 	 0.000000006733 
nn 	 14 	 5 	 10 	 0 	 1 	 0.000000010127 	 0.000000010127 	 0.000000010127 
nn 	 14 	 10 	 15 	 0 	 1 	 0.000000025075 	 0.000000025075 	 0.000000025075 
nn 	 14 	 15 	 20 	 0 	 1 	 0.000000029351 	 0.000000029351 	 0.000000029351 
nn 	 14 	 20 	 25 	 0 	 1 	 0.000000034852 	 0.000000034852 	 0.000000034852 
nn 	 14 	 25 	 30 	 0 	 1 	 0.000000041120 	 0.000000041120 	 0.000000041120 
nn 	 14 	 30 	 35 	 0 	 1 	 0.000000045919 	 0.000000045919 	 0.000000045919 
nn 	 14 	 35 	 40 	 0 	 1 	 0.000000049786 	 0.000000049786 	 0.000000049786 
nn 	 14 	 40 	 45 	 0 	 1 	 0.000000053909 	 0.000000053909 	 0.000000053909 
nn 	 14 	 45 	 50 	 0 	 1 	 0.000000059817 	 0.000000059817 	 0.000000059817 
nn 	 14 	 50 	 55 	 0 	 1 	 0.000000064085 	 0.000000064085 	 0.000000064085 
nn 	 14 	 55 	 60 	 0 	 1 	 0.000000068568 	 0.000000068568 	 0.000000068568 
nn 	 14 	 60 	 65 	 0 	 1 	 0.000000074347 	 0.000000074347 	 0.000000074347 
nn 	 14 	 65 	 70 	 0 	 1 	 0.000000078677 	 0.000000078677 	 0.000000078677 
nn 	 14 	 70 	 75 	 0 	 1 	 0.000000087076 	 0.000000087076 	 0.000000087076 
nn 	 14 	 0 	 120 	 1 	 3 	 0.000000000000 	 0.000000000000 	 0.000000000000 
si+ 	 15 	 0 	 5 	 0 	 1 	 0.000000039485 	 0.000000039485 	 0.000000039485 
si+ 	 15 	 5 	 10 	 0 	 1 	 0.000000070666 	 0.000000070666 	 0.000000070666 
si+ 	 15 	 10 	 15 	 0 	 1 	 0.000000178166 	 0.000000178166 	 0.000000178166 
si+ 	 15 	 15 	 20 	 0 	 1 	 0.000000439853 	 0.000000439853 	 0.000000439853 
si+ 	 15 	 20 	 25 	 0 	 1 	 0.000000928404 	 0.000000928404 	 0.000000928404 
si+ 	 15 	 25 	 30 	 0 	 1 	 0.000001641267 	 0.000001641267 	 0.000001641267 
si+ 	 15 	 30 	 35 	 0 	 1 	 0.000002295618 	 0.000002295618 	 0.000002295618 
si+ 	 15 	 35 	 40 	 0 	 1 	 0.000002868796 	 0.000002868796 	 0.000002868796 
si+ 	 15 	 40 	 45 	 0 	 1 	 0.000003499030 	 0.000003499030 	 0.000003499030 
si+ 	 15 	 45 	 50 	 0 	 1 	 0.000004458406 	 0.000004458406 	 0.000004458406 
si+ 	 15 	 50 	 55 	 0 	 1 	 0.000005185753 	 0.000005185753 	 0.000005185753 
si+ 	 15 	 55 	 60 	 0 	 1 	 0.000006028262 	 0.000006028262 	 0.000006028262 
si+ 	 15 	 60 	 65 	 0 	 1 	 0.000007166385 	 0.000007166385 	 0.000007166385 
si+ 	 15 	 65 	 70 	 0 	 1 	 0.000008267935 	 0.000008267935 	 0.000008267935 
si+ 	 15 	 70 	 75 	 0 	 1 	 0.000010661147 	 0.000010661147 	 0.000010661147 
si+ 	 15 	 0 	 120 	 1 	 3 	 0.000000000000 	 0.000000000000 	 0.000000000000 
si- 	 16 	 0 	 5 	 0 	 1 	 0.000000224937 	 0.000000224937 	 0.000000224937 
si- 	 16 	 5 	 10 	 0 	 1 	 0.000000410990 	 0.000000410990 	 0.000000410990 
si- 	 16 	 10 	 15 	 0 	 1 	 0.000001033860 	 0.000001033860 	 0.000001033860 
si- 	 16 	 15 	 20 	 0 	 1 	 0.000001382207 	 0.000001382207 	 0.000001382207 
si- 	 16 	 20 	 25 	 0 	 1 	 0.000001887111 	 0.000001887111 	 0.000001887111 
si- 	 16 	 25 	 30 	 0 	 1 	 0.000002619184 	 0.000002619184 	 0.000002619184 
si- 	 16 	 30 	 35 	 0 	 1 	 0.000003295813 	 0.000003295813 	 0.000003295813 
si- 	 16 	 35 	 40 	 0 	 1 	 0.000003884695 	 0.000003884695 	 0.000003884695 
si- 	 16 	 40 	 45 	 0 	 1 	 0.000004523416 	 0.000004523416 	 0.000004523416 
si- 	 16 	 45 	 50 	 0 	 1 	 0.000005484011 	 0.000005484011 	 0.000005484011 
si- 	 16 	 50 	 55 	 0 	 1 	 0.000006208156 	 0.000006208156 	 0.000006208156 
si- 	 16 	 55 	 60 	 0 	 1 	 0.000007047310 	 0.000007047310 	 0.000007047310 
si- 	 16 	 60 	 65 	 0 	 1 	 0.000008172445 	 0.000008172445 	 0.000008172445 
si- 	 16 	 65 	 70 	 0 	 1 	 0.000009276704 	 0.000009276704 	 0.000009276704 
si- 	 16 	 70 	 75 	 0 	 1 	 0.000011660176 	 0.000011660176 	 0.000011660176 
si- 	 16 	 0 	 120 	 1 	 3 	 0.000000000000 	 0.000000000000 	 0.000000000000 
sn 	 17 	 0 	 5 	 0 	 1 	 0.000000087918 	 0.000000087918 	 0.000000087918 
sn 	 17 	 5 	 10 	 0 	 1 	 0.000000160839 	 0.000000160839 	 0.000000160839 
sn 	 17 	 10 	 15 	 0 	 1 	 0.000000404548 	 0.000000404548 	 0.000000404548 
sn 	 17 	 15 	 20 	 0 	 1 	 0.000000516830 	 0.000000516830 	 0.000000516830 
sn 	 17 	 20 	 25 	 0 	 1 	 0.000000664795 	 0.000000664795 	 0.000000664795 
sn 	 17 	 25 	 30 	 0 	 1 	 0.000000877208 	 0.000000877208 	 0.000000877208 
sn 	 17 	 30 	 35 	 0 	 1 	 0.000001073753 	 0.000001073753 	 0.000001073753 
sn 	 17 	 35 	 40 	 0 	 1 	 0.000001244375 	 0.000001244375 	 0.000001244375 
sn 	 17 	 40 	 45 	 0 	 1 	 0.000001428428 	 0.000001428428 	 0.000001428428 
sn 	 17 	 45 	 50 	 0 	 1 	 0.000001703625 	 0.000001703625 	 0.000001703625 
sn 	 17 	 50 	 55 	 0 	 1 	 0.000001910465 	 0.000001910465 	 0.000001910465 
sn 	 17 	 55 	 60 	 0 	 1 	 0.000002149966 	 0.000002149966 	 0.000002149966 
sn 	 17 	 60 	 65 	 0 	 1 	 0.000002470052 	 0.000002470052 	 0.000002470052 
sn 	 17 	 65 	 70 	 0 	 1 	 0.000002785464 	 0.000002785464 	 0.000002785464 
sn 	 17 	 70 	 75 	 0 	 1 	 0.000003464706 	 0.000003464706 	 0.000003464706 
sn 	 17 	 0 	 120 	 1 	 3 	 0.000000000000 	 0.000000000000 	 0.000000000000 
f 	 18 	 0 	 5 	 0 	 1 	 0.000000000393 	 0.000000000393 	 0.000000000393 
f 	 18 	 5 	 10 	 0 	 1 	 0.000000000392 	 0.000000000392 	 0.000000000392 
f 	 18 	 10 	 15 	 0 	 1 	 0.000000000990 	 0.000000000990 	 0.000000000990 
f 	 18 	 15 	 20 	 0 	 1 	 0.000000001771 	 0.000000001771 	 0.000000001771 
f 	 18 	 20 	 25 	 0 	 1 	 0.000000002753 	 0.000000002753 	 0.000000002753 
f 	 18 	 25 	 30 	 0 	 1 	 0.000000003241 	 0.000000003241 	 0.000000003241 
f 	 18 	 30 	 35 	 0 	 1 	 0.000000003362 	 0.000000003362 	 0.000000003362 
f 	 18 	 35 	 40 	 0 	 1 	 0.000000003477 	 0.000000003477 	 0.000000003477 
f 	 18 	 40 	 45 	 0 	 1 	 0.000000003704 	 0.000000003704 	 0.000000003704 
f 	 18 	 45 	 50 	 0 	 1 	 0.000000004079 	 0.000000004079 	 0.000000004079 
f 	 18 	 50 	 55 	 0 	 1 	 0.000000004342 	 0.000000004342 	 0.000000004342 
f 	 18 	 55 	 60 	 0 	 1 	 0.000000004531 	 0.000000004531 	 0.000000004531 
f 	 18 	 60 	 65 	 0 	 1 	 0.000000004834 	 0.000000004834 	 0.000000004834 
f 	 18 	 65 	 70 	 0 	 1 	 0.000000004739 	 0.000000004739 	 0.000000004739 
f 	 18 	 70 	 75 	 0 	 1 	 0.000000004899 	 0.000000004899 	 0.000000004899 
f 	 18 	 0 	 120 	 1 	 3 	 0.000000000000 	 0.000000000000 	 0.000000000000 
