entries = 304 
description 	 index 	 amin 	 amax 	 emin 	 emax 	 value 	 interval 
s 	 0 	 0 	 5 	 0 	 1 	 0.975757735354 	 0.975757735354 	 0.975757735354 
s 	 0 	 5 	 10 	 0 	 1 	 0.876139645665 	 0.876139645665 	 0.876139645665 
s 	 0 	 10 	 15 	 0 	 1 	 0.789101056946 	 0.789101056946 	 0.789101056946 
s 	 0 	 15 	 20 	 0 	 1 	 0.711147015785 	 0.711147015785 	 0.711147015785 
s 	 0 	 20 	 25 	 0 	 1 	 0.544391170588 	 0.544391170588 	 0.544391170588 
s 	 0 	 25 	 30 	 0 	 1 	 0.407792899003 	 0.407792899003 	 0.407792899003 
s 	 0 	 30 	 35 	 0 	 1 	 0.307281191970 	 0.307281191970 	 0.307281191970 
s 	 0 	 35 	 40 	 0 	 1 	 0.238002211693 	 0.238002211693 	 0.238002211693 
s 	 0 	 40 	 45 	 0 	 1 	 0.185740561654 	 0.185740561654 	 0.185740561654 
s 	 0 	 45 	 50 	 0 	 1 	 0.146019411777 	 0.146019411777 	 0.146019411777 
s 	 0 	 50 	 55 	 0 	 1 	 0.112427394603 	 0.112427394603 	 0.112427394603 
s 	 0 	 55 	 60 	 0 	 1 	 0.083206172503 	 0.083206172503 	 0.083206172503 
s 	 0 	 60 	 65 	 0 	 1 	 0.057312304680 	 0.057312304680 	 0.057312304680 
s 	 0 	 65 	 70 	 0 	 1 	 0.052821220901 	 0.052821220901 	 0.052821220901 
s 	 0 	 70 	 75 	 0 	 1 	 0.045160493869 	 0.045160493869 	 0.045160493869 
s 	 0 	 0 	 120 	 1 	 3 	 0.000000000000 	 0.000000000000 	 0.000000000000 
lf 	 1 	 0 	 5 	 0 	 1 	 0.000842113729 	 0.000842113729 	 0.000842113729 
lf 	 1 	 5 	 10 	 0 	 1 	 0.000565716895 	 0.000565716895 	 0.000565716895 
lf 	 1 	 10 	 15 	 0 	 1 	 0.002617046522 	 0.002617046522 	 0.002617046522 
lf 	 1 	 15 	 20 	 0 	 1 	 0.002790182915 	 0.002790182915 	 0.002790182915 
lf 	 1 	 20 	 25 	 0 	 1 	 0.006204426665 	 0.006204426665 	 0.006204426665 
lf 	 1 	 25 	 30 	 0 	 1 	 0.006448883755 	 0.006448883755 	 0.006448883755 
lf 	 1 	 30 	 35 	 0 	 1 	 0.005688489088 	 0.005688489088 	 0.005688489088 
lf 	 1 	 35 	 40 	 0 	 1 	 0.004735300421 	 0.004735300421 	 0.004735300421 
lf 	 1 	 40 	 45 	 0 	 1 	 0.004172900144 	 0.004172900144 	 0.004172900144 
lf 	 1 	 45 	 50 	 0 	 1 	 0.003975021799 	 0.003975021799 	 0.003975021799 
lf 	 1 	 50 	 55 	 0 	 1 	 0.003921299887 	 0.003921299887 	 0.003921299887 
lf 	 1 	 55 	 60 	 0 	 1 	 0.003686901159 	 0.003686901159 	 0.003686901159 
lf 	 1 	 60 	 65 	 0 	 1 	 0.004288944033 	 0.004288944033 	 0.004288944033 
lf 	 1 	 65 	 70 	 0 	 1 	 0.001701698660 	 0.001701698660 	 0.001701698660 
lf 	 1 	 70 	 75 	 0 	 1 	 0.001144893008 	 0.001144893008 	 0.001144893008 
lf 	 1 	 0 	 120 	 1 	 3 	 0.000000000000 	 0.000000000000 	 0.000000000000 
ls 	 2 	 0 	 5 	 0 	 1 	 0.019952016459 	 0.019952016459 	 0.019952016459 
ls 	 2 	 5 	 10 	 0 	 1 	 0.117213112721 	 0.117213112721 	 0.117213112721 
ls 	 2 	 10 	 15 	 0 	 1 	 0.191039417600 	 0.191039417600 	 0.191039417600 
ls 	 2 	 15 	 20 	 0 	 1 	 0.257315285972 	 0.257315285972 	 0.257315285972 
ls 	 2 	 20 	 25 	 0 	 1 	 0.397396945129 	 0.397396945129 	 0.397396945129 
ls 	 2 	 25 	 30 	 0 	 1 	 0.510318161407 	 0.510318161407 	 0.510318161407 
ls 	 2 	 30 	 35 	 0 	 1 	 0.591299014774 	 0.591299014774 	 0.591299014774 
ls 	 2 	 35 	 40 	 0 	 1 	 0.645225569557 	 0.645225569557 	 0.645225569557 
ls 	 2 	 40 	 45 	 0 	 1 	 0.684084680323 	 0.684084680323 	 0.684084680323 
ls 	 2 	 45 	 50 	 0 	 1 	 0.711998859056 	 0.711998859056 	 0.711998859056 
ls 	 2 	 50 	 55 	 0 	 1 	 0.733790122679 	 0.733790122679 	 0.733790122679 
ls 	 2 	 55 	 60 	 0 	 1 	 0.750317612149 	 0.750317612149 	 0.750317612149 
ls 	 2 	 60 	 65 	 0 	 1 	 0.761652561930 	 0.761652561930 	 0.761652561930 
ls 	 2 	 65 	 70 	 0 	 1 	 0.762684291396 	 0.762684291396 	 0.762684291396 
ls 	 2 	 70 	 75 	 0 	 1 	 0.763096023670 	 0.763096023670 	 0.763096023670 
ls 	 2 	 0 	 120 	 1 	 3 	 0.000000000000 	 0.000000000000 	 0.000000000000 
di+ 	 3 	 0 	 5 	 0 	 1 	 0.000054954011 	 0.000054954011 	 0.000054954011 
di+ 	 3 	 5 	 10 	 0 	 1 	 0.000050931810 	 0.000050931810 	 0.000050931810 
di+ 	 3 	 10 	 15 	 0 	 1 	 0.000186289325 	 0.000186289325 	 0.000186289325 
di+ 	 3 	 15 	 20 	 0 	 1 	 0.000928876034 	 0.000928876034 	 0.000928876034 
di+ 	 3 	 20 	 25 	 0 	 1 	 0.002077657578 	 0.002077657578 	 0.002077657578 
di+ 	 3 	 25 	 30 	 0 	 1 	 0.002354504805 	 0.002354504805 	 0.002354504805 
di+ 	 3 	 30 	 35 	 0 	 1 	 0.002206622501 	 0.002206622501 	 0.002206622501 
di+ 	 3 	 35 	 40 	 0 	 1 	 0.001932840349 	 0.001932840349 	 0.001932840349 
di+ 	 3 	 40 	 45 	 0 	 1 	 0.001747103898 	 0.001747103898 	 0.001747103898 
di+ 	 3 	 45 	 50 	 0 	 1 	 0.001675221442 	 0.001675221442 	 0.001675221442 
di+ 	 3 	 50 	 55 	 0 	 1 	 0.001658269069 	 0.001658269069 	 0.001658269069 
di+ 	 3 	 55 	 60 	 0 	 1 	 0.001596282559 	 0.001596282559 	 0.001596282559 
di+ 	 3 	 60 	 65 	 0 	 1 	 0.001770341300 	 0.001770341300 	 0.001770341300 
di+ 	 3 	 65 	 70 	 0 	 1 	 0.001061007186 	 0.001061007186 	 0.001061007186 
di+ 	 3 	 70 	 75 	 0 	 1 	 0.000760357157 	 0.000760357157 	 0.000760357157 
di+ 	 3 	 0 	 120 	 1 	 3 	 0.000000000000 	 0.000000000000 	 0.000000000000 
di- 	 4 	 0 	 5 	 0 	 1 	 0.000423290297 	 0.000423290297 	 0.000423290297 
di- 	 4 	 5 	 10 	 0 	 1 	 0.000403188554 	 0.000403188554 	 0.000403188554 
di- 	 4 	 10 	 15 	 0 	 1 	 0.001447593101 	 0.001447593101 	 0.001447593101 
di- 	 4 	 15 	 20 	 0 	 1 	 0.001179763277 	 0.001179763277 	 0.001179763277 
di- 	 4 	 20 	 25 	 0 	 1 	 0.002206085625 	 0.002206085625 	 0.002206085625 
di- 	 4 	 25 	 30 	 0 	 1 	 0.002507822276 	 0.002507822276 	 0.002507822276 
di- 	 4 	 30 	 35 	 0 	 1 	 0.002375421919 	 0.002375421919 	 0.002375421919 
di- 	 4 	 35 	 40 	 0 	 1 	 0.002098730321 	 0.002098730321 	 0.002098730321 
di- 	 4 	 40 	 45 	 0 	 1 	 0.001902231132 	 0.001902231132 	 0.001902231132 
di- 	 4 	 45 	 50 	 0 	 1 	 0.001821897394 	 0.001821897394 	 0.001821897394 
di- 	 4 	 50 	 55 	 0 	 1 	 0.001800731227 	 0.001800731227 	 0.001800731227 
di- 	 4 	 55 	 60 	 0 	 1 	 0.001737048494 	 0.001737048494 	 0.001737048494 
di- 	 4 	 60 	 65 	 0 	 1 	 0.001910633837 	 0.001910633837 	 0.001910633837 
di- 	 4 	 65 	 70 	 0 	 1 	 0.001205049271 	 0.001205049271 	 0.001205049271 
di- 	 4 	 70 	 75 	 0 	 1 	 0.000864459870 	 0.000864459870 	 0.000864459870 
di- 	 4 	 0 	 120 	 1 	 3 	 0.000000000000 	 0.000000000000 	 0.000000000000 
dn 	 5 	 0 	 5 	 0 	 1 	 0.000164889880 	 0.000164889880 	 0.000164889880 
dn 	 5 	 5 	 10 	 0 	 1 	 0.000157443195 	 0.000157443195 	 0.000157443195 
dn 	 5 	 10 	 15 	 0 	 1 	 0.000564369872 	 0.000564369872 	 0.000564369872 
dn 	 5 	 15 	 20 	 0 	 1 	 0.000336361680 	 0.000336361680 	 0.000336361680 
dn 	 5 	 20 	 25 	 0 	 1 	 0.000569503524 	 0.000569503524 	 0.000569503524 
dn 	 5 	 25 	 30 	 0 	 1 	 0.000641533758 	 0.000641533758 	 0.000641533758 
dn 	 5 	 30 	 35 	 0 	 1 	 0.000607219056 	 0.000607219056 	 0.000607219056 
dn 	 5 	 35 	 40 	 0 	 1 	 0.000536800842 	 0.000536800842 	 0.000536800842 
dn 	 5 	 40 	 45 	 0 	 1 	 0.000486684198 	 0.000486684198 	 0.000486684198 
dn 	 5 	 45 	 50 	 0 	 1 	 0.000466041105 	 0.000466041105 	 0.000466041105 
dn 	 5 	 50 	 55 	 0 	 1 	 0.000460447031 	 0.000460447031 	 0.000460447031 
dn 	 5 	 55 	 60 	 0 	 1 	 0.000444132998 	 0.000444132998 	 0.000444132998 
dn 	 5 	 60 	 65 	 0 	 1 	 0.000487879446 	 0.000487879446 	 0.000487879446 
dn 	 5 	 65 	 70 	 0 	 1 	 0.000309339037 	 0.000309339037 	 0.000309339037 
dn 	 5 	 70 	 75 	 0 	 1 	 0.000222399801 	 0.000222399801 	 0.000222399801 
dn 	 5 	 0 	 120 	 1 	 3 	 0.000000000000 	 0.000000000000 	 0.000000000000 
ti+ 	 6 	 0 	 5 	 0 	 1 	 0.000025689683 	 0.000025689683 	 0.000025689683 
ti+ 	 6 	 5 	 10 	 0 	 1 	 0.000026265778 	 0.000026265778 	 0.000026265778 
ti+ 	 6 	 10 	 15 	 0 	 1 	 0.000089673264 	 0.000089673264 	 0.000089673264 
ti+ 	 6 	 15 	 20 	 0 	 1 	 0.000428785509 	 0.000428785509 	 0.000428785509 
ti+ 	 6 	 20 	 25 	 0 	 1 	 0.000974409106 	 0.000974409106 	 0.000974409106 
ti+ 	 6 	 25 	 30 	 0 	 1 	 0.001151063125 	 0.001151063125 	 0.001151063125 
ti+ 	 6 	 30 	 35 	 0 	 1 	 0.001102314894 	 0.001102314894 	 0.001102314894 
ti+ 	 6 	 35 	 40 	 0 	 1 	 0.000975530487 	 0.000975530487 	 0.000975530487 
ti+ 	 6 	 40 	 45 	 0 	 1 	 0.000879954116 	 0.000879954116 	 0.000879954116 
ti+ 	 6 	 45 	 50 	 0 	 1 	 0.000838249893 	 0.000838249893 	 0.000838249893 
ti+ 	 6 	 50 	 55 	 0 	 1 	 0.000825888313 	 0.000825888313 	 0.000825888313 
ti+ 	 6 	 55 	 60 	 0 	 1 	 0.000796740540 	 0.000796740540 	 0.000796740540 
ti+ 	 6 	 60 	 65 	 0 	 1 	 0.000871270749 	 0.000871270749 	 0.000871270749 
ti+ 	 6 	 65 	 70 	 0 	 1 	 0.000567560016 	 0.000567560016 	 0.000567560016 
ti+ 	 6 	 70 	 75 	 0 	 1 	 0.000391339307 	 0.000391339307 	 0.000391339307 
ti+ 	 6 	 0 	 120 	 1 	 3 	 0.000000000000 	 0.000000000000 	 0.000000000000 
ti- 	 7 	 0 	 5 	 0 	 1 	 0.000150365984 	 0.000150365984 	 0.000150365984 
ti- 	 7 	 5 	 10 	 0 	 1 	 0.000156818495 	 0.000156818495 	 0.000156818495 
ti- 	 7 	 10 	 15 	 0 	 1 	 0.000528796378 	 0.000528796378 	 0.000528796378 
ti- 	 7 	 15 	 20 	 0 	 1 	 0.000466841801 	 0.000466841801 	 0.000466841801 
ti- 	 7 	 20 	 25 	 0 	 1 	 0.000824152015 	 0.000824152015 	 0.000824152015 
ti- 	 7 	 25 	 30 	 0 	 1 	 0.000964627866 	 0.000964627866 	 0.000964627866 
ti- 	 7 	 30 	 35 	 0 	 1 	 0.000931638669 	 0.000931638669 	 0.000931638669 
ti- 	 7 	 35 	 40 	 0 	 1 	 0.000831370779 	 0.000831370779 	 0.000831370779 
ti- 	 7 	 40 	 45 	 0 	 1 	 0.000752452225 	 0.000752452225 	 0.000752452225 
ti- 	 7 	 45 	 50 	 0 	 1 	 0.000716418754 	 0.000716418754 	 0.000716418754 
ti- 	 7 	 50 	 55 	 0 	 1 	 0.000704911113 	 0.000704911113 	 0.000704911113 
ti- 	 7 	 55 	 60 	 0 	 1 	 0.000681175762 	 0.000681175762 	 0.000681175762 
ti- 	 7 	 60 	 65 	 0 	 1 	 0.000739643937 	 0.000739643937 	 0.000739643937 
ti- 	 7 	 65 	 70 	 0 	 1 	 0.000501664191 	 0.000501664191 	 0.000501664191 
ti- 	 7 	 70 	 75 	 0 	 1 	 0.000349026430 	 0.000349026430 	 0.000349026430 
ti- 	 7 	 0 	 120 	 1 	 3 	 0.000000000000 	 0.000000000000 	 0.000000000000 
tn 	 8 	 0 	 5 	 0 	 1 	 0.000058973426 	 0.000058973426 	 0.000058973426 
tn 	 8 	 5 	 10 	 0 	 1 	 0.000061678006 	 0.000061678006 	 0.000061678006 
tn 	 8 	 10 	 15 	 0 	 1 	 0.000207616384 	 0.000207616384 	 0.000207616384 
tn 	 8 	 15 	 20 	 0 	 1 	 0.000139107838 	 0.000139107838 	 0.000139107838 
tn 	 8 	 20 	 25 	 0 	 1 	 0.000215984578 	 0.000215984578 	 0.000215984578 
tn 	 8 	 25 	 30 	 0 	 1 	 0.000248939825 	 0.000248939825 	 0.000248939825 
tn 	 8 	 30 	 35 	 0 	 1 	 0.000239994587 	 0.000239994587 	 0.000239994587 
tn 	 8 	 35 	 40 	 0 	 1 	 0.000214250048 	 0.000214250048 	 0.000214250048 
tn 	 8 	 40 	 45 	 0 	 1 	 0.000193969403 	 0.000193969403 	 0.000193969403 
tn 	 8 	 45 	 50 	 0 	 1 	 0.000184648505 	 0.000184648505 	 0.000184648505 
tn 	 8 	 50 	 55 	 0 	 1 	 0.000181610639 	 0.000181610639 	 0.000181610639 
tn 	 8 	 55 	 60 	 0 	 1 	 0.000175478573 	 0.000175478573 	 0.000175478573 
tn 	 8 	 60 	 65 	 0 	 1 	 0.000190297610 	 0.000190297610 	 0.000190297610 
tn 	 8 	 65 	 70 	 0 	 1 	 0.000129682191 	 0.000129682191 	 0.000129682191 
tn 	 8 	 70 	 75 	 0 	 1 	 0.000090463850 	 0.000090463850 	 0.000090463850 
tn 	 8 	 0 	 120 	 1 	 3 	 0.000000000000 	 0.000000000000 	 0.000000000000 
defi+ 	 9 	 0 	 5 	 0 	 1 	 0.000011752365 	 0.000011752365 	 0.000011752365 
defi+ 	 9 	 5 	 10 	 0 	 1 	 0.000023882507 	 0.000023882507 	 0.000023882507 
defi+ 	 9 	 10 	 15 	 0 	 1 	 0.000065003722 	 0.000065003722 	 0.000065003722 
defi+ 	 9 	 15 	 20 	 0 	 1 	 0.000263394421 	 0.000263394421 	 0.000263394421 
defi+ 	 9 	 20 	 25 	 0 	 1 	 0.000677701371 	 0.000677701371 	 0.000677701371 
defi+ 	 9 	 25 	 30 	 0 	 1 	 0.001151003003 	 0.001151003003 	 0.001151003003 
defi+ 	 9 	 30 	 35 	 0 	 1 	 0.001588590571 	 0.001588590571 	 0.001588590571 
defi+ 	 9 	 35 	 40 	 0 	 1 	 0.001952280906 	 0.001952280906 	 0.001952280906 
defi+ 	 9 	 40 	 45 	 0 	 1 	 0.002261695269 	 0.002261695269 	 0.002261695269 
defi+ 	 9 	 45 	 50 	 0 	 1 	 0.002522060531 	 0.002522060531 	 0.002522060531 
defi+ 	 9 	 50 	 55 	 0 	 1 	 0.002775249174 	 0.002775249174 	 0.002775249174 
defi+ 	 9 	 55 	 60 	 0 	 1 	 0.003053515029 	 0.003053515029 	 0.003053515029 
defi+ 	 9 	 60 	 65 	 0 	 1 	 0.003337940037 	 0.003337940037 	 0.003337940037 
defi+ 	 9 	 65 	 70 	 0 	 1 	 0.003509867886 	 0.003509867886 	 0.003509867886 
defi+ 	 9 	 70 	 75 	 0 	 1 	 0.003692861229 	 0.003692861229 	 0.003692861229 
defi+ 	 9 	 0 	 120 	 1 	 3 	 0.000000000000 	 0.000000000000 	 0.000000000000 
ni+ 	 10 	 0 	 5 	 0 	 1 	 0.000023875537 	 0.000023875537 	 0.000023875537 
ni+ 	 10 	 5 	 10 	 0 	 1 	 0.000043204559 	 0.000043204559 	 0.000043204559 
ni+ 	 10 	 10 	 15 	 0 	 1 	 0.000119028722 	 0.000119028722 	 0.000119028722 
ni+ 	 10 	 15 	 20 	 0 	 1 	 0.000512020245 	 0.000512020245 	 0.000512020245 
ni+ 	 10 	 20 	 25 	 0 	 1 	 0.001299489797 	 0.001299489797 	 0.001299489797 
ni+ 	 10 	 25 	 30 	 0 	 1 	 0.002083746127 	 0.002083746127 	 0.002083746127 
ni+ 	 10 	 30 	 35 	 0 	 1 	 0.002699052395 	 0.002699052395 	 0.002699052395 
ni+ 	 10 	 35 	 40 	 0 	 1 	 0.003114143155 	 0.003114143155 	 0.003114143155 
ni+ 	 10 	 40 	 45 	 0 	 1 	 0.003398950735 	 0.003398950735 	 0.003398950735 
ni+ 	 10 	 45 	 50 	 0 	 1 	 0.003602775470 	 0.003602775470 	 0.003602775470 
ni+ 	 10 	 50 	 55 	 0 	 1 	 0.003778149213 	 0.003778149213 	 0.003778149213 
ni+ 	 10 	 55 	 60 	 0 	 1 	 0.003932554984 	 0.003932554984 	 0.003932554984 
ni+ 	 10 	 60 	 65 	 0 	 1 	 0.004118763545 	 0.004118763545 	 0.004118763545 
ni+ 	 10 	 65 	 70 	 0 	 1 	 0.004056177012 	 0.004056177012 	 0.004056177012 
ni+ 	 10 	 70 	 75 	 0 	 1 	 0.003794124204 	 0.003794124204 	 0.003794124204 
ni+ 	 10 	 0 	 120 	 1 	 3 	 0.000000000000 	 0.000000000000 	 0.000000000000 
defi- 	 11 	 0 	 5 	 0 	 1 	 0.000106919527 	 0.000106919527 	 0.000106919527 
defi- 	 11 	 5 	 10 	 0 	 1 	 0.000219507710 	 0.000219507710 	 0.000219507710 
defi- 	 11 	 10 	 15 	 0 	 1 	 0.000596406709 	 0.000596406709 	 0.000596406709 
defi- 	 11 	 15 	 20 	 0 	 1 	 0.000927003079 	 0.000927003079 	 0.000927003079 
defi- 	 11 	 20 	 25 	 0 	 1 	 0.001463541313 	 0.001463541313 	 0.001463541313 
defi- 	 11 	 25 	 30 	 0 	 1 	 0.002071809582 	 0.002071809582 	 0.002071809582 
defi- 	 11 	 30 	 35 	 0 	 1 	 0.002638756521 	 0.002638756521 	 0.002638756521 
defi- 	 11 	 35 	 40 	 0 	 1 	 0.003113392328 	 0.003113392328 	 0.003113392328 
defi- 	 11 	 40 	 45 	 0 	 1 	 0.003517763610 	 0.003517763610 	 0.003517763610 
defi- 	 11 	 45 	 50 	 0 	 1 	 0.003857103948 	 0.003857103948 	 0.003857103948 
defi- 	 11 	 50 	 55 	 0 	 1 	 0.004185988645 	 0.004185988645 	 0.004185988645 
defi- 	 11 	 55 	 60 	 0 	 1 	 0.004547677015 	 0.004547677015 	 0.004547677015 
defi- 	 11 	 60 	 65 	 0 	 1 	 0.004913171209 	 0.004913171209 	 0.004913171209 
defi- 	 11 	 65 	 70 	 0 	 1 	 0.005146654322 	 0.005146654322 	 0.005146654322 
defi- 	 11 	 70 	 75 	 0 	 1 	 0.005395853578 	 0.005395853578 	 0.005395853578 
defi- 	 11 	 0 	 120 	 1 	 3 	 0.000000000000 	 0.000000000000 	 0.000000000000 
ni- 	 12 	 0 	 5 	 0 	 1 	 0.000183904604 	 0.000183904604 	 0.000183904604 
ni- 	 12 	 5 	 10 	 0 	 1 	 0.000337593908 	 0.000337593908 	 0.000337593908 
ni- 	 12 	 10 	 15 	 0 	 1 	 0.000926551896 	 0.000926551896 	 0.000926551896 
ni- 	 12 	 15 	 20 	 0 	 1 	 0.001322545309 	 0.001322545309 	 0.001322545309 
ni- 	 12 	 20 	 25 	 0 	 1 	 0.002059125548 	 0.002059125548 	 0.002059125548 
ni- 	 12 	 25 	 30 	 0 	 1 	 0.002809537219 	 0.002809537219 	 0.002809537219 
ni- 	 12 	 30 	 35 	 0 	 1 	 0.003401761256 	 0.003401761256 	 0.003401761256 
ni- 	 12 	 35 	 40 	 0 	 1 	 0.003796403231 	 0.003796403231 	 0.003796403231 
ni- 	 12 	 40 	 45 	 0 	 1 	 0.004059558581 	 0.004059558581 	 0.004059558581 
ni- 	 12 	 45 	 50 	 0 	 1 	 0.004242618321 	 0.004242618321 	 0.004242618321 
ni- 	 12 	 50 	 55 	 0 	 1 	 0.004397376398 	 0.004397376398 	 0.004397376398 
ni- 	 12 	 55 	 60 	 0 	 1 	 0.004529918628 	 0.004529918628 	 0.004529918628 
ni- 	 12 	 60 	 65 	 0 	 1 	 0.004695658485 	 0.004695658485 	 0.004695658485 
ni- 	 12 	 65 	 70 	 0 	 1 	 0.004622696499 	 0.004622696499 	 0.004622696499 
ni- 	 12 	 70 	 75 	 0 	 1 	 0.004322801944 	 0.004322801944 	 0.004322801944 
ni- 	 12 	 0 	 120 	 1 	 3 	 0.000000000000 	 0.000000000000 	 0.000000000000 
defn 	 13 	 0 	 5 	 0 	 1 	 0.000041933765 	 0.000041933765 	 0.000041933765 
defn 	 13 	 5 	 10 	 0 	 1 	 0.000086216766 	 0.000086216766 	 0.000086216766 
defn 	 13 	 10 	 15 	 0 	 1 	 0.000234194775 	 0.000234194775 	 0.000234194775 
defn 	 13 	 15 	 20 	 0 	 1 	 0.000332108478 	 0.000332108478 	 0.000332108478 
defn 	 13 	 20 	 25 	 0 	 1 	 0.000471470522 	 0.000471470522 	 0.000471470522 
defn 	 13 	 25 	 30 	 0 	 1 	 0.000627113858 	 0.000627113858 	 0.000627113858 
defn 	 13 	 30 	 35 	 0 	 1 	 0.000771843414 	 0.000771843414 	 0.000771843414 
defn 	 13 	 35 	 40 	 0 	 1 	 0.000892935456 	 0.000892935456 	 0.000892935456 
defn 	 13 	 40 	 45 	 0 	 1 	 0.000995976545 	 0.000995976545 	 0.000995976545 
defn 	 13 	 45 	 50 	 0 	 1 	 0.001082300054 	 0.001082300054 	 0.001082300054 
defn 	 13 	 50 	 55 	 0 	 1 	 0.001165818847 	 0.001165818847 	 0.001165818847 
defn 	 13 	 55 	 60 	 0 	 1 	 0.001257574024 	 0.001257574024 	 0.001257574024 
defn 	 13 	 60 	 65 	 0 	 1 	 0.001349954879 	 0.001349954879 	 0.001349954879 
defn 	 13 	 65 	 70 	 0 	 1 	 0.001409657944 	 0.001409657944 	 0.001409657944 
defn 	 13 	 70 	 75 	 0 	 1 	 0.001473062895 	 0.001473062895 	 0.001473062895 
defn 	 13 	 0 	 120 	 1 	 3 	 0.000000000000 	 0.000000000000 	 0.000000000000 
nn 	 14 	 0 	 5 	 0 	 1 	 0.000071638806 	 0.000071638806 	 0.000071638806 
nn 	 14 	 5 	 10 	 0 	 1 	 0.000131676950 	 0.000131676950 	 0.000131676950 
nn 	 14 	 10 	 15 	 0 	 1 	 0.000361284758 	 0.000361284758 	 0.000361284758 
nn 	 14 	 15 	 20 	 0 	 1 	 0.000461267313 	 0.000461267313 	 0.000461267313 
nn 	 14 	 20 	 25 	 0 	 1 	 0.000636095104 	 0.000636095104 	 0.000636095104 
nn 	 14 	 25 	 30 	 0 	 1 	 0.000814304189 	 0.000814304189 	 0.000814304189 
nn 	 14 	 30 	 35 	 0 	 1 	 0.000953785161 	 0.000953785161 	 0.000953785161 
nn 	 14 	 35 	 40 	 0 	 1 	 0.001044757174 	 0.001044757174 	 0.001044757174 
nn 	 14 	 40 	 45 	 0 	 1 	 0.001103584899 	 0.001103584899 	 0.001103584899 
nn 	 14 	 45 	 50 	 0 	 1 	 0.001143479742 	 0.001143479742 	 0.001143479742 
nn 	 14 	 50 	 55 	 0 	 1 	 0.001176715285 	 0.001176715285 	 0.001176715285 
nn 	 14 	 55 	 60 	 0 	 1 	 0.001204105987 	 0.001204105987 	 0.001204105987 
nn 	 14 	 60 	 65 	 0 	 1 	 0.001240583845 	 0.001240583845 	 0.001240583845 
nn 	 14 	 65 	 70 	 0 	 1 	 0.001218212417 	 0.001218212417 	 0.001218212417 
nn 	 14 	 70 	 75 	 0 	 1 	 0.001136180031 	 0.001136180031 	 0.001136180031 
nn 	 14 	 0 	 120 	 1 	 3 	 0.000000000000 	 0.000000000000 	 0.000000000000 
si+ 	 15 	 0 	 5 	 0 	 1 	 0.000236734290 	 0.000236734290 	 0.000236734290 
si+ 	 15 	 5 	 10 	 0 	 1 	 0.000482799315 	 0.000482799315 	 0.000482799315 
si+ 	 15 	 10 	 15 	 0 	 1 	 0.001314563443 	 0.001314563443 	 0.001314563443 
si+ 	 15 	 15 	 20 	 0 	 1 	 0.005320551911 	 0.005320551911 	 0.005320551911 
si+ 	 15 	 20 	 25 	 0 	 1 	 0.013696996721 	 0.013696996721 	 0.013696996721 
si+ 	 15 	 25 	 30 	 0 	 1 	 0.023312090783 	 0.023312090783 	 0.023312090783 
si+ 	 15 	 30 	 35 	 0 	 1 	 0.032264511588 	 0.032264511588 	 0.032264511588 
si+ 	 15 	 35 	 40 	 0 	 1 	 0.039773357660 	 0.039773357660 	 0.039773357660 
si+ 	 15 	 40 	 45 	 0 	 1 	 0.046222954610 	 0.046222954610 	 0.046222954610 
si+ 	 15 	 45 	 50 	 0 	 1 	 0.051691791991 	 0.051691791991 	 0.051691791991 
si+ 	 15 	 50 	 55 	 0 	 1 	 0.057043746957 	 0.057043746957 	 0.057043746957 
si+ 	 15 	 55 	 60 	 0 	 1 	 0.062976326577 	 0.062976326577 	 0.062976326577 
si+ 	 15 	 60 	 65 	 0 	 1 	 0.069044834810 	 0.069044834810 	 0.069044834810 
si+ 	 15 	 65 	 70 	 0 	 1 	 0.072856093871 	 0.072856093871 	 0.072856093871 
si+ 	 15 	 70 	 75 	 0 	 1 	 0.077191134417 	 0.077191134417 	 0.077191134417 
si+ 	 15 	 0 	 120 	 1 	 3 	 0.000000000000 	 0.000000000000 	 0.000000000000 
si- 	 16 	 0 	 5 	 0 	 1 	 0.001357551467 	 0.001357551467 	 0.001357551467 
si- 	 16 	 5 	 10 	 0 	 1 	 0.002796950126 	 0.002796950126 	 0.002796950126 
si- 	 16 	 10 	 15 	 0 	 1 	 0.007602328345 	 0.007602328345 	 0.007602328345 
si- 	 16 	 15 	 20 	 0 	 1 	 0.011853981216 	 0.011853981216 	 0.011853981216 
si- 	 16 	 20 	 25 	 0 	 1 	 0.018739554321 	 0.018739554321 	 0.018739554321 
si- 	 16 	 25 	 30 	 0 	 1 	 0.026575465674 	 0.026575465674 	 0.026575465674 
si- 	 16 	 30 	 35 	 0 	 1 	 0.033931352134 	 0.033931352134 	 0.033931352134 
si- 	 16 	 35 	 40 	 0 	 1 	 0.040149679441 	 0.040149679441 	 0.040149679441 
si- 	 16 	 40 	 45 	 0 	 1 	 0.045502014240 	 0.045502014240 	 0.045502014240 
si- 	 16 	 45 	 50 	 0 	 1 	 0.050030367314 	 0.050030367314 	 0.050030367314 
si- 	 16 	 50 	 55 	 0 	 1 	 0.054448467243 	 0.054448467243 	 0.054448467243 
si- 	 16 	 55 	 60 	 0 	 1 	 0.059350346457 	 0.059350346457 	 0.059350346457 
si- 	 16 	 60 	 65 	 0 	 1 	 0.064307095111 	 0.064307095111 	 0.064307095111 
si- 	 16 	 65 	 70 	 0 	 1 	 0.067594170874 	 0.067594170874 	 0.067594170874 
si- 	 16 	 70 	 75 	 0 	 1 	 0.071355773482 	 0.071355773482 	 0.071355773482 
si- 	 16 	 0 	 120 	 1 	 3 	 0.000000000000 	 0.000000000000 	 0.000000000000 
sn 	 17 	 0 	 5 	 0 	 1 	 0.000532430761 	 0.000532430761 	 0.000532430761 
sn 	 17 	 5 	 10 	 0 	 1 	 0.001098561862 	 0.001098561862 	 0.001098561862 
sn 	 17 	 10 	 15 	 0 	 1 	 0.002985251521 	 0.002985251521 	 0.002985251521 
sn 	 17 	 15 	 20 	 0 	 1 	 0.004249653282 	 0.004249653282 	 0.004249653282 
sn 	 17 	 20 	 25 	 0 	 1 	 0.006045616117 	 0.006045616117 	 0.006045616117 
sn 	 17 	 25 	 30 	 0 	 1 	 0.008058367795 	 0.008058367795 	 0.008058367795 
sn 	 17 	 30 	 35 	 0 	 1 	 0.009943759858 	 0.009943759858 	 0.009943759858 
sn 	 17 	 35 	 40 	 0 	 1 	 0.011537469177 	 0.011537469177 	 0.011537469177 
sn 	 17 	 40 	 45 	 0 	 1 	 0.012908336906 	 0.012908336906 	 0.012908336906 
sn 	 17 	 45 	 50 	 0 	 1 	 0.014066621875 	 0.014066621875 	 0.014066621875 
sn 	 17 	 50 	 55 	 0 	 1 	 0.015194978475 	 0.015194978475 	 0.015194978475 
sn 	 17 	 55 	 60 	 0 	 1 	 0.016445968749 	 0.016445968749 	 0.016445968749 
sn 	 17 	 60 	 65 	 0 	 1 	 0.017705996369 	 0.017705996369 	 0.017705996369 
sn 	 17 	 65 	 70 	 0 	 1 	 0.018552652296 	 0.018552652296 	 0.018552652296 
sn 	 17 	 70 	 75 	 0 	 1 	 0.019520971996 	 0.019520971996 	 0.019520971996 
sn 	 17 	 0 	 120 	 1 	 3 	 0.000000000000 	 0.000000000000 	 0.000000000000 
f 	 18 	 0 	 5 	 0 	 1 	 0.000003230053 	 0.000003230053 	 0.000003230053 
f 	 18 	 5 	 10 	 0 	 1 	 0.000004805177 	 0.000004805177 	 0.000004805177 
f 	 18 	 10 	 15 	 0 	 1 	 0.000013526719 	 0.000013526719 	 0.000013526719 
f 	 18 	 15 	 20 	 0 	 1 	 0.000025253934 	 0.000025253934 	 0.000025253934 
f 	 18 	 20 	 25 	 0 	 1 	 0.000050074379 	 0.000050074379 	 0.000050074379 
f 	 18 	 25 	 30 	 0 	 1 	 0.000068125950 	 0.000068125950 	 0.000068125950 
f 	 18 	 30 	 35 	 0 	 1 	 0.000074679642 	 0.000074679642 	 0.000074679642 
f 	 18 	 35 	 40 	 0 	 1 	 0.000072976976 	 0.000072976976 	 0.000072976976 
f 	 18 	 40 	 45 	 0 	 1 	 0.000068627512 	 0.000068627512 	 0.000068627512 
f 	 18 	 45 	 50 	 0 	 1 	 0.000065111028 	 0.000065111028 	 0.000065111028 
f 	 18 	 50 	 55 	 0 	 1 	 0.000062835202 	 0.000062835202 	 0.000062835202 
f 	 18 	 55 	 60 	 0 	 1 	 0.000060467813 	 0.000060467813 	 0.000060467813 
f 	 18 	 60 	 65 	 0 	 1 	 0.000062124188 	 0.000062124188 	 0.000062124188 
f 	 18 	 65 	 70 	 0 	 1 	 0.000052304030 	 0.000052304030 	 0.000052304030 
f 	 18 	 70 	 75 	 0 	 1 	 0.000037779261 	 0.000037779261 	 0.000037779261 
f 	 18 	 0 	 120 	 1 	 3 	 0.000000000000 	 0.000000000000 	 0.000000000000 
