0.2154687155193770 0.2234079006094139 0.1705389101650630 0.1099644111255424 0.0895204326032868 0.0845175114080934 0.0699786619315953 0.0485229569280459 0.0352446066503435 0.0256362276597295 0.0223404562219329 0.0195784169826940 0.0157303331029335 0.0103010440595637 0.0124654237920317 
0.2580310636371279 0.6660444394503156 0.5160911211703937 0.2266864478824823 0.1190398516560520 0.1058115972962064 0.0899556568618639 0.0752804091338426 0.0576770839245438 0.0475377123058773 0.0371502122553543 0.0263314122224114 0.0222347133149175 0.0158768523124263 0.0208971142556792 
0.2283701860430396 0.5983686680544875 0.7642747651469288 0.3462080569241031 0.1705455521176653 0.1102386891045254 0.0956764919567133 0.0930613791759215 0.0701918314296279 0.0553312580106743 0.0426238705867468 0.0303738287020041 0.0254109134159736 0.0244341058769317 0.0344156566131544 
0.1738268723604553 0.3102536184229787 0.4086824716774251 0.6020524013598251 0.2737579788884717 0.1439744345145604 0.1195096547758839 0.1145878105859744 0.0854723374457160 0.0684365545234704 0.0530389041940637 0.0396117352812654 0.0320727615079123 0.0260714797363871 0.0366408383641323 
0.1599768514106296 0.1841848414531043 0.2275932867521542 0.3094831406290806 0.2780176937077214 0.1614861964607032 0.1269107168772534 0.1125058903913430 0.0860516612366673 0.0719161917794053 0.0593457063024204 0.0441317250495365 0.0365193196265326 0.0278111428196677 0.0376145189098832 
0.1759884428706975 0.1907643658012200 0.1714176613019801 0.1896522790828126 0.1881645822666548 0.1911888956004484 0.1456528849803543 0.1124932633201449 0.0868780586057027 0.0645330726662789 0.0516196774211770 0.0375612195096069 0.0314712057912184 0.0233228892454925 0.0281991208907946 
0.1783866542426664 0.1985417017779028 0.1821319120376174 0.1927236245063220 0.1810339596707232 0.1783110960149755 0.1436223906082345 0.1172907548633347 0.0899529526806484 0.0648080975214258 0.0508192235751454 0.0372514003273196 0.0320451717737309 0.0222707465981493 0.0251385437705666 
0.1605435143495869 0.2156522594922300 0.2299318159736582 0.2398386470085877 0.2082983336101663 0.1787452768414384 0.1522343167930218 0.1440271152370483 0.1103476667835399 0.0855037306647190 0.0653210986989751 0.0447011746033346 0.0370464920474319 0.0260272458637459 0.0302542089280234 
0.1582130003598166 0.2241709480027744 0.2352990372945039 0.2427226563625624 0.2161592300600046 0.1872932640402337 0.1584047484257607 0.1497156313896354 0.1203796706407382 0.0950166110047966 0.0693306575021083 0.0462264770774056 0.0379112490306983 0.0275647587416593 0.0335560253069790 
0.1552142320839290 0.2491966695625377 0.2501681649923621 0.2621203833178418 0.2436515228450382 0.1876386575540357 0.1539252854215623 0.1564649183493049 0.1281526108601395 0.1148889204312289 0.0835104729962637 0.0550096567445973 0.0452167508439716 0.0341888101517623 0.0450340419587211 
0.1775592075323727 0.2556459957116980 0.2529811267015989 0.2666741625361638 0.2639401690644914 0.1970284762839291 0.1584464304965653 0.1569130752663640 0.1227515488200260 0.1096262814178823 0.0857108243745210 0.0584988510345974 0.0484511046548858 0.0352111825705199 0.0483699981115489 
0.1972271255961922 0.2296623256532071 0.2284928887628035 0.2524341902091428 0.2487740076073639 0.1817152214885533 0.1472091986004524 0.1361013707791023 0.1037362082942021 0.0915272861620412 0.0741455766876422 0.0652331373249985 0.0549322894154696 0.0337773609241868 0.0468470557397492 
0.2099747028633867 0.2569727813620081 0.2532989619942323 0.2708324183967345 0.2727826607243193 0.2017460271101884 0.1678011504099597 0.1494619484274803 0.1127321138198750 0.0996898602124623 0.0813732344701682 0.0727893236834692 0.0630171237194293 0.0389656735041307 0.0574236416095301 
0.1972659977410409 0.2632460895081110 0.3494230238317009 0.3158434730577641 0.2980264785765962 0.2144943667413643 0.1673050457619327 0.1506446442202111 0.1175914337920306 0.1081378061000083 0.0848399569573320 0.0642107336065142 0.0559015847468290 0.0455341875437620 0.0707311725259481 
0.1407871606912504 0.2043472768136366 0.2902659810824115 0.2617921629488420 0.2377259224651221 0.1529516350794764 0.1113779942426801 0.1032752599826005 0.0844261562295559 0.0840077802890464 0.0687354709417589 0.0525229647281369 0.0485867306541858 0.0417153480367477 0.0540661598596614 

0.2103630438908552 0.2103630438908552 0.2103630438908552 0.2103630438908552 0.2103630438908552 0.2103630438908552 0.2103630438908552 0.2103630438908552 0.2103630438908552 0.2103630438908552 0.2103630438908552 0.2103630438908552 0.2103630438908552 0.2103630438908552 0.2103630438908552 
0.2103630438908552 0.2103630438908552 0.2103630438908552 0.2103630438908552 0.2103630438908552 0.2103630438908552 0.2103630438908552 0.2103630438908552 0.2103630438908552 0.2103630438908552 0.2103630438908552 0.2103630438908552 0.2103630438908552 0.2103630438908552 0.2103630438908552 
0.2103630438908552 0.2103630438908552 0.2103630438908552 0.2103630438908552 0.2103630438908552 0.2103630438908552 0.2103630438908552 0.2103630438908552 0.2103630438908552 0.2103630438908552 0.2103630438908552 0.2103630438908552 0.2103630438908552 0.2103630438908552 0.2103630438908552 
0.2103630438908552 0.2103630438908552 0.2103630438908552 0.2103630438908552 0.2103630438908552 0.2103630438908552 0.2103630438908552 0.2103630438908552 0.2103630438908552 0.2103630438908552 0.2103630438908552 0.2103630438908552 0.2103630438908552 0.2103630438908552 0.2103630438908552 
0.2103630438908552 0.2103630438908552 0.2103630438908552 0.2103630438908552 0.2103630438908552 0.2103630438908552 0.2103630438908552 0.2103630438908552 0.2103630438908552 0.2103630438908552 0.2103630438908552 0.2103630438908552 0.2103630438908552 0.2103630438908552 0.2103630438908552 
0.2103630438908552 0.2103630438908552 0.2103630438908552 0.2103630438908552 0.2103630438908552 0.2103630438908552 0.2103630438908552 0.2103630438908552 0.2103630438908552 0.2103630438908552 0.2103630438908552 0.2103630438908552 0.2103630438908552 0.2103630438908552 0.2103630438908552 
0.2103630438908552 0.2103630438908552 0.2103630438908552 0.2103630438908552 0.2103630438908552 0.2103630438908552 0.2103630438908552 0.2103630438908552 0.2103630438908552 0.2103630438908552 0.2103630438908552 0.2103630438908552 0.2103630438908552 0.2103630438908552 0.2103630438908552 
0.2103630438908552 0.2103630438908552 0.2103630438908552 0.2103630438908552 0.2103630438908552 0.2103630438908552 0.2103630438908552 0.2103630438908552 0.2103630438908552 0.2103630438908552 0.2103630438908552 0.2103630438908552 0.2103630438908552 0.2103630438908552 0.2103630438908552 
0.2103630438908552 0.2103630438908552 0.2103630438908552 0.2103630438908552 0.2103630438908552 0.2103630438908552 0.2103630438908552 0.2103630438908552 0.2103630438908552 0.2103630438908552 0.2103630438908552 0.2103630438908552 0.2103630438908552 0.2103630438908552 0.2103630438908552 
0.2103630438908552 0.2103630438908552 0.2103630438908552 0.2103630438908552 0.2103630438908552 0.2103630438908552 0.2103630438908552 0.2103630438908552 0.2103630438908552 0.2103630438908552 0.2103630438908552 0.2103630438908552 0.2103630438908552 0.2103630438908552 0.2103630438908552 
0.2103630438908552 0.2103630438908552 0.2103630438908552 0.2103630438908552 0.2103630438908552 0.2103630438908552 0.2103630438908552 0.2103630438908552 0.2103630438908552 0.2103630438908552 0.2103630438908552 0.2103630438908552 0.2103630438908552 0.2103630438908552 0.2103630438908552 
0.2103630438908552 0.2103630438908552 0.2103630438908552 0.2103630438908552 0.2103630438908552 0.2103630438908552 0.2103630438908552 0.2103630438908552 0.2103630438908552 0.2103630438908552 0.2103630438908552 0.2103630438908552 0.2103630438908552 0.2103630438908552 0.2103630438908552 
0.2103630438908552 0.2103630438908552 0.2103630438908552 0.2103630438908552 0.2103630438908552 0.2103630438908552 0.2103630438908552 0.2103630438908552 0.2103630438908552 0.2103630438908552 0.2103630438908552 0.2103630438908552 0.2103630438908552 0.2103630438908552 0.2103630438908552 
0.2103630438908552 0.2103630438908552 0.2103630438908552 0.2103630438908552 0.2103630438908552 0.2103630438908552 0.2103630438908552 0.2103630438908552 0.2103630438908552 0.2103630438908552 0.2103630438908552 0.2103630438908552 0.2103630438908552 0.2103630438908552 0.2103630438908552 
0.2103630438908552 0.2103630438908552 0.2103630438908552 0.2103630438908552 0.2103630438908552 0.2103630438908552 0.2103630438908552 0.2103630438908552 0.2103630438908552 0.2103630438908552 0.2103630438908552 0.2103630438908552 0.2103630438908552 0.2103630438908552 0.2103630438908552 

0.2277761331778264 0.1974413884370703 0.1489322347888117 0.1118213825654674 0.1089100696122458 0.1234701477794749 0.1125030728435133 0.0739812863584982 0.0445476241791583 0.0308752645675296 0.0295716706765045 0.0299218543168694 0.0238333084824735 0.0162672369841219 0.0180885438159062 
0.2280403303797120 0.6434005006958876 0.5261412055942482 0.1878854356494668 0.0915564416409912 0.0993331075884498 0.1012845820585435 0.0810173243056628 0.0530367852568716 0.0369505763566934 0.0304827380162070 0.0296419956368229 0.0268905211139782 0.0213143168390935 0.0269629280122396 
0.1994364930185552 0.6100209817329308 0.8015098225651841 0.3743623257524085 0.1332452652348392 0.0964322249362842 0.1024441231239964 0.1074965198628544 0.0697659510573049 0.0438045189870048 0.0348542449473407 0.0337204635800729 0.0298841732095323 0.0275729110929598 0.0403167661661305 
0.1767622905940541 0.2571487479897533 0.4419172735340005 0.5215522137194797 0.2378116935987789 0.1311882885064346 0.1193515536776641 0.1257246542761661 0.0799910235986886 0.0507088932898008 0.0433307658059800 0.0414670205249564 0.0341617485541388 0.0332089063779442 0.0473829729122191 
0.1946269641109830 0.1416610358048864 0.1778159997865955 0.2688458985272339 0.2269130667585991 0.1610397029807656 0.1255531745062076 0.1081672271012148 0.0685145835724213 0.0491851298691534 0.0427854508310080 0.0386004995532866 0.0331386631167785 0.0296820009194927 0.0401344317835943 
0.2570984247726428 0.1790845026101346 0.1499490478977925 0.1728095546136887 0.1876443256690100 0.2158595337084318 0.1695801735557265 0.1202048217744935 0.0700628850749232 0.0490939486657624 0.0416248411570716 0.0401891551278441 0.0342933058476881 0.0281668493734968 0.0349160653154780 
0.2867880894349048 0.2235458445559085 0.1950149262373888 0.1924686675595842 0.1790974701692976 0.2076033482839002 0.2012586269632353 0.1615955133485003 0.0891772407387634 0.0555720547071946 0.0458632144298890 0.0449623468124549 0.0393739074841410 0.0285596029009238 0.0335336028982262 
0.2447751839548655 0.2320865314834816 0.2655975039461884 0.2631486789303309 0.2002655423466536 0.1909984963687150 0.2097384623373815 0.1976078067504040 0.1145463092643614 0.0673329420397283 0.0541415336398649 0.0493002689285836 0.0401724459054180 0.0304701953648854 0.0352977174453413 
0.1999742357804825 0.2061357062643231 0.2338713890971392 0.2271569295196248 0.1721066092165776 0.1510428138514687 0.1570387404033071 0.1554121941563735 0.1061558851406113 0.0690740090855580 0.0496228782595132 0.0406742028054176 0.0326813402858772 0.0262604910049752 0.0310276057251794 
0.1869339180415055 0.1936980161614932 0.1980525389688052 0.1942212701866467 0.1666388541638835 0.1427473114337541 0.1319888209870632 0.1232138433792536 0.0931628113577361 0.0656300846126777 0.0483409822828403 0.0367964722752224 0.0305226610220860 0.0250808746302128 0.0334500820053082 
0.2350320136064869 0.2097643442413690 0.2068668573673225 0.2178626398667879 0.1902883937093889 0.1588789283168557 0.1429943652478106 0.1300577411016787 0.0878584652551090 0.0634584135093166 0.0489893670817424 0.0415702151409077 0.0359943390364062 0.0285711243131406 0.0413256452359262 
0.3014238242366887 0.2585372025417152 0.2536685845378254 0.2642573891872400 0.2175940541353986 0.1944287571287766 0.1776811336835279 0.1501042028649081 0.0912764251396036 0.0612234550621635 0.0526890275644739 0.0539085351943071 0.0474233996955242 0.0347437066986522 0.0544002243871746 
0.3181364205139158 0.3107812502487590 0.2978889396896693 0.2884724776597767 0.2475306985531592 0.2198370871819656 0.2061772993019270 0.1620734300681930 0.0971805642676214 0.0672936412681187 0.0604521983734143 0.0628394925341659 0.0578786029830163 0.0418186844874949 0.0707031340793866 
0.3115191737466157 0.3534019494554841 0.3943099051167127 0.4023099736921013 0.3180747468201101 0.2590429708718532 0.2145489667005029 0.1763602558677659 0.1120274194415774 0.0793297791160705 0.0688409982281842 0.0660477560795029 0.0599946189722803 0.0458967373800493 0.0891438151783631 
0.2042958801375527 0.2636632430109760 0.3400366820492121 0.3385427713842645 0.2536519167299935 0.1893842471623826 0.1485728634332415 0.1204916960358336 0.0780647131005187 0.0623987325483300 0.0587251973984517 0.0609912623444967 0.0598226450924322 0.0525746307135615 0.0901668785569474 

