1.2514951816624538 1.4987077454966458 1.3264300888382103 1.0096291365462779 0.9291848156951050 1.0221840685783876 1.0361134688135569 0.9324761331191785 0.9189399358946119 0.9015223537683651 1.0313074552420787 1.1455435504026708 1.2195846077752386 1.1457693293602411 0.8177263823211147 
1.4987077454966455 4.4680871067059185 4.0140915116677993 2.0813028533480868 1.2355840940980916 1.2797221217833541 1.3318955392667506 1.4466798656324638 1.5038265664313166 1.6717089136354664 1.7149735207805783 1.5406648796498779 1.7238741188583970 1.7659579282617575 1.3708416116723465 
1.3264300888382101 4.0140915116678002 5.9444325265679083 3.1786806112987573 1.7701918188256676 1.3332649041157292 1.4165989921625621 1.7883806035436429 1.8301261726136755 1.9457763685374507 1.9676552291814540 1.7771888095637336 1.9701273119163296 2.7177681157607734 2.2576521141198715 
1.0096291365462779 2.0813028533480868 3.1786806112987569 5.5276942778020572 2.8414938328750847 1.7412766986567125 1.7694760023790128 2.2020586807240421 2.2285379738338880 2.4066365978919961 2.4484467447673146 2.3177036178063628 2.4866254266797148 2.8998906984827006 2.4036230697481327 
0.9291848156951049 1.2355840940980913 1.7701918188256680 2.8414938328750847 2.8857078990288816 1.9530700155192147 1.8790571220387506 2.1620499711264096 2.2436428031372899 2.5290013549407964 2.7395890548647763 2.5821706138615554 2.8313704364364405 3.0933907546631820 2.4674960903126069 
1.0221840685783874 1.2797221217833541 1.3332649041157292 1.7412766986567123 1.9530700155192147 2.3123047510028840 2.1565561806142486 2.1618073139746437 2.2651896330638905 2.2693669418998534 2.3829306632237266 2.1977268536329038 2.4399863575641225 2.5941691944071699 1.8498500729197331 
1.0361134688135569 1.3318955392667509 1.4165989921625624 1.7694760023790128 1.8790571220387506 2.1565561806142481 2.1264924081837333 2.2540017441182849 2.3453619837485236 2.2790384527807719 2.3459791340880223 2.1795991691334891 2.4844863737480321 2.4771409816874606 1.6490775441960333 
0.9324761331191784 1.4466798656324638 1.7883806035436434 2.2020586807240421 2.1620499711264092 2.1618073139746441 2.2540017441182849 2.7678001503434282 2.8771175926628691 3.0068200964652858 3.0154324246395472 2.6154894089515626 2.8722425124417836 2.8949706326818028 1.9846629548619192 
0.9189399358946116 1.5038265664313168 1.8301261726136753 2.2285379738338880 2.2436428031372895 2.2651896330638905 2.3453619837485231 2.8771175926628700 3.1386841090063999 3.3413495907861370 3.2005265804985101 2.7047356648224934 2.9392877745704777 3.0659858316095261 2.2012606740969387 
0.9015223537683649 1.6717089136354661 1.9457763685374507 2.4066365978919966 2.5290013549407964 2.2693669418998534 2.2790384527807719 3.0068200964652858 3.3413495907861375 4.0401782720851678 3.8551125606506371 3.2186441605232967 3.5056888485490481 3.8027689089282823 2.9542135772184790 
1.0313074552420787 1.7149735207805785 1.9676552291814537 2.4484467447673146 2.7395890548647763 2.3829306632237266 2.3459791340880218 3.0154324246395476 3.2005265804985097 3.8551125606506371 3.9566878712891524 3.4227987670241444 3.7564507426601481 3.9164858247887451 3.1730508507797253 
1.1455435504026708 1.5406648796498779 1.7771888095637332 2.3177036178063624 2.5821706138615563 2.1977268536329038 2.1795991691334895 2.6154894089515626 2.7047356648224938 3.2186441605232967 3.4227987670241444 3.8168254257347627 4.2589418928749803 3.7570040424915394 3.0731464931780734 
1.2195846077752390 1.7238741188583970 1.9701273119163296 2.4866254266797148 2.8313704364364400 2.4399863575641221 2.4844863737480321 2.8722425124417832 2.9392877745704773 3.5056888485490476 3.7564507426601486 4.2589418928749803 4.8857652035449739 4.3340920920970092 3.7669659288344106 
1.1457693293602411 1.7659579282617577 2.7177681157607738 2.8998906984827011 3.0933907546631811 2.5941691944071703 2.4771409816874601 2.8949706326818019 3.0659858316095252 3.8027689089282828 3.9164858247887451 3.7570040424915385 4.3340920920970092 5.0646978328902783 4.6399341724704550 
0.8177263823211146 1.3708416116723465 2.2576521141198711 2.4036230697481327 2.4674960903126060 1.8498500729197329 1.6490775441960335 1.9846629548619195 2.2012606740969383 2.9542135772184785 3.1730508507797257 3.0731464931780739 3.7669659288344106 4.6399341724704559 3.5467165854639671 

1.2218401877723033 1.4111977346614513 1.6361771675821726 1.9314308710505850 2.1834808041310669 2.5442035443355109 3.1146634859779119 4.0425920046341322 5.4848392545692874 7.3976167239405317 9.7110360377987650 12.3084531494682619 16.3096056959016629 23.3983586835772073 13.7997242392101587 
1.2218401877723033 1.4111977346614513 1.6361771675821726 1.9314308710505850 2.1834808041310669 2.5442035443355109 3.1146634859779119 4.0425920046341322 5.4848392545692874 7.3976167239405317 9.7110360377987650 12.3084531494682619 16.3096056959016629 23.3983586835772073 13.7997242392101587 
1.2218401877723033 1.4111977346614513 1.6361771675821726 1.9314308710505850 2.1834808041310669 2.5442035443355109 3.1146634859779119 4.0425920046341322 5.4848392545692874 7.3976167239405317 9.7110360377987650 12.3084531494682619 16.3096056959016629 23.3983586835772073 13.7997242392101587 
1.2218401877723033 1.4111977346614513 1.6361771675821726 1.9314308710505850 2.1834808041310669 2.5442035443355109 3.1146634859779119 4.0425920046341322 5.4848392545692874 7.3976167239405317 9.7110360377987650 12.3084531494682619 16.3096056959016629 23.3983586835772073 13.7997242392101587 
1.2218401877723033 1.4111977346614513 1.6361771675821726 1.9314308710505850 2.1834808041310669 2.5442035443355109 3.1146634859779119 4.0425920046341322 5.4848392545692874 7.3976167239405317 9.7110360377987650 12.3084531494682619 16.3096056959016629 23.3983586835772073 13.7997242392101587 
1.2218401877723033 1.4111977346614513 1.6361771675821726 1.9314308710505850 2.1834808041310669 2.5442035443355109 3.1146634859779119 4.0425920046341322 5.4848392545692874 7.3976167239405317 9.7110360377987650 12.3084531494682619 16.3096056959016629 23.3983586835772073 13.7997242392101587 
1.2218401877723033 1.4111977346614513 1.6361771675821726 1.9314308710505850 2.1834808041310669 2.5442035443355109 3.1146634859779119 4.0425920046341322 5.4848392545692874 7.3976167239405317 9.7110360377987650 12.3084531494682619 16.3096056959016629 23.3983586835772073 13.7997242392101587 
1.2218401877723033 1.4111977346614513 1.6361771675821726 1.9314308710505850 2.1834808041310669 2.5442035443355109 3.1146634859779119 4.0425920046341322 5.4848392545692874 7.3976167239405317 9.7110360377987650 12.3084531494682619 16.3096056959016629 23.3983586835772073 13.7997242392101587 
1.2218401877723033 1.4111977346614513 1.6361771675821726 1.9314308710505850 2.1834808041310669 2.5442035443355109 3.1146634859779119 4.0425920046341322 5.4848392545692874 7.3976167239405317 9.7110360377987650 12.3084531494682619 16.3096056959016629 23.3983586835772073 13.7997242392101587 
1.2218401877723033 1.4111977346614513 1.6361771675821726 1.9314308710505850 2.1834808041310669 2.5442035443355109 3.1146634859779119 4.0425920046341322 5.4848392545692874 7.3976167239405317 9.7110360377987650 12.3084531494682619 16.3096056959016629 23.3983586835772073 13.7997242392101587 
1.2218401877723033 1.4111977346614513 1.6361771675821726 1.9314308710505850 2.1834808041310669 2.5442035443355109 3.1146634859779119 4.0425920046341322 5.4848392545692874 7.3976167239405317 9.7110360377987650 12.3084531494682619 16.3096056959016629 23.3983586835772073 13.7997242392101587 
1.2218401877723033 1.4111977346614513 1.6361771675821726 1.9314308710505850 2.1834808041310669 2.5442035443355109 3.1146634859779119 4.0425920046341322 5.4848392545692874 7.3976167239405317 9.7110360377987650 12.3084531494682619 16.3096056959016629 23.3983586835772073 13.7997242392101587 
1.2218401877723033 1.4111977346614513 1.6361771675821726 1.9314308710505850 2.1834808041310669 2.5442035443355109 3.1146634859779119 4.0425920046341322 5.4848392545692874 7.3976167239405317 9.7110360377987650 12.3084531494682619 16.3096056959016629 23.3983586835772073 13.7997242392101587 
1.2218401877723033 1.4111977346614513 1.6361771675821726 1.9314308710505850 2.1834808041310669 2.5442035443355109 3.1146634859779119 4.0425920046341322 5.4848392545692874 7.3976167239405317 9.7110360377987650 12.3084531494682619 16.3096056959016629 23.3983586835772073 13.7997242392101587 
1.2218401877723033 1.4111977346614513 1.6361771675821726 1.9314308710505850 2.1834808041310669 2.5442035443355109 3.1146634859779119 4.0425920046341322 5.4848392545692874 7.3976167239405317 9.7110360377987650 12.3084531494682619 16.3096056959016629 23.3983586835772073 13.7997242392101587 

1.3229796840002033 1.3245142061899864 1.1583760986310496 1.0266787660790748 1.1304411743457117 1.4932907500765877 1.6657356090921107 1.4217143429460251 1.1614994405691297 1.0857580746899169 1.3651236183217079 1.7507435488311627 1.8478144097382934 1.8093798164601673 1.1866006116449173 
1.3245142061899864 4.3161826919236299 4.0922597980856148 1.7250545719544208 0.9503177417482738 1.2013690224387412 1.4996331275466623 1.5569274023475979 1.3828390972702451 1.2994021980274224 1.4071814227966355 1.7343688691910866 2.0848424144017041 2.3707587667122549 1.7687563574314495 
1.1583760986310498 4.0922597980856157 6.2340420970253980 3.4371766995901001 1.3830303721625870 1.1662847424776164 1.5168014483232524 2.0657838168050033 1.8190221053751350 1.5404276162241084 1.6089842706854121 1.9730021893437759 2.3169425227008125 3.0668926051393020 2.6447623357170174 
1.0266787660790753 1.7250545719544208 3.4371766995901005 4.7885884697752568 2.4683863589663786 1.5866366183907932 1.7671351362810039 2.4160778089231396 2.0856225415472696 1.7832265121994335 2.0002877905950585 2.4262573403543155 2.6485861703428397 3.6937757152992594 3.1083024267410959 
1.1304411743457117 0.9503177417482735 1.3830303721625870 2.4683863589663786 2.3552631503610360 1.9476699686613195 1.8589571673339789 2.0786729425235539 1.7863949415157723 1.7296419207454392 1.9751142939772213 2.2585356796044773 2.5692655835708424 3.3014834312860541 2.6328012794792479 
1.4932907500765875 1.2013690224387414 1.1662847424776166 1.5866366183907930 1.9476699686613197 2.6106799967419430 2.5108268294209615 2.3100019967203118 1.8267641275750757 1.7264354469150658 1.9215368111601276 2.3514887589496678 2.6587859066868429 3.1329554490061251 2.2904787074760149 
1.6657356090921109 1.4996331275466626 1.5168014483232524 1.7671351362810037 1.8589571673339789 2.5108268294209615 2.9798622659485532 3.1054158475969551 2.3251366854718136 1.9542442136318221 2.1171937803344645 2.6307707332775596 3.0526887893219334 3.1766408213938040 2.1997897738292660 
1.4217143429460248 1.5569274023475976 2.0657838168050038 2.4160778089231401 2.0786729425235535 2.3100019967203118 3.1054158475969551 3.7974718602994932 2.9865896685026749 2.3678270141577191 2.4993476734022391 2.8845848545455297 3.1146000763197201 3.3891530903886751 2.3155149212995489 
1.1614994405691295 1.3828390972702451 1.8190221053751354 2.0856225415472696 1.7863949415157723 1.8267641275750759 2.3251366854718141 2.9865896685026745 2.7678244008717958 2.4290532944848571 2.2907519788858801 2.3798691555452249 2.5338089990407036 2.9209141319521166 2.0353974485773612 
1.0857580746899169 1.2994021980274220 1.5404276162241084 1.7832265121994335 1.7296419207454390 1.7264354469150662 1.9542442136318221 2.3678270141577191 2.4290532944848571 2.3079444114541179 2.2315755294680892 2.1529810877820781 2.3664449651060138 2.7897072120711153 2.1943108395584741 
1.3651236183217079 1.4071814227966355 1.6089842706854121 2.0002877905950589 1.9751142939772210 1.9215368111601279 2.1171937803344640 2.4993476734022395 2.2907519788858801 2.2315755294680897 2.2615070613191208 2.4322953120066595 2.7906682947265833 3.1779223304013007 2.7109443641588311 
1.7507435488311629 1.7343688691910861 1.9730021893437755 2.4262573403543151 2.2585356796044773 2.3514887589496682 2.6307707332775596 2.8845848545455293 2.3798691555452249 2.1529810877820781 2.4322953120066595 3.1542169552359982 3.6767720008579201 3.8644892006499845 3.5686310732585840 
1.8478144097382938 2.0848424144017041 2.3169425227008125 2.6485861703428402 2.5692655835708424 2.6587859066868433 3.0526887893219330 3.1146000763197197 2.5338089990407036 2.3664449651060133 2.7906682947265837 3.6767720008579197 4.4873718093393213 4.6514281273731282 4.6380948625636940 
1.8093798164601673 2.3707587667122549 3.0668926051393020 3.6937757152992594 3.3014834312860541 3.1329554490061255 3.1766408213938040 3.3891530903886746 2.9209141319521170 2.7897072120711153 3.1779223304013002 3.8644892006499845 4.6514281273731291 5.1050236950437240 5.8477955269119617 
1.1866006116449173 1.7687563574314493 2.6447623357170174 3.1083024267410964 2.6328012794792479 2.2904787074760149 2.1997897738292660 2.3155149212995494 2.0353974485773607 2.1943108395584741 2.7109443641588307 3.5686310732585844 4.6380948625636949 5.8477955269119608 5.9149080398447156 

