0.4729672012764740 0.0393882724459215 0.0090572175390796 0.0078781409195420 0.1142385850457275 0.0768002377756135 0.1299417382304821 0.1683988280872864 0.0874978053763125 0.0754720851421203 0.0490957806340817 0.0469540147644354 0.0362488505376491 0.0132956468868494 0.0413856108633726 
0.0410577959071176 0.6441939448607111 0.1400742474146145 0.1326004212748914 0.0765202290283786 0.0514367997989063 0.0964012224676572 0.1246382653970571 0.1287829214271619 0.1117874314695355 0.0543097899460798 0.0525651112189450 0.0350252235154261 0.0094143997783417 0.0184303811814218 
0.0088300971694180 0.1310087440867988 1.4070793015004228 0.2388740782869863 0.0801685701075699 0.0570150732498771 0.0863674010399657 0.1069219795332258 0.1535265704913662 0.1339718134205578 0.0628379022907094 0.0623645323762724 0.0410903110812946 0.0117859272639230 0.0255366790008019 
0.0060103379677512 0.0970490646604014 0.1869276254108593 0.8154869822545615 0.1124551510083606 0.0858713723092432 0.0761759141727609 0.0918114892350461 0.1230370544876500 0.1070719651079589 0.0862567169850913 0.0877790347544417 0.0445628372615007 0.0133638786539093 0.0740497598667525 
0.0738422275462165 0.0474503627467800 0.0531527119181997 0.0952787779998068 0.3390562796457171 0.2555472734553852 0.1853531834554807 0.2302332264680380 0.2318313035354790 0.1947594065077110 0.1835059988728285 0.1829352155371680 0.1155879061559739 0.0514584564422356 0.1214234522837799 
0.0633050074279188 0.0406743612733025 0.0482052680608418 0.0927788006885384 0.3258778010623915 0.1989291977970760 0.1296489704899092 0.1703837476699883 0.1864898446453414 0.1601397718098628 0.1480006161988751 0.1376271572527784 0.0870071283887329 0.0362506684319497 0.0788377276287060 
0.1051465450237368 0.0748342099129396 0.0716845398972484 0.0807958140719817 0.2320354872058618 0.1272740628556305 0.1564423446893511 0.2142750563552990 0.2020510824926213 0.1753648744115895 0.1222326977890395 0.1090645114097013 0.0731516758701205 0.0265818988728475 0.0469242218064696 
0.1106855615875314 0.0785913241323092 0.0720855497360943 0.0790995096791895 0.2341142956982675 0.1358640558437966 0.1740512678351215 0.2317489139125654 0.2103446671541300 0.1813797268321551 0.1275121723853881 0.1166193225468908 0.0778024984179827 0.0287317050360280 0.0525214159777020 
0.0578510046895350 0.0816851893283394 0.1041181901561621 0.1066288001944062 0.2371340118113408 0.1495868556199513 0.1650929744283384 0.2115891253627227 0.2552847737398573 0.2194646942234149 0.1502805086282438 0.1429911507929948 0.0880177969464200 0.0345486748458032 0.0864366848895648 
0.0617842804372054 0.0877921982249593 0.1124953046998238 0.1148926559570536 0.2466596510307621 0.1590432896575115 0.1774140123514848 0.2259063713381236 0.2717331122930486 0.2332567232064992 0.1595071861890320 0.1530677607767053 0.0932140154959470 0.0383604191274113 0.0958191565290227 
0.0481388004574705 0.0510858376775134 0.0631978187639960 0.1108584673900342 0.2783616399444053 0.1760512522155288 0.1481126514632788 0.1902176583538408 0.2228640431390150 0.1910467719489938 0.2005712060081004 0.1916987500588385 0.1105000965323040 0.0529015216331907 0.1817517304591788 
0.0461523371065964 0.0495666828139559 0.0628764411515361 0.1130932326959550 0.2781802598212650 0.1641155021550209 0.1324823701614527 0.1743972257919641 0.2125770528920389 0.1837862644866087 0.1921715764191346 0.1781347611024352 0.1007385825194670 0.0466782306145087 0.1531293745989218 
0.0504613707225734 0.0467753473302640 0.0586723589054544 0.0813134690037612 0.2489345783507612 0.1469413886448721 0.1258469658044141 0.1647807363678995 0.1853196846593965 0.1585091644551988 0.1568831739149976 0.1426723036527495 0.2677108350193155 0.1756218311317661 0.1882080795552075 
0.0244111041818543 0.0165821901141907 0.0221958113302814 0.0321614282339615 0.1461647785009088 0.0807455266298948 0.0603139287210973 0.0802578355240480 0.0959390912613690 0.0860339081034345 0.0990592468131941 0.0871909422904233 0.2316283155821195 0.1632743555449428 0.1625520840782044 
0.0387876245498154 0.0165710272857810 0.0245492114595807 0.0909687692807088 0.1760574534396422 0.0896401163856131 0.0543493753940252 0.0748907761216289 0.1225259757498191 0.1096994657637821 0.1737285813964209 0.1460095814773313 0.1267118619329691 0.0829771288379042 0.3411676268689413 

0.3727956194934932 0.0311269946939484 0.0101915481978491 0.0077762900612329 0.1230128813136080 0.0854308606609948 0.1170375861573240 0.1604357468027351 0.0846905057024407 0.0721915787864462 0.0436966636388288 0.0427036625513899 0.0352590240151634 0.0115855992960353 0.0304474673678198 
0.0324463530889992 0.5506100080266546 0.1223450188961579 0.0881911696017300 0.0673808442934223 0.0404993623850158 0.1010131909154597 0.1380420640621972 0.1490856141232388 0.1257071173979395 0.0461535196696103 0.0457916272860282 0.0280013186896360 0.0091441985295680 0.0170124039610595 
0.0099359831543761 0.1144269383323420 1.5386514006041272 0.2378376505685609 0.0765936951942694 0.0515793139200455 0.0880909178191631 0.1132101987615808 0.1732873531105947 0.1491358313532090 0.0592113228899020 0.0599708784994584 0.0375497293702490 0.0134359450118474 0.0283674718872009 
0.0059326346000411 0.0645463297843639 0.1861165831508344 0.9557341897085044 0.1158578365424440 0.0876179053340606 0.0712807459125549 0.0845831077347110 0.1224628534777330 0.1053768754667403 0.0881220915289063 0.0914087390338671 0.0413135998528137 0.0156234438543964 0.0822103473450291 
0.0795138102370508 0.0417830101203885 0.0507825274911194 0.0981617381550156 0.3829246865640826 0.2931381505682357 0.1960804615475573 0.2362939314312451 0.2209117324968903 0.1834335274549016 0.1971238685942645 0.2002092353144464 0.1232455268266263 0.0596167332846339 0.1414943692724206 
0.0704190693330776 0.0320254312754029 0.0436094266337799 0.0946658235117202 0.3738142638855059 0.2357213113646455 0.1383999771606064 0.1724197822387916 0.1688808261616825 0.1426406669421194 0.1593594129016974 0.1526649098791895 0.0914278477288921 0.0413462320570194 0.0900966310923347 
0.0947047345213499 0.0784143825093037 0.0731150507825392 0.0756037647359450 0.2454644942079757 0.1358647687351117 0.1478864578540164 0.2293169009250857 0.1956490533578785 0.1675789985077749 0.1214267390947383 0.1129662008252860 0.0719510314357641 0.0235191667496585 0.0385301073718376 
0.1054515695582587 0.0870431609910810 0.0763249936924811 0.0728719510455759 0.2402771666950531 0.1374875904715921 0.1862694520814908 0.2677812584976420 0.1962102566420544 0.1680604801205092 0.1216849231215418 0.1146680260194484 0.0733413306597319 0.0285496042093797 0.0509757436277718 
0.0559948997746790 0.0945629007389484 0.1175194985798342 0.1061311747838108 0.2259646759703628 0.1354623454594462 0.1598619703713808 0.1973710917028709 0.2438153472953547 0.2097784907982998 0.1405816458331230 0.1372408710227226 0.0774696606520404 0.0385028474934275 0.0913485976122151 
0.0590987348573617 0.0987240159632410 0.1252284369479644 0.1130737545222239 0.2323156076550087 0.1416640017218940 0.1695371585151546 0.2093174021840928 0.2597400114787068 0.2230698195835918 0.1480205744759117 0.1451782364932690 0.0812213111163905 0.0445941817246694 0.1075275078150489 
0.0428449236247924 0.0434137420974839 0.0595504674147235 0.1132558756182126 0.2990186896947798 0.1895628877380888 0.1471360496100754 0.1815247964185672 0.2084807555383703 0.1772888959507147 0.2231336550108848 0.2199699101118383 0.1175982751915408 0.0596858714151720 0.1813511698609228 
0.0419745540321909 0.0431795731539024 0.0604631393694497 0.1177696909395311 0.3044479814061485 0.1820474886381365 0.1372218134022403 0.1714791784765493 0.2040284292877798 0.1743134258609468 0.2205124674938814 0.2118552021256034 0.1097061053517469 0.0496353005611199 0.1345111042141816 
0.0490834510820509 0.0373950906219420 0.0536168050432905 0.0753846103054980 0.2654263259410900 0.1544072900104475 0.1237814292698585 0.1553322671900076 0.1631107978247407 0.1381157339110082 0.1669608555824631 0.1553726723550067 0.2872750422836282 0.1659473089801344 0.1676114858693889 
0.0212714186704572 0.0161062672107927 0.0253032021875666 0.0375992839581425 0.1693378934768082 0.0920954957802499 0.0533646356004871 0.0797491633733488 0.1069195335560962 0.1000148543660339 0.1117630889480236 0.0927144960256324 0.2188685507191564 0.1379060581016222 0.1116359648803055 
0.0285361242257500 0.0152961030735283 0.0272705415575274 0.1009939010413276 0.2051591999865945 0.1024417209880087 0.0446270004894440 0.0726867875245745 0.1294887242623242 0.1231038822456024 0.1733457029263095 0.1282569727840098 0.1128451207092409 0.0569862385545317 0.0890914773985572 

0.5452438001026093 0.0453490154754588 0.0082387662328230 0.0079516291633640 0.1079076848038887 0.0705730018988976 0.1392524449796647 0.1741444140227300 0.0895233506327782 0.0778390622587374 0.0529913946009918 0.0500207628011951 0.0369630380666848 0.0145294940668075 0.0492777874194295 
0.0472711928286893 0.7117173735490930 0.1528663818135851 0.1646429388254659 0.0831145508135456 0.0593284668972892 0.0930735582003326 0.1149670496528011 0.1141339606244491 0.1017439886314993 0.0601947671441745 0.0574523693829952 0.0400931673598833 0.0096093575389394 0.0194534914176439 
0.0080321694911327 0.1429729808593022 1.3121463509133684 0.2396218898826864 0.0827479423742674 0.0609371256863538 0.0851238354637524 0.1023848534301038 0.1392686129704929 0.1230305502279191 0.0654545807917155 0.0640916206173059 0.0436449398431204 0.0105953932951065 0.0234941827342121 
0.0060664031215150 0.1205006972249850 0.1875128150925584 0.7142946982832957 0.1100000181962299 0.0846111998678736 0.0797079150280120 0.0970269687209729 0.1234513565811246 0.1082950197087951 0.0849107970628535 0.0851601015660860 0.0469072529580336 0.0117335391443375 0.0681616676867688 
0.0697500219569830 0.0515395162261707 0.0548628662946293 0.0931986415892510 0.3074039967173165 0.2284244039124625 0.1776131521875596 0.2258602582725444 0.2397100795442220 0.2029313451162747 0.1736803248722408 0.1704715269806480 0.1100627185995418 0.0455720314506843 0.1069417241385317 
0.0581720127283102 0.0469148062438911 0.0515212962315054 0.0914172609270686 0.2912903019838976 0.1723826584996344 0.1233348743440274 0.1689146917650477 0.1991952441410061 0.1727658655565151 0.1398049265848674 0.1267769980112037 0.0838174557032817 0.0325740767143498 0.0707141137815587 
0.1126806034389727 0.0722510152196948 0.0706523862711174 0.0845420229294921 0.2223460829412081 0.1210756282154573 0.1626156564150164 0.2034219446620958 0.2066703256273411 0.1809826017070339 0.1228142195358424 0.1062493333360903 0.0740179744207694 0.0287917457879060 0.0529808102190093 
0.1144620332716714 0.0724930873758126 0.0690266723117019 0.0835928674660623 0.2296676118511772 0.1346926301870897 0.1652355060647642 0.2057505691925755 0.2205430397867840 0.1909899359763969 0.1317166957622415 0.1180272375842148 0.0810213557687406 0.0288630958772157 0.0536366618225223 
0.0591902363151363 0.0723935602569349 0.0944487711907964 0.1069878508505617 0.2451930001128504 0.1597780848719581 0.1688672902068565 0.2218478344360799 0.2635602858076525 0.2264535609922567 0.1572785094867246 0.1471401385268057 0.0956285723953288 0.0316956286519158 0.0828926024361888 
0.0637219767084311 0.0799045858797538 0.1033079935391316 0.1162050442309484 0.2570092796396033 0.1715829321354337 0.1830973827705918 0.2378757767038353 0.2803864700698834 0.2406068591764844 0.1677950979089390 0.1587602732778893 0.1018670872339926 0.0338625850071965 0.0873712535035028 
0.0519584807027061 0.0566214692860358 0.0658294848069707 0.1091286702794534 0.2634570006129242 0.1663022291616179 0.1488172970234316 0.1964898014463593 0.2332419875540781 0.2009734643953768 0.1842917678073309 0.1713003171187761 0.1053785620390048 0.0480064234550391 0.1820407461375820 
0.0491667244795102 0.0541751611302746 0.0646177059059266 0.1097190372367041 0.2592273637875342 0.1511770722118490 0.1290627292645388 0.1765026785702665 0.2187451239932747 0.1906211825831903 0.1717228305959688 0.1538045194840889 0.0942682639053807 0.0445446219160350 0.1665629775777561 
0.0514555782942224 0.0535434649832563 0.0623200824597372 0.0855913064303438 0.2370353210632962 0.1415545319309168 0.1273373082030421 0.1715980712261142 0.2013440178640079 0.1732235951539616 0.1496118446416424 0.1335086323070606 0.2535947121167390 0.1826022695349746 0.2030690981446909 
0.0266764751194832 0.0169255818042170 0.0199537418891241 0.0282378631903095 0.1294447277155120 0.0725562063419667 0.0653280381328039 0.0806248567122506 0.0880163949382851 0.0759462642203535 0.0898930692887257 0.0832055437341820 0.2408348429195255 0.1815782918967243 0.1992894885950158 
0.0461843688469525 0.0174909207743589 0.0225856956573755 0.0837353562353685 0.1550597291062995 0.0804034005056274 0.0613643408972962 0.0764810155569191 0.1175021578964098 0.1000278042475061 0.1740048389246626 0.1588185853265904 0.1367171036853112 0.1017302833424941 0.5230476212208248 

