8.0000228070810415 0.6944737452807329 0.1493570348079851 0.1016621040328079 1.2490073368746808 1.0707751020767799 1.7785054777698164 1.8721953969007066 0.9785231527255447 1.0450527040411079 0.8142456824192548 0.7806455679302707 0.8535308908686446 0.4129026065101477 0.6560748402712855 
0.6944737452807328 11.3580960472134720 2.3098787410744928 1.7111191536322341 0.8366203716329235 0.7171494014913788 1.3194382694675677 1.3856817734688023 1.4402312120873844 1.5479068494670465 0.9007191943088103 0.8739342377153284 0.8247188472623461 0.2923686406752171 0.2921718234305850 
0.1493570348079851 2.3098787410744923 23.2032841548764850 3.0825091408703198 0.8765088626669044 0.7949235920000974 1.1821059033231287 1.1887187113075270 1.7169493924818191 1.8550912647609856 1.0421565758132527 1.0368569341690526 0.9675299851745760 0.3660175491142285 0.4048260312459935 
0.1016621040328079 1.7111191536322341 3.0825091408703198 10.5233104198120309 1.2295084766899922 1.1972479527804245 1.0426155789148708 1.0207259128867363 1.3759728708797221 1.4826123652521104 1.4305538781068801 1.4593920196607932 1.0492955672604867 0.4150215763282845 1.1738907161982535 
1.2490073368746806 0.8366203716329235 0.8765088626669046 1.2295084766899920 3.7070117834654708 3.5629272219065999 2.5369189037084587 2.5596471881837339 2.5926627194860288 2.6968096088116984 3.0434176898800236 3.0414346024277865 2.7216821237539857 1.5980667185891890 1.9248929857592783 
1.0707751020767797 0.7171494014913790 0.7949235920000974 1.1972479527804247 3.5629272219065999 2.7735387056946452 1.7744983816864959 1.8942629929057471 2.0855909465251443 2.2174357742903279 2.4545665875748903 2.2881542904314363 2.0487069439188326 1.1257816645305079 1.2497930677430453 
1.7785054777698164 1.3194382694675673 1.1821059033231285 1.0426155789148708 2.5369189037084583 1.7744983816864961 2.1412178317304971 2.3822302015729817 2.2596185287387063 2.4282559021995538 2.0272097752549496 1.8132789683184303 1.7224605511037956 0.8255134499280268 0.7438769341394496 
1.8721953969007068 1.3856817734688025 1.1887187113075270 1.0207259128867365 2.5596471881837335 1.8942629929057475 2.3822302015729817 2.5764980361914978 2.3523690220279092 2.5115428257645185 2.1147690184322503 1.9388833465677691 1.8319708018750829 0.8922766977656937 0.8326077320001285 
0.9785231527255449 1.4402312120873844 1.7169493924818193 1.3759728708797225 2.5926627194860292 2.0855909465251448 2.2596185287387063 2.3523690220279097 2.8549523107282315 3.0389006969642498 2.4923782394728371 2.3773346896919532 2.0725045767160339 1.0729254482091670 1.3702572717777510 
1.0450527040411079 1.5479068494670465 1.8550912647609858 1.4826123652521104 2.6968096088116984 2.2174357742903275 2.4282559021995538 2.5115428257645189 3.0389006969642502 3.2298772302857293 2.6454012135434675 2.5448658574314935 2.1948569542933445 1.1913009708610860 1.5189950444912892 
0.8142456824192548 0.9007191943088103 1.0421565758132529 1.4305538781068801 3.0434176898800231 2.4545665875748908 2.0272097752549492 2.1147690184322507 2.4923782394728371 2.6454012135434666 3.3264414253217502 3.1871349098044353 2.6018823889692735 1.6428817910546569 2.8812607822485585 
0.7806455679302707 0.8739342377153286 1.0368569341690523 1.4593920196607928 3.0414346024277865 2.2881542904314363 1.8132789683184301 1.9388833465677688 2.3773346896919532 2.5448658574314935 3.1871349098044357 2.9616234617335118 2.3720336178213466 1.4496145431686900 2.4275183544467884 
0.8535308908686446 0.8247188472623460 0.9675299851745760 1.0492955672604867 2.7216821237539857 2.0487069439188321 1.7224605511037954 1.8319708018750827 2.0725045767160335 2.1948569542933445 2.6018823889692739 2.3720336178213466 6.3036334703054582 5.4540190824498263 2.9836115296108874 
0.4129026065101478 0.2923686406752171 0.3660175491142285 0.4150215763282844 1.5980667185891888 1.1257816645305079 0.8255134499280270 0.8922766977656940 1.0729254482091668 1.1913009708610858 1.6428817910546569 1.4496145431686900 5.4540190824498245 5.0705623844036056 2.5768940066982888 
0.6560748402712854 0.2921718234305849 0.4048260312459935 1.1738907161982532 1.9248929857592780 1.2497930677430455 0.7438769341394497 0.8326077320001283 1.3702572717777506 1.5189950444912894 2.8812607822485590 2.4275183544467884 2.9836115296108874 2.5768940066982888 5.4084376582652061 

6.3056665457537697 0.5488151483190583 0.1680625879157249 0.1003477872848594 1.3449395511095485 1.1911061891768102 1.6018870527693827 1.7836648275647038 0.9471279912616878 0.9996279349868870 0.7247021891600959 0.7099802875723968 0.8302240135191074 0.3597962692621319 0.4826754244598257 
0.5488151483190582 9.7080722437960034 2.0175168772322620 1.1380476625629226 0.7366965273038675 0.5646559196673453 1.3825620298498509 1.5347002105142884 1.6672843910824469 1.7406510328494009 0.7654487541307067 0.7613200078522111 0.6593309893189182 0.2839774130162368 0.2696930159670740 
0.1680625879157249 2.0175168772322616 25.3729591682900093 3.0691347390147139 0.8374236009461441 0.7191363819621427 1.2056955833949294 1.2586287886385075 1.9379421731090514 2.0650655607513948 0.9820103355270111 0.9970606505185798 0.8841619385413942 0.4172596311809399 0.4497018214552179 
0.1003477872848594 1.1380476625629226 3.0691347390147148 12.3331062003275225 1.2667111363294328 1.2215987117376199 0.9756156781598176 0.9403634618787340 1.3695513500186485 1.4591406669438971 1.4614908170612988 1.5197385645270096 0.9727876377966288 0.4851934430152324 1.3032582914167339 
1.3449395511095483 0.7366965273038675 0.8374236009461441 1.2667111363294330 4.1866392410019113 4.0870320481868294 2.6837425733632241 2.6270278467249453 2.4705447642626277 2.5399815510272536 3.2692678847688654 3.3286280841167293 2.9019917251899696 1.8514258670026023 2.2430717774386522 
1.1911061891768102 0.5646559196673454 0.7191363819621427 1.2215987117376199 4.0870320481868294 3.2865068982676657 1.8942729322795417 1.9168988662722086 1.8886622097536845 1.9751278159783598 2.6429504171688070 2.5381681603493558 2.1527990864480788 1.2840268044875982 1.4282774041447925 
1.6018870527693825 1.3825620298498511 1.2056955833949294 0.9756156781598176 2.6837425733632245 1.8942729322795413 2.0241138756726595 2.5494598223744616 2.1880220617664579 2.3204458337313527 2.0138430790018815 1.8781474692335782 1.6941896653109263 0.7303988543412628 0.6108073195552632 
1.7836648275647036 1.5347002105142886 1.2586287886385075 0.9403634618787341 2.6270278467249453 1.9168988662722091 2.5494598223744616 2.9770922115663647 2.1942982238323512 2.3271128505546792 2.0181250198607339 1.9064415842710247 1.7269262436466934 0.8866214704111599 0.8081046083555374 
0.9471279912616878 1.6672843910824469 1.9379421731090514 1.3695513500186485 2.4705447642626277 1.8886622097536845 2.1880220617664579 2.1942982238323516 2.7266851013261233 2.9047770264409425 2.3315241486872496 2.2817319933188593 1.8241336619198605 1.1957241511748777 1.4481244890958216 
0.9996279349868868 1.7406510328494011 2.0650655607513944 1.4591406669438975 2.5399815510272532 1.9751278159783601 2.3204458337313527 2.3271128505546792 2.9047770264409420 3.0888204255495335 2.4548975924126943 2.4136966231106021 1.9124716234157335 1.3848934185756214 1.7046043550601004 
0.7247021891600960 0.7654487541307068 0.9820103355270110 1.4614908170612984 3.2692678847688650 2.6429504171688070 2.0138430790018820 2.0181250198607348 2.3315241486872496 2.4548975924126943 3.7006360393609175 3.6571640629310393 2.7690191302645770 1.8535729843675095 2.8749108039580999 
0.7099802875723968 0.7613200078522110 0.9970606505185799 1.5197385645270096 3.3286280841167288 2.5381681603493567 1.8781474692335780 1.9064415842710252 2.2817319933188589 2.4136966231106030 3.6571640629310389 3.5222509813493392 2.5831867340828123 1.5414477498550261 2.1323679745449029 
0.8302240135191074 0.6593309893189183 0.8841619385413941 0.9727876377966288 2.9019917251899705 2.1527990864480788 1.6941896653109263 1.7269262436466932 1.8241336619198605 1.9124716234157337 2.7690191302645775 2.5831867340828127 6.7643006365126706 5.1535722183638111 2.6570993281318147 
0.3597962692621320 0.2839774130162367 0.4172596311809399 0.4851934430152325 1.8514258670026025 1.2840268044875980 0.7303988543412629 0.8866214704111600 1.1957241511748777 1.3848934185756216 1.8535729843675099 1.5414477498550265 5.1535722183638102 4.2827379012314370 1.7697346082234100 
0.4826754244598258 0.2696930159670740 0.4497018214552178 1.3032582914167341 2.2430717774386517 1.4282774041447928 0.6108073195552631 0.8081046083555374 1.4481244890958218 1.7046043550601000 2.8749108039580999 2.1323679745449025 2.6570993281318147 1.7697346082234098 1.4123429758414334 

9.2225482538071741 0.7995704981800202 0.1358604549025378 0.1026104203380028 1.1797895603422319 0.9839528561479538 1.9059406127836194 1.9360726795576819 1.0011756400858924 1.0778279457939506 0.8788538180260600 0.8316325447599632 0.8703474549489849 0.4512203146273658 0.7811873700947927 
0.7995704981800201 12.5486343852378059 2.5208260054469949 2.1246062676567123 0.9087182209549300 0.8271777150431653 1.2738927102945925 1.2781608019484740 1.2764059910184209 1.4088365286191815 0.9983206014520947 0.9551885552478645 0.9440508139391660 0.2984231461983589 0.3083909119206718 
0.1358604549025378 2.5208260054469944 21.6378029301982515 3.0921591459940441 0.9047099725138681 0.8496061843937418 1.1650852891665098 1.1382766345905786 1.5574969183912075 1.7035889356076179 1.0855537709327938 1.0655710662310571 1.0276823632659919 0.3290449532678804 0.3724468930889785 
0.1026104203380028 2.1246062676567128 3.0921591459940445 9.2174921302602453 1.2026657169155641 1.1796781989147622 1.0909578818122645 1.0787096696449552 1.3806061778403247 1.4995478522654455 1.4082320111071034 1.4158502991827422 1.1044981788839867 0.3643906112667421 1.0805483912718792 
1.1797895603422321 0.9087182209549300 0.9047099725138681 1.2026657169155641 3.3609471539834019 3.1847709265017414 2.4309815182650643 2.5110301578909056 2.6807742407583177 2.8099654401903567 2.8804604555004190 2.8342164703782933 2.5915837016713388 1.4152610046045613 1.6953180856542118 
0.9839528561479535 0.8271777150431653 0.8496061843937418 1.1796781989147624 3.1847709265017414 2.4034178030868505 1.6880776924180676 1.8779305769723420 2.2276805397174000 2.3922677454299666 2.3186423839780232 2.1077622884744809 1.9736015508260258 1.0116033687175998 1.1210116254493023 
1.9059406127836194 1.2738927102945923 1.1650852891665096 1.0909578818122645 2.4309815182650634 1.6880776924180676 2.2257116123247052 2.2615693514658060 2.3112773827631234 2.5060438828763094 2.0368542205708566 1.7664745300371796 1.7428587861575016 0.8941412917307874 0.8398903840427012 
1.9360726795576815 1.2781608019484743 1.1382766345905786 1.0787096696449552 2.5110301578909060 1.8779305769723422 2.2615693514658055 2.2874581309578716 2.4664215253821946 2.6446142128035590 2.1845003672776770 1.9622909857105213 1.9077633895412192 0.8963571025222029 0.8502874212505607 
1.0011756400858922 1.2764059910184211 1.5574969183912077 1.3806061778403251 2.6807742407583177 2.2276805397174004 2.3112773827631234 2.4664215253821942 2.9475006909323991 3.1356746777176325 2.6084389663009326 2.4463147098679854 2.2517111405865595 0.9843227483950537 1.3140738959377010 
1.0778279457939506 1.4088365286191817 1.7035889356076177 1.4995478522654455 2.8099654401903558 2.3922677454299666 2.5060438828763094 2.6446142128035586 3.1356746777176330 3.3316536613468073 2.7828549060410577 2.6395081298065244 2.3986058710115019 1.0516186035650741 1.3850727339956741 
0.8788538180260601 0.9983206014520947 1.0855537709327940 1.4082320111071032 2.8804604555004190 2.3186423839780228 2.0368542205708566 2.1845003672776770 2.6084389663009322 2.7828549060410572 3.0564495421906397 2.8479957254924719 2.4812885540243586 1.4908622004260117 2.8858424692428679 
0.8316325447599632 0.9551885552478646 1.0655710662310567 1.4158502991827422 2.8342164703782928 2.1077622884744809 1.7664745300371794 1.9622909857105217 2.4463147098679845 2.6395081298065244 2.8479957254924719 2.5571150212663336 2.2196807368617395 1.3833543152632803 2.6404776111725776 
0.8703474549489849 0.9440508139391659 1.0276823632659917 1.1044981788839869 2.5915837016713388 1.9736015508260254 1.7428587861575016 1.9077633895412187 2.2517111405865591 2.3986058710115019 2.4812885540243586 2.2196807368617404 5.9712492214826307 5.6707999006978724 3.2191992180360174 
0.4512203146273658 0.2984231461983589 0.3290449532678804 0.3643906112667420 1.4152610046045613 1.0116033687176000 0.8941412917307875 0.8963571025222029 0.9843227483950536 1.0516186035650739 1.4908622004260121 1.3833543152632803 5.6707999006978715 5.6389997905234761 3.1592820951553802 
0.7811873700947927 0.3083909119206719 0.3724468930889785 1.0805483912718792 1.6953180856542120 1.1210116254493023 0.8398903840427012 0.8502874212505604 1.3140738959377007 1.3850727339956741 2.8858424692428675 2.6404776111725772 3.2191992180360165 3.1592820951553793 8.2917317731422635 

