3.506724527215 1.759163468388 0.90711974925 0.561449093311 0.821270466102 1.199002475302 1.320517297215 1.06829514549 0.588900592632 0.346825493078 0.357608302552 0.296290980583 0.183653194286 0.133153694459 0.105911650039
1.654612870009 8.806320956348 2.251684615899 0.652172204434 0.395894242304 0.912694860638 1.233920978836 1.191793358581 0.928841849833 0.408007096992 0.263468909314 0.24151842449 0.185433317557 0.122725908028 0.090685465127
0.62832701212 3.345800067597 12.58334563956 1.584001564019 0.67370368315 0.564156887296 0.785083433989 1.023155957414 1.081434513986 0.604728851835 0.322315089112 0.166686065543 0.105486670666 0.103718803496 0.115402541321
0.347931295795 0.871276035605 4.621328756898 13.673011172798 2.303030034457 1.077225810782 0.772072943472 0.992578038268 1.08232313949 0.948988492639 0.502738788431 0.221499126176 0.106640992154 0.063073806609 0.053303326267
0.529786213951 0.469426992534 0.617813293207 3.896791661992 5.211598655985 2.28817406753 1.374968529455 1.119169366743 0.931917533478 1.008536227375 0.692206977299 0.377102656524 0.139679340796 0.045000771033 0.071888432995
0.921452306612 0.558494597353 0.344081734645 1.174139523606 2.644987664583 3.483314790019 1.935712705411 1.408237995178 1.122049621661 0.896705938667 0.829812815379 0.443960092833 0.188575943714 0.051840641283 0.037272695836
0.924705988576 1.307997222933 1.038534616492 0.633366250064 1.228804530089 1.938452539396 2.511527182776 1.7707235653 1.292896383636 0.955506579528 0.716064078004 0.4917734493 0.23008410857 0.069679598051 0.058888549924
0.826834930239 1.327068730704 1.13223043995 0.854669862894 0.798445356656 1.379827143844 1.660891726478 2.274833005937 1.698840391927 1.053949269543 0.749928993509 0.393428473045 0.218197121704 0.110250289312 0.074569868443
0.528429428145 0.955155111862 1.175697136536 1.201138309278 0.93427887647 1.146178890586 1.440322271955 1.559178502324 1.949164365803 1.284855532595 0.891815135462 0.330642266203 0.192971093721 0.08438403382 0.070020357575
0.38628215038 0.688333453353 0.830299773291 1.462060078295 0.863067467715 0.924035026768 1.069972106155 1.185954466348 1.208153728645 1.317511839159 0.83145784765 0.392663091214 0.141971911816 0.051370310499 0.080395990826
0.391164277987 0.681325668681 0.981108787209 1.183635106368 0.945734201995 1.179921115787 1.065487993723 0.99069493758 1.274071588689 1.304539367105 1.154008789782 0.623786918678 0.198637874775 0.056858199222 0.076649969682
0.704435828288 0.896248553832 0.763236580117 0.872982007933 0.717899668337 1.097686990015 1.125000576899 0.839665748236 0.897077486164 0.761733705383 0.848176063363 0.749186603122 0.317861202267 0.110150519739 0.076932182314
0.588334372591 0.597428795286 0.441102025347 0.503168983556 0.443065209766 0.63724171134 0.719697933813 0.74769317146 0.566557945068 0.469606553761 0.434950848771 0.465734953786 0.378587055162 0.182834986511 0.100201299125
0.385325612624 0.590520315823 0.486947903363 0.250423882747 0.274191318074 0.336681792193 0.486210082269 0.504179945418 0.397653515412 0.197443424492 0.196420527203 0.234546117848 0.228814029829 0.307981328563 0.147295777937
0.430575229129 0.870522689039 1.002055124974 0.834907823409 0.281781284119 0.390536554999 0.423967471195 0.732609854777 0.740122538758 0.64956554421 0.536076411171 0.317725969835 0.30723610275 0.349697891851 0.577805896934

1.787407204094 1.291925288117 0.784059904414 0.525475286696 0.753252131694 1.107390715862 1.263890166171 1.039040650516 0.581559234263 0.344888409892 0.355935753517 0.294622440468 0.1831286874 0.132904357033 0.105639044328
1.201472263374 -5.153905992272 1.512189811988 0.605152495918 0.380897404697 0.852918908709 1.176042614361 1.160984049247 0.911022009051 0.405588334752 0.26270739657 0.240604742454 0.185001496476 0.122534485057 0.09046951674
0.565487291752 1.866680862311 -1.439276872633 1.426915645841 0.64573667618 0.546890220631 0.76779701947 1.009160475004 1.065331875172 0.600824843085 0.321346432782 0.166512738875 0.105343564549 0.103555765726 0.114902556681
0.332273258262 0.775148814643 3.271752091595 5.304955160973 2.201827110011 1.0587939206 0.766339315225 0.984389630794 1.068398285408 0.9323379162 0.499584153857 0.22108448294 0.106471548417 0.063006390786 0.053205960513
0.506731016792 0.445477066165 0.594326458182 3.485325454594 4.935313261638 2.207834584779 1.355457361998 1.104134779854 0.91981894836 0.985216175565 0.682391680082 0.374526467677 0.138823795854 0.044942329739 0.071481259329
0.882324416914 0.540668368063 0.337678901427 1.152169196875 2.533118224888 3.174658751856 1.865781638311 1.365193116768 1.092984357132 0.875543375126 0.812053939652 0.438174869711 0.186865425198 0.051748708219 0.037159481878
0.903621077133 1.254753164316 1.006017474677 0.627829075812 1.214523050664 1.882413779079 2.326295246547 1.716934402473 1.259967896786 0.932583163326 0.703776592193 0.485403467106 0.228984222035 0.069327639309 0.058503407048
0.815412518722 1.303239257218 1.119322943464 0.849165856765 0.792249878455 1.343987166373 1.615697763813 2.053071144263 1.631593789958 1.0205806684 0.732143736598 0.38873124413 0.217113860687 0.109146656228 0.073817348012
0.516167938017 0.938963524858 1.164838925561 1.171530929808 0.922210218642 1.119123980529 1.400577115741 1.507272897072 1.772189674761 1.238776477147 0.86568666123 0.325465946504 0.191705250354 0.083720251841 0.069364692258
0.379542324934 0.680834094111 0.824528271101 1.392541474318 0.847328268707 0.904815666878 1.043575206371 1.150122291238 1.166866422203 1.200029870039 0.805775297686 0.385027460072 0.140988087648 0.051001368305 0.079232746652
0.385035022892 0.674079129645 0.970746317507 1.131271785344 0.915496588451 1.144879863095 1.040842016211 0.96306651947 1.22230837787 1.236742384056 1.049483119847 0.604275435537 0.196549557271 0.056071748733 0.075347376331
0.661335174011 0.851490049111 0.752064783576 0.863992932573 0.708139060434 1.073538948608 1.098963291921 0.821516123039 0.865891514491 0.739535395728 0.816592655069 0.679998123456 0.312725242876 0.108426051764 0.075577260339
0.575528047979 0.581653786214 0.433587796416 0.498039207786 0.438418774407 0.626151881799 0.705800766739 0.734067805922 0.55226716896 0.452649900119 0.423009880641 0.451507076497 0.34000754115 0.176807054274 0.095949891049
0.377252978217 0.5667063671 0.471649811993 0.247985832409 0.271559360444 0.330982502077 0.470533272658 0.483997512714 0.380060022736 0.192640800468 0.190793593295 0.226887582056 0.218323988248 0.255754393936 0.14028612251
0.419410950433 0.82217910681 0.935758269585 0.79876714911 0.275611188216 0.381125423355 0.408488550076 0.684540542256 0.673313321815 0.595730076674 0.504177974265 0.30456003568 0.283925073734 0.311696066756 0.367086976689

5.226041850337 2.22640164866 1.030179594087 0.597422899925 0.88928880051 1.290614234743 1.377144428259 1.097549640464 0.596241951001 0.348762576265 0.359280851586 0.297959520699 0.184177701173 0.133403031884 0.10618425575
2.107753476644 22.766547904968 2.99117941981 0.69919191295 0.41089107991 0.972470812566 1.291799343311 1.222602667916 0.946661690615 0.410425859233 0.264230422059 0.242432106525 0.185865138638 0.122917330999 0.090901413515
0.691166732489 4.824919272882 26.605968151752 1.741087482198 0.701670690119 0.581423553962 0.802369848507 1.037151439825 1.097537152799 0.608632860585 0.323283745443 0.166859392211 0.105629776783 0.103881841267 0.11590252596
0.363589333328 0.967403256566 5.970905422201 22.041067184623 2.404232958903 1.095657700964 0.77780657172 1.000766445742 1.096247993571 0.965639069079 0.505893423004 0.221913769412 0.106810435891 0.063141222432 0.053400692022
0.552841411109 0.493376918904 0.641300128233 4.30825786939 5.487884050331 2.368513550281 1.394479696912 1.134203953632 0.944016118596 1.031856279186 0.702022274516 0.379678845371 0.140534885737 0.045059212326 0.07229560666
0.960580196311 0.576320826643 0.350484567863 1.196109850337 2.756857104279 3.791970828181 2.005643772511 1.451282873588 1.15111488619 0.917868502208 0.847571691106 0.449745315955 0.190286462231 0.051932574348 0.037385909793
0.94579090002 1.361241281551 1.071051758307 0.638903424317 1.243086009513 1.994491299714 2.696759119004 1.824512728127 1.325824870486 0.978429995731 0.728351563815 0.498143431494 0.231183995104 0.070031556794 0.059273692801
0.838257341755 1.35089820419 1.145137936436 0.860173869023 0.804640834857 1.415667121316 1.706085689144 2.496594867612 1.766086993897 1.087317870686 0.767714250421 0.398125701959 0.219280382721 0.111353922397 0.075322388875
0.540690918274 0.971346698866 1.18655534751 1.230745688748 0.946347534298 1.173233800643 1.480067428169 1.611084107577 2.126139056844 1.330934588044 0.917943609694 0.335818585903 0.194236937087 0.085047815798 0.070676022892
0.393021975825 0.695832812595 0.836071275481 1.531578682272 0.878806666722 0.943254386659 1.096369005939 1.221786641457 1.249441035088 1.434993808278 0.857140397615 0.400298722355 0.142955735984 0.051739252692 0.081559235
0.397293533082 0.688572207717 0.991471256911 1.235998427392 0.975971815539 1.214962368479 1.090133971235 1.018323355689 1.325834799507 1.372336350154 1.258534459718 0.643298401819 0.200726192278 0.057644649711 0.077952563034
0.747536482566 0.941007058553 0.774408376657 0.881971083293 0.72766027624 1.121835031422 1.151037861878 0.857815373434 0.928263457837 0.783932015039 0.879759471658 0.818375082788 0.322997161658 0.111874987715 0.078287104289
0.601140697203 0.613203804358 0.448616254277 0.508298759325 0.447711645126 0.648331540881 0.733595100887 0.761318536998 0.580848721175 0.486563207404 0.446891816902 0.479962831075 0.417166569173 0.188862918749 0.104452707201
0.39339824703 0.614334264546 0.502245994732 0.252861933085 0.276823275705 0.34238108231 0.50188689188 0.524362378123 0.415247008088 0.202246048516 0.202047461111 0.24220465364 0.23930407141 0.360208263191 0.154305433365
0.441739507826 0.918866271268 1.068351980363 0.871048497709 0.287951380023 0.399947686643 0.439446392314 0.780679167298 0.806931755702 0.703401011745 0.567974848077 0.33089190399 0.330547131766 0.387699716947 0.788524817179
