0.6870122362621667 0.3653276523198516 0.1290731304004628 0.0773715923193819 0.0983749158292423 0.2033251332322838 0.3129746892070735 0.2786050018236697 0.1795254138774651 0.1208595374560214 0.1150097168004443 0.0980681575375139 0.1043247932237758 0.0585907198187410 0.0786041084024861 
0.3520218420828436 1.6501749558367786 0.3303075949602486 0.1115970842742920 0.0619407006231775 0.1367421764890061 0.2307040744529391 0.3311273129454004 0.2618006372794509 0.1225236875903784 0.1056913171782548 0.0805684127706667 0.0807858344658542 0.0536450802142268 0.0888628122154143 
0.1149743637022837 0.3053491154533065 2.1871247993649865 0.3641206599318467 0.0682042120747672 0.0476454323246867 0.1124303433027299 0.2300575547793019 0.3266876701489714 0.1848225914191318 0.0928886971190303 0.0518510670508630 0.0473584604554989 0.0422626268612925 0.1209387684511737 
0.0638793976336811 0.0956191899115555 0.3374888482807662 1.9339727345619651 0.2947657756658757 0.0937796153364310 0.0616808310490513 0.1080509609768075 0.2204225066787352 0.2402284925131468 0.1081187856268516 0.0595402922499174 0.0275521931146319 0.0224115362370162 0.0884189725088839 
0.0772597384088664 0.0504844823825583 0.0601332787166090 0.2803926593777993 0.5714529741203678 0.2415262914789365 0.1238061451868218 0.0813418888801692 0.1038928506861514 0.1335499426904639 0.1066343436858779 0.0617857793951056 0.0275549939274634 0.0173348789873543 0.0432063133186232 
0.1577638250877879 0.1101112733373626 0.0415023283713646 0.0881344160883695 0.2386227879000008 0.3475660535150928 0.1747696762733876 0.1070234718036201 0.0903697524342033 0.1028223710677625 0.1210025227388979 0.0846834021267904 0.0527829022778630 0.0220324726366082 0.0493723962720911 
0.2303418630753311 0.1762105301498449 0.0928927935394523 0.0549837805397668 0.1160211058162575 0.1657728401641048 0.2451276839240028 0.1906167812147548 0.1270280023354043 0.1086693059857487 0.0847203296083908 0.0829455001577107 0.0689314401949960 0.0293722901623801 0.0485275278735369 
0.1817461529705443 0.2241734922667138 0.1684797252539957 0.0853740087252668 0.0675649891546835 0.0899785501764733 0.1689560669097826 0.2841922473216432 0.1712932474402318 0.1064510056938536 0.0757353245898050 0.0614292056463512 0.0629177528639115 0.0424023105248102 0.0668628664130220 
0.1123181980140920 0.1699839139212518 0.2294519550994424 0.1670324495448263 0.0827639088862911 0.0728670053015134 0.1079841466371537 0.1642812942712680 0.2654349478135581 0.1827920292923133 0.1024444522887398 0.0591991038410127 0.0616791006479876 0.0403779903278124 0.0905434853543794 
0.0805557099812625 0.0847516956335586 0.1382946200393035 0.1939369853569911 0.1133418372725342 0.0883256118037700 0.0984143972487847 0.1087649220259438 0.1947369956444872 0.2331204145243356 0.1416193913583843 0.0829030415031493 0.0461101848940244 0.0308646585476766 0.1097962486763576 
0.0847111613286922 0.0807901373969943 0.0768075303838164 0.0964557191395482 0.1000079079247963 0.1148640604464478 0.0847871583253982 0.0855122384061607 0.1206064004324453 0.1564996689907279 0.2170295401317200 0.1441881285083659 0.0694286385135351 0.0326930824164034 0.0988445087451874 
0.0764359703341205 0.0651699683245848 0.0453693224719338 0.0562084296022803 0.0613182055645094 0.0850651559555618 0.0878413373347443 0.0733953166941104 0.0737497765791330 0.0969448692654465 0.1525784400881693 0.2205242843039978 0.1078868840921011 0.0518775932589792 0.0786936546522536 
0.0961692896582563 0.0772853228926590 0.0490096137379096 0.0307627936241701 0.0323430026012453 0.0627084086712942 0.0863381163947548 0.0889090072547885 0.0908788279971621 0.0637720440508057 0.0868923259967115 0.1275991433619326 0.1974554022664565 0.0963980708251468 0.1262764121460355 
0.0556914246081847 0.0529178666640107 0.0450973278720047 0.0258019092542323 0.0209802881456355 0.0269902166944151 0.0379344372121864 0.0617835271784316 0.0613451175441933 0.0440154928185044 0.0421899743707491 0.0632658790151254 0.0993983009465387 0.0962104237802277 0.1372179078930141 
0.0320567418209940 0.0376103280487252 0.0553699974724505 0.0436757448254341 0.0224363643852084 0.0259502757891550 0.0268904854726995 0.0418006280112818 0.0590210798494922 0.0671809643889949 0.0547293864297750 0.0411759930076777 0.0558659890482719 0.0588742561750925 0.1458766630670315 

1.0616807392382546 0.4277121204455002 0.1965345261486716 0.1064535319560546 0.0882793946539187 0.2041094057380740 0.3848478214535476 0.3279140627974105 0.1707101100458914 0.1066327698384101 0.1485395792968807 0.1356275255469835 0.1071936177956424 0.0736421916274816 0.0873436315148881 
0.4121341693252452 2.6432134396228637 0.4974035115752194 0.1577489286677593 0.0484165033589430 0.1529364763971167 0.2618533244194990 0.4127286894949080 0.3099664080945979 0.1288355707381775 0.1294418512540016 0.0990289961057870 0.0964900191237319 0.0728174932015158 0.0813630320619586 
0.1750668943982808 0.4598190432198211 3.9257485904332126 0.6886891414078182 0.0872142155757904 0.0569458256924421 0.1373396297965710 0.2978792124754228 0.4628259929018101 0.2571796692510105 0.1247479556341899 0.0807219247786465 0.0602747057568172 0.0581237971472776 0.1057576828875743 
0.0878899773609431 0.1351632515017391 0.6383183673255393 3.3965871561386507 0.3867458556606726 0.1346386627345336 0.0801137403417609 0.1026334143116788 0.2948740150186125 0.3478929973252369 0.1591466478579822 0.0874443545703516 0.0323916749958554 0.0172195483349038 0.1006475187163894 
0.0693311184092260 0.0394616477737259 0.0768937368196601 0.3678876854922218 0.3781738255288308 0.1324113908804090 0.0275401899172914 0.0248337900981978 0.0429858534553532 0.1040140312173543 0.0884852285214444 0.0267740126156164 0.0000000000000000 0.0004862112487008 0.0084561651540117 
0.1583723569916292 0.1231516901968424 0.0496035872056024 0.1265338941779309 0.1308196099402928 0.1697060311694693 0.0639626229789753 0.0105785571583256 0.0215905019695456 0.0424643607417462 0.0761889978859947 0.0165467893313602 0.0197995906546744 0.0000000000000000 0.0000000000000000 
0.2832387641910597 0.2000021595928576 0.1134734761160150 0.0714153204853584 0.0258084385372981 0.0606699394406623 0.0736984496854385 0.0670979156592677 0.0665663926516167 0.0695621493340647 0.0314866835596300 0.0109753711834489 0.0321795023844369 0.0000000000000000 0.0000000000000000 
0.2139125967885174 0.2794176984669149 0.2181480539723231 0.0810934574735522 0.0206276837402467 0.0088937802149761 0.0594732523306121 0.1570896765655033 0.0936013199000706 0.0802105641092939 0.0360249690731809 0.0232343526942694 0.0240997498037256 0.0110409354484582 0.0160634471165734 
0.1068029953476613 0.2012573528451354 0.3250699020680360 0.2234505440384250 0.0342437158599648 0.0174088694402772 0.0565868546544490 0.0897697148514157 0.1779532764183029 0.1342839648813718 0.0632281323067850 0.0261965736744725 0.0449136567314413 0.0148734396055954 0.0338981417238752 
0.0710732364396759 0.0891177313768288 0.1924362404390603 0.2808547746449013 0.0882751513238909 0.0364773794206606 0.0629977060766334 0.0819540942252276 0.1430590599900289 0.1951836023065067 0.0958113330683427 0.0425672737171618 0.0228860898743189 0.0074494816556744 0.0402739413184638 
0.1094078014933911 0.0989449770040681 0.1031512195764130 0.1419790675486255 0.0829866090116811 0.0723239273069960 0.0315115207465819 0.0406755468553851 0.0744375832289547 0.1058784518626468 0.1465035264594532 0.1006505883012922 0.0391276159067925 0.0091661339621878 0.0526824695781043 
0.1057103730661382 0.0801023169936299 0.0706311218676577 0.0825509862691556 0.0265713959656093 0.0166213824632193 0.0116231896928255 0.0277602918064081 0.0326354848346991 0.0497771699406222 0.1065074490933328 0.1530730443050952 0.0752252360356609 0.0234400697089895 0.0208710204376282 
0.0988138462656082 0.0923090333002430 0.0623761840840154 0.0361662103954081 0.0000000000000000 0.0235227842486104 0.0403055211748570 0.0340553298966759 0.0661763943043714 0.0316522853892287 0.0489695553540823 0.0889698109100574 0.0410118351746327 0.0370801834873107 0.0206711850058059 
0.0699980914331001 0.0718303781196212 0.0620223618782533 0.0198244876583796 0.0005884582237254 0.0000000000000000 0.0000000000000000 0.0160875180364521 0.0225967883365221 0.0106235617611133 0.0118287701360801 0.0285856864429299 0.0382342427174707 0.0000000000000000 0.0000000000000000 
0.0356209402038360 0.0344361184459386 0.0484195656130016 0.0497162002683129 0.0043911546282087 0.0000000000000000 0.0000000000000000 0.0100423779822878 0.0220966193382512 0.0246423921594581 0.0291698473918038 0.0109206389689295 0.0091451457601887 0.0000000000000000 0.0000000000000000 

0.5796644801142704 0.3417656339807423 0.1096227242641294 0.0684941711472004 0.0986179420201818 0.1985242322004504 0.2889542161942797 0.2602115606853193 0.1776154031155624 0.1216048524341179 0.1041896279301549 0.0866450561484211 0.1012573320989145 0.0576322416291206 0.0806859276328048 
0.3293179896745919 1.3695251522908032 0.2818902761032437 0.0977625912718448 0.0638494405334838 0.1296758273608745 0.2207286670423479 0.3036333293820627 0.2440681518290935 0.1182003317799929 0.0974778992386418 0.0742202336639007 0.0751079078073166 0.0518627936646127 0.0986691990480053 
0.0976485418031977 0.2605902733582999 1.7116725263001655 0.2763639396345596 0.0620017130171562 0.0442873136162977 0.1063630136063744 0.2082298772735156 0.2859354774063352 0.1629093071513954 0.0829792428408287 0.0436038270233914 0.0431211424402907 0.0393233403685091 0.1322626662175096 
0.0565500368176522 0.0837654481912100 0.2561506609129519 1.5318672738303178 0.2655537362290890 0.0816454652462976 0.0558586296002866 0.1071699100752615 0.1971892437579061 0.2084107506303945 0.0931687534176963 0.0513555765622809 0.0257422318231617 0.0251415355997252 0.0896591102243221 
0.0774506014940362 0.0520401920436577 0.0546647512866322 0.2526050323881101 0.6058435780474596 0.2627793194645647 0.1453350932584451 0.0933397808428458 0.1164570891435577 0.1377575827159678 0.1086628830320937 0.0689614181981626 0.0344835830436528 0.0230921385899360 0.0563131434155676 
0.1540387149717421 0.1044211145266500 0.0385771844793787 0.0767306986697600 0.2596203230262735 0.3832546068804679 0.1979503771828994 0.1289464199852786 0.1051688314906654 0.1152763996804287 0.1292368329785317 0.0994539600027491 0.0596657395265486 0.0293899919580243 0.0729370911578345 
0.2126633711827905 0.1685913676688653 0.0878798122724490 0.0497937297367448 0.1361962946856093 0.1877602392867840 0.2815629954330339 0.2165520366761309 0.1389587359312998 0.1157853978272398 0.0961475807716498 0.1013074634162491 0.0763713629874936 0.0391263589050088 0.0732875546566418 
0.1697473117979041 0.2055600403684304 0.1524945031532235 0.0846778663987572 0.0775307946147893 0.1084099751689193 0.1919441728316729 0.3088842471484381 0.1864411879139281 0.1104656738715525 0.0837456883821202 0.0693926249591143 0.0710000719382718 0.0531553988128616 0.0939199729995959 
0.1111232197526250 0.1584704305633562 0.2008292945162523 0.1494266756378941 0.0927729276016957 0.0847998096195277 0.1181262417848542 0.1788091481344582 0.2808469689838931 0.1905307286611097 0.1097283831695154 0.0659412119297307 0.0643877147157873 0.0498089392390536 0.1128073585071092 
0.0810524798554818 0.0817611576978873 0.1218978727674970 0.1682504530183254 0.1169127983786531 0.0990237671294284 0.1048589574950716 0.1128668566996588 0.2029813981554159 0.2371288831046869 0.1496299880581278 0.0909041288083109 0.0507537500213061 0.0389804430947237 0.1537444857151414 
0.0767415538956764 0.0745118244612104 0.0686136302197880 0.0831183874304197 0.1019103904566510 0.1226806438340604 0.0962234234825556 0.0945566855256326 0.1291816689306657 0.1653519576491049 0.2293854780367696 0.1515843352026707 0.0752771374391639 0.0414481869030569 0.1219094771820162 
0.0675326131096682 0.0600350697076251 0.0381530448986534 0.0484817289402788 0.0684395415659352 0.0999022996899133 0.1072871108324585 0.0829099714300530 0.0821490416516363 0.1063011528072372 0.1604050322747876 0.2320478396268072 0.1134418817097763 0.0635460644055219 0.1006446785037687 
0.0933416247445146 0.0718534251092500 0.0446245615801187 0.0287419212585628 0.0404755166710280 0.0708855219481744 0.0956567802469758 0.1003301234343840 0.0948697369013485 0.0701942616266058 0.0942119233000358 0.1341691072955265 0.2313005625064772 0.1189740880566674 0.1647200558371039 
0.0547803756229363 0.0511597408188651 0.0419608932365086 0.0289448975382924 0.0279482609523397 0.0360033240334623 0.0505318583269524 0.0774516290878350 0.0756732865495455 0.0555892562507251 0.0534883166072037 0.0774958391476895 0.1226769592821736 0.1528952697275748 0.2276045313147991 
0.0329057603130375 0.0417607866776101 0.0605544738709632 0.0442883275876058 0.0292425367568583 0.0383359482973781 0.0406107215879584 0.0587159071215221 0.0735338615252053 0.0940715456525185 0.0675002685616691 0.0526617374252611 0.0728738541033634 0.0976552382192495 0.2483883817890740 

