13.8458164769860907 7.0945313112438955 2.3171551471065652 1.2874041678041575 1.5570671126458742 3.1795197429922935 4.6422334199751472 3.6628516154523321 2.2636236658461129 1.6234930292395129 1.7072406158161240 1.5404651644119001 1.9381639293280517 1.1223864783866537 0.6460609297419148 
7.0945313112438972 32.0458027714930225 5.9297697469324442 1.8568901983619293 0.9803904487400292 2.1383212342462072 3.4219449734520677 4.3533684076141625 3.3010263309229861 1.6458473771015483 1.5689153442478869 1.2655772917696981 1.5008531100227631 1.0276458942761857 0.7303790125753266 
2.3171551471065652 5.9297697469324433 39.2638457786627058 6.0586895154596805 1.0795286041197982 0.7450608310517072 1.6676361223379579 3.0245928129592832 4.1191824907535599 2.4827017803549749 1.3788692023910645 0.8144821370676379 0.8798336135349105 0.8095992177082382 0.9940169130515342 
1.2874041678041575 1.8568901983619293 6.0586895154596796 32.1798283356638564 4.6655195722816165 1.4664893302283672 0.9148880888521231 1.4205582612460188 2.7792923120270210 3.2269632271406601 1.6049494537505424 0.9352653133593972 0.5118693765739498 0.4293240518313872 0.7267310163155237 
1.5570671126458742 0.9803904487400293 1.0795286041197982 4.6655195722816174 9.0448934560816667 3.7768946711161306 1.8363690247306106 1.0694110555748078 1.3099778490743754 1.7939618633093026 1.5829139280231941 0.9705376669056933 0.5119214105558532 0.3320736430627023 0.3551202541528643 
3.1795197429922935 2.1383212342462072 0.7450608310517073 1.4664893302283670 3.7768946711161306 5.4351034305368797 2.5922915174069008 1.4070497443377286 1.1394660280596329 1.3812017337823610 1.7961997227982280 1.3302159870833061 0.9806098255164022 0.4220625629665510 0.4058003695659823 
4.6422334199751480 3.4219449734520686 1.6676361223379579 0.9148880888521230 1.8363690247306106 2.5922915174069003 3.6358848357868809 2.5060604814506622 1.6016873940078424 1.4597429749750293 1.2576153712623988 1.3029168360667689 1.2806201369218464 0.5626669448590688 0.3988562482703806 
3.6628516154523321 4.3533684076141617 3.0245928129592827 1.4205582612460186 1.0694110555748075 1.4070497443377286 2.5060604814506626 3.7363077668646225 2.1598248422365240 1.4299447882827951 1.1242391146487307 0.9649365681159069 1.1688968206592965 0.8122750519643933 0.5495576060581606 
2.2636236658461124 3.3010263309229861 4.1191824907535599 2.7792923120270210 1.3099778490743754 1.1394660280596327 1.6016873940078424 2.1598248422365245 3.3468511038972126 2.4554254600271137 1.5207178547864935 0.9299058891424401 1.1458849270173259 0.7734963917249507 0.7441927593732953 
1.6234930292395131 1.6458473771015485 2.4827017803549745 3.2269632271406605 1.7939618633093029 1.3812017337823608 1.4597429749750297 1.4299447882827949 2.4554254600271133 3.1314811881635962 2.1022430420701523 1.3022498909551048 0.8566429357262112 0.5912553305558218 0.9024345920801575 
1.7072406158161240 1.5689153442478865 1.3788692023910645 1.6049494537505420 1.5829139280231943 1.7961997227982280 1.2576153712623985 1.1242391146487307 1.5207178547864937 2.1022430420701519 3.2216551440402870 2.2649226279581933 1.2898571726919341 0.6262813250028456 0.8124203240473216 
1.5404651644118998 1.2655772917696984 0.8144821370676382 0.9352653133593970 0.9705376669056934 1.3302159870833061 1.3029168360667689 0.9649365681159067 0.9299058891424400 1.3022498909551043 2.2649226279581929 3.4640191720459903 2.0043410653724831 0.9937872309002816 0.6467969260473931 
1.9381639293280515 1.5008531100227629 0.8798336135349103 0.5118693765739497 0.5119214105558532 0.9806098255164020 1.2806201369218464 1.1688968206592962 1.1458849270173259 0.8566429357262111 1.2898571726919343 2.0043410653724831 3.6683603820130855 1.8466387095332424 1.0378879411468598 
1.1223864783866535 1.0276458942761859 0.8095992177082381 0.4293240518313872 0.3320736430627022 0.4220625629665510 0.5626669448590688 0.8122750519643930 0.7734963917249505 0.5912553305558218 0.6262813250028455 0.9937872309002815 1.8466387095332422 1.8430440702016553 1.1278180104361721 
0.6460609297419148 0.7303790125753266 0.9940169130515344 0.7267310163155237 0.3551202541528642 0.4058003695659823 0.3988562482703807 0.5495576060581606 0.7441927593732952 0.9024345920801575 0.8124203240473217 0.6467969260473931 1.0378879411468598 1.1278180104361721 1.1989858352716023 

21.3967610717115093 8.3060151932940176 3.5282400561341873 1.7713054185569159 1.3972763379894373 3.1917838929102338 5.7082999998579735 4.3111234428131837 2.1524721027120255 1.4323864062788965 2.2049685008084037 2.1304517560717060 1.9914614450282280 1.4107182908342744 0.7178926004045746 
8.3060151932940176 51.3302521466046144 8.9295200593606054 2.6248216192216076 0.7663309742533915 2.3915614287230613 3.8839698406011527 5.4261909770620331 3.9083452410763120 1.7306342173255147 1.9214757847869703 1.5555581199666315 1.7926081502471676 1.3949200489810540 0.6687370063586602 
3.5282400561341869 8.9295200593606037 70.4760822360595967 11.4592610077095411 1.3804168032426847 0.8904967831166719 2.0371060066995565 3.9162518529219530 5.8357412918504359 3.4546665416709086 1.8517981134433523 1.2679886748990421 1.1197938374835035 1.1134419271928131 0.8692409127502522 
1.7713054185569164 2.6248216192216072 11.4592610077095394 56.5166145614864135 6.1213699419737511 2.1054273002515331 1.1882963563474269 1.3493331596711589 3.7180462889492847 4.6732088171716182 2.3624231817348833 1.3735853249672878 0.6017781022850532 0.3298643245007451 0.8272395786893839 
1.3972763379894375 0.7663309742533917 1.3804168032426845 6.1213699419737502 5.9856928123478594 2.0705980849911154 0.4084930648878282 0.3264926601589105 0.5420056864179966 1.3972091750386111 1.3135027216326267 0.4205690693241042 0.0000000000000000 0.0093140506358273 0.0695027019895461 
3.1917838929102333 2.3915614287230618 0.8904967831166720 2.1054273002515327 2.0705980849911154 2.6537972361329230 0.9487330326121423 0.1390774929484265 0.2722331627605579 0.5704191419764723 1.1309735845623488 0.2599187461849921 0.3678401963379593 0.0000000000000000 0.0000000000000000 
5.7082999998579735 3.8839698406011527 2.0371060066995565 1.1882963563474271 0.4084930648878282 0.9487330326121424 1.0931408127503213 0.8821439211690171 0.8393310924716866 0.9344207906129591 0.4673982905602848 0.1724023107921211 0.5978363230633046 0.0000000000000000 0.0000000000000000 
4.3111234428131837 5.4261909770620322 3.9162518529219521 1.3493331596711589 0.3264926601589105 0.1390774929484265 0.8821439211690170 2.0652758271117073 1.1802126412300036 1.0774597888080857 0.5347660362643086 0.3649677106403306 0.4477292916864053 0.2115044275685036 0.1320282843977311 
2.1524721027120259 3.9083452410763124 5.8357412918504377 3.7180462889492842 0.5420056864179965 0.2722331627605579 0.8393310924716864 1.1802126412300036 2.2438006921419453 1.8038219036117047 0.9385783961509773 0.4114985963414053 0.8344136299832391 0.2849213587418860 0.2786147620492234 
1.4323864062788962 1.7306342173255149 3.4546665416709086 4.6732088171716182 1.3972091750386113 0.5704191419764724 0.9344207906129595 1.0774597888080855 1.8038219036117045 2.6218801133652980 1.4222537349046789 0.6686513130440961 0.4251817090365029 0.1427051503580248 0.3310185752549685 
2.2049685008084032 1.9214757847869703 1.8517981134433525 2.3624231817348833 1.3135027216326267 1.1309735845623490 0.4673982905602847 0.5347660362643087 0.9385783961509772 1.4222537349046789 2.1747446884497030 1.5810302645524257 0.7269195696221588 0.1755900055515196 0.4330064416283574 
2.1304517560717056 1.5555581199666317 1.2679886748990423 1.3735853249672878 0.4205690693241041 0.2599187461849920 0.1724023107921211 0.3649677106403306 0.4114985963414052 0.6686513130440962 1.5810302645524259 2.4044878407374668 1.3975473571921626 0.4490270366228737 0.1715425712807920 
1.9914614450282278 1.7926081502471678 1.1197938374835033 0.6017781022850534 0.0000000000000000 0.3678401963379593 0.5978363230633046 0.4477292916864053 0.8344136299832392 0.4251817090365029 0.7269195696221589 1.3975473571921624 0.7619249188495416 0.7103223290481145 0.1699000888774876 
1.4107182908342741 1.3949200489810538 1.1134419271928131 0.3298643245007451 0.0093140506358273 0.0000000000000000 0.0000000000000000 0.2115044275685036 0.2849213587418859 0.1427051503580248 0.1755900055515196 0.4490270366228736 0.7103223290481145 0.0000000000000000 0.0000000000000000 
0.7178926004045745 0.6687370063586603 0.8692409127502521 0.8272395786893839 0.0695027019895461 0.0000000000000000 0.0000000000000000 0.1320282843977311 0.2786147620492234 0.3310185752549685 0.4330064416283575 0.1715425712807920 0.1699000888774876 0.0000000000000000 0.0000000000000000 

11.6823654460020627 6.6369654089602106 1.9679762858495018 1.1396906637412925 1.5609137038854572 3.1044451106917821 4.2859469647793258 3.4210309548527982 2.2395404707748305 1.6335047643246965 1.5466237940379257 1.3610298594026129 1.8811761096247368 1.1040254996653367 0.6631717665013291 
6.6369654089602097 26.5956847579566649 5.0605691685430747 1.6266948073030538 1.0106017695414757 2.0278204013850605 3.2739835847000367 3.9919018817047349 3.0774386346032983 1.5877722084485404 1.4469927703012837 1.1658594117057257 1.3953676132114472 0.9935037241494847 0.8109794229512327 
1.9679762858495018 5.0605691685430738 30.7284001881084343 4.5984847545548222 0.9813561460555217 0.6925478703424343 1.5776417500844453 2.7376218566221691 3.6053408795022572 2.1883430147560294 1.2317701285478251 0.6849336038446744 0.8011119915657916 0.7532931094062644 1.0870900114926578 
1.1396906637412927 1.6266948073030536 4.5984847545548231 25.4891007633807831 4.2031546948438843 1.2767401872538218 0.8285296097950491 1.4089749849340385 2.4863456887800757 2.7995589590117418 1.3830264466752782 0.8066989191901519 0.4782436047875346 0.4816209749650864 0.7369239253342422 
1.5609137038854572 1.0106017695414760 0.9813561460555218 4.2031546948438852 9.5892240703192790 4.1092412974501897 2.1556996469231109 1.2271487044678684 1.4683994725161191 1.8504826344022784 1.6130262077416964 1.0832533728603320 0.6406419293430669 0.4423619336058153 0.4628475855926215 
3.1044451106917816 2.0278204013850605 0.6925478703424341 1.2767401872538215 4.1092412974501897 5.9931872159507078 2.9361219553672862 1.6952732350756594 1.3260666037742239 1.5484953463859212 1.9184324286549472 1.5622334985588364 1.1084803582499170 0.5630060472994510 0.5994827227709000 
4.2859469647793249 3.2739835847000367 1.5776417500844453 0.8285296097950491 2.1556996469231104 2.9361219553672866 4.1763158245769052 2.8470342318932134 1.7521211979761637 1.5553326631640390 1.4272451021737305 1.5913485294955920 1.4188403005839401 0.7495196563439103 0.6023632436302002 
3.4210309548527982 3.9919018817047349 2.7376218566221686 1.4089749849340383 1.2271487044678679 1.6952732350756590 2.8470342318932129 4.0609362942144873 2.3508241877024050 1.4838733895202068 1.2431474886031881 1.0900268150314150 1.3190515327960770 1.0182653680544553 0.7719447025180597 
2.2395404707748305 3.0774386346032987 3.6053408795022581 2.4863456887800752 1.4683994725161194 1.3260666037742237 1.7521211979761633 2.3508241877024054 3.5411802248065434 2.5593785674531029 1.6288428288183345 1.0358116480162811 1.1962060244521351 0.9541592948106132 0.9271834309938864 
1.6335047643246965 1.5877722084485408 2.1883430147560294 2.7995589590117427 1.8504826344022784 1.5484953463859212 1.5553326631640387 1.4838733895202070 2.5593785674531020 3.1853265108837325 2.2211548733761481 1.4279318307458551 0.9429118863281855 0.7467244366751038 1.2636528471923381 
1.5466237940379259 1.4469927703012839 1.2317701285478251 1.3830264466752782 1.6130262077416964 1.9184324286549477 1.4272451021737305 1.2431474886031881 1.6288428288183343 2.2211548733761481 3.4050705947069844 2.3811030380674403 1.3985115903820164 0.7939974910284934 1.0019953380715791 
1.3610298594026127 1.1658594117057259 0.6849336038446745 0.8066989191901516 1.0832533728603320 1.5622334985588364 1.5913485294955922 1.0900268150314150 1.0358116480162811 1.4279318307458548 2.3811030380674398 3.6450324182484652 2.1075427653460190 1.2173129748890976 0.8272162344845624 
1.8811761096247366 1.3953676132114472 0.8011119915657916 0.4782436047875345 0.6406419293430669 1.1084803582499172 1.4188403005839401 1.3190515327960770 1.1962060244521351 0.9429118863281855 1.3985115903820164 2.1075427653460190 4.2971415828425963 2.2791136228791236 1.3538629797357205 
1.1040254996653367 0.9935037241494846 0.7532931094062644 0.4816209749650864 0.4423619336058154 0.5630060472994511 0.7495196563439102 1.0182653680544553 0.9541592948106130 0.7467244366751038 0.7939974910284933 1.2173129748890976 2.2791136228791231 2.9289208919501819 1.8707214941205410 
0.6631717665013291 0.8109794229512327 1.0870900114926578 0.7369239253342421 0.4628475855926215 0.5994827227708999 0.6023632436302002 0.7719447025180598 0.9271834309938863 1.2636528471923378 1.0019953380715791 0.8272162344845626 1.3538629797357207 1.8707214941205412 2.0415476002099564 

