0.0814861272006788 0.00446285763293653 0.00464897440298364 0.00554047626441303 0.0169405911207979 0.0160265556952615 0.016035974087938 0.0167049226128602 0.0167143576021695 0.0160267394563732 0.016013833098885 0.0160613806980993 0.0178851186935151 0.0030309576979557 0.00388892941491098
0.00400691470091786 0.201128456820723 0.2084248787824 0.24629083747481 0.0552558802357852 0.0553064817777193 0.0552166142664305 0.0550511351343509 0.0550711315078492 0.0553068525767054 0.0568392296760437 0.0570730960210529 0.0638316044256116 0.00778890933889953 0.0113576541175542
0.00398172049924474 0.198001912665598 0.201128456820723 0.234793963357643 0.0548007760777329 0.0554931383133476 0.0553757403359276 0.0547132820892484 0.0547316655552921 0.0554934782952024 0.0573938758461286 0.0576529950672963 0.0649552985300067 0.00758398610130689 0.0107637390458683
0.00391662794943111 0.191241080989721 0.192495767100393 0.201128456820723 0.0556284537614866 0.0585678244198017 0.0583548973463925 0.055954122655352 0.0559671767618563 0.0585680626789027 0.0617223482629761 0.0620659619761378 0.0710665693040043 0.00710513531752051 0.00898613179522982
0.00750108383619404 0.0228035571236165 0.0235413630966222 0.0282203864634754 0.262404731045043 0.235830184228404 0.236718784842953 0.25683590125901 0.256949438750135 0.235832179316626 0.225025529159249 0.224562808951136 0.217246584700767 0.0163793150425082 0.0344949717887952
0.00777133614858878 0.0268837227389458 0.0282763140945477 0.0368207318752638 0.287969198080017 0.262404731045043 0.26404776291184 0.298488133589486 0.298656201636641 0.262407727945447 0.241710906370354 0.240612677343382 0.219811208993186 0.0222668208172692 0.0488953849415131
0.00775248944362706 0.0266168721981391 0.0279681249519266 0.0362731274023907 0.286335463741638 0.261609829210443 0.262404731045043 0.296048649644561 0.296213640777447 0.260806903021851 0.240669417697015 0.23960741722505 0.219590904013001 0.0219229591225995 0.0480796185505305
0.00753263895037506 0.0233091147856125 0.0241311655600069 0.0293166544274724 0.265509783708789 0.252099747713414 0.252467689376981 0.262404731045043 0.262526040363898 0.239238422506483 0.227036068271033 0.226484609972231 0.217324360000129 0.0171910408379265 0.0365358254771791
0.00753237128489847 0.0233037538723768 0.0241249332899145 0.0293050056403603 0.265443667997337 0.252061313005666 0.252428182011821 0.26234413241493 0.262404731045043 0.239152008706983 0.226972104134718 0.226422130217092 0.217293003553093 0.0171794546730542 0.0365053981704312
0.00777132369910761 0.0268834967184241 0.0282760527355546 0.0368202560802337 0.287966694941994 0.262403232629067 0.263230335894374 0.282436462196592 0.282529773919585 0.262404731045043 0.241708664932155 0.240610485929715 0.219810085445898 0.0222664099779149 0.0488943412785423
0.00813745002875395 0.0318221587480197 0.0339547296765893 0.0467273412174295 0.319273867384093 0.278971989172187 0.280375942838186 0.310869824734891 0.311002365455269 0.278974162111272 0.262404731045043 0.260680782775843 0.226115987460188 0.0282526705018222 0.0628589170217255
0.00817686127528571 0.032312203254707 0.0345156924784884 0.0476850426657461 0.322126467733491 0.280521914750637 0.281977535193589 0.313471225270972 0.313607348809819 0.280524150489584 0.263300551649506 0.262404731045043 0.226655735704632 0.028779608760056 0.0640478390029235
0.0101929291150483 0.054111041072519 0.0592412966850816 0.0883127862612504 0.450902562192142 0.358470986340533 0.361991278128524 0.43259748042031 0.43287333015504 0.358475714796557 0.314543936903234 0.311912536187407 0.262404731045043 0.0496736588003674 0.109833933290098
0.00403138237743449 0.0141238212281722 0.0144412143571292 0.0163660412544774 0.0740510947788329 0.0791103688554086 0.078812663126521 0.074776162452792 0.0747849949727032 0.0791105171301106 0.0832624392148906 0.083658030014163 0.0928804725990559 0.0442999977241785 0.06845167898631
0.00376657824596732 0.0128853453068434 0.012928473539889 0.0132494352646699 0.0868578132796731 0.0927164372919606 0.0924221144987861 0.0878336991174931 0.0878365715714578 0.09271648241147 0.0965539042033444 0.0968804812073812 0.103660717236744 0.0417977581498501 0.0442999977241785
