eta 0.843137 0.664281 1.021994
Age_group Prob_SP Prob_SP_low Prob_SP_high Prob_SN Prob_SN_low Prob_SN_high Prob_EP Prob_EP_low Prob_EP_high
0 0-4 0.022114 0.017460 0.026726 0.918754 0.914295 0.923252 0.059132 0.058019 0.060244 
1 5-14 0.143731 0.116751 0.169120 0.653282 0.633835 0.673938 0.202987 0.196678 0.209656 
2 15-24 0.456306 0.398022 0.504308 0.360000 0.328199 0.398605 0.183695 0.167436 0.203420 
3 25-34 0.439602 0.381960 0.487414 0.367777 0.336389 0.405614 0.192621 0.176165 0.212453 
4 35-44 0.436498 0.378985 0.484267 0.363635 0.332796 0.400759 0.199867 0.182897 0.220289 
5 45-54 0.425960 0.368919 0.473553 0.392534 0.359971 0.431555 0.181506 0.166406 0.199584 
6 55-64 0.355909 0.303273 0.401166 0.446606 0.415185 0.483138 0.197485 0.183494 0.213722 
7 65+ 0.314288 0.265242 0.357220 0.494450 0.463423 0.529877 0.191262 0.179057 0.205144 
