eta 0.843137 0.664281 1.021994
Age_group Prob_SP Prob_SP_low Prob_SP_high Prob_SN Prob_SN_low Prob_SN_high Prob_EP Prob_EP_low Prob_EP_high
0 0-4 0.028417 0.019939 0.036810 0.739818 0.724930 0.754962 0.231765 0.217604 0.245655 
1 5-14 0.106082 0.083873 0.127423 0.478414 0.462408 0.494737 0.415504 0.400413 0.430807 
2 15-24 0.349648 0.297032 0.395149 0.409826 0.380451 0.443585 0.240525 0.222328 0.261160 
3 25-34 0.315305 0.266023 0.358461 0.465350 0.435768 0.499064 0.219345 0.204869 0.235699 
4 35-44 0.284877 0.238623 0.325921 0.487684 0.459357 0.519525 0.227439 0.213516 0.242917 
5 45-54 0.246697 0.204455 0.284863 0.508522 0.481854 0.537853 0.244782 0.230241 0.260433 
6 55-64 0.210453 0.172094 0.245760 0.536524 0.510403 0.564562 0.253023 0.236981 0.269662 
7 65+ 0.171797 0.138645 0.202834 0.565197 0.541123 0.590565 0.263006 0.247084 0.279207 
